SweepName,StimAmp,Var3_1,Var3_2,Var3_3,Var3_4,Var3_5,Var3_6,Var3_7,Var3_8,Var3_9,Var3_10,Var3_11,Var3_12,Var3_13,Var3_14,Var3_15,Var3_16,Var3_17,Var3_18,Var3_19,Var3_20,Var3_21,Var3_22,Var3_23,Var3_24,Var3_25,Var3_26,Var3_27,Var3_28,Var3_29,Var3_30,Var3_31,Var3_32,Var3_33,Var3_34,Var3_35,Var3_36,Var3_37,Var3_38,Var3_39,Var3_40,Var3_41,Var3_42,Var3_43,Var3_44,Var3_45,Var3_46,Var3_47,Var3_48,Var3_49,Var3_50,Var3_51,Var3_52,Var3_53,Var3_54,Var3_55,Var3_56,Var3_57,Var3_58,Var3_59,Var3_60,Var3_61,Var3_62,Var3_63,Var3_64,Var3_65,Var3_66,Var3_67,Var3_68,Var3_69,Var3_70,Var3_71,Var3_72,Var3_73,Var3_74,Var3_75,Var3_76,Var3_77,Var3_78,Var3_79,Var3_80,Var3_81,Var3_82,Var3_83,Var3_84,Var3_85,Var3_86,Var3_87,Var3_88,Var3_89,Var3_90,Var3_91,Var3_92,Var3_93,Var3_94,Var3_95,Var3_96,Var3_97,Var3_98,Var3_99,Var3_100,Var3_101,Var3_102,Var3_103,Var3_104,Var3_105,Var3_106,Var3_107,Var3_108,Var3_109,Var3_110,Var3_111,Var3_112,Var3_113,Var3_114,Var3_115,Var3_116,Var3_117,Var3_118,Var3_119,Var3_120,Var3_121,Var3_122,Var3_123,Var3_124,Var3_125,Var3_126,Var3_127,Var3_128,Var3_129,Var3_130,Var3_131,Var3_132,Var3_133,Var3_134,Var3_135,Var3_136,Var3_137,Var3_138,Var3_139,Var3_140,Var3_141,Var3_142,Var3_143,Var3_144,Var3_145,Var3_146,Var3_147,Var3_148,Var3_149,Var3_150,Var3_151,Var3_152,Var3_153,Var3_154,Var3_155,Var3_156,Var3_157,Var3_158,Var3_159,Var3_160,Var3_161,Var3_162,Var3_163,Var3_164,Var3_165,Var3_166,Var3_167,Var3_168,Var3_169,Var3_170,Var3_171,Var3_172,Var3_173,Var3_174,Var3_175,Var3_176,Var3_177,Var3_178,Var3_179,Var3_180,Var3_181,Var3_182,Var3_183,Var3_184,Var3_185,Var3_186,Var3_187,Var3_188,Var3_189,Var3_190,Var3_191,Var3_192,Var3_193,Var3_194,Var3_195,Var3_196,Var3_197,Var3_198,Var3_199,Var3_200,Var3_201,Var3_202,Var3_203,Var3_204,Var3_205,Var3_206,Var3_207,Var3_208,Var3_209,Var3_210,Var3_211,Var3_212,Var3_213,Var3_214,Var3_215,Var3_216,Var3_217,Var3_218,Var3_219,Var3_220,Var3_221,Var3_222,Var3_223,Var3_224,Var3_225,Var3_226,Var3_227,Var3_228,Var3_229,Var3_230,Var3_231,Var3_232,Var3_233,Var3_234,Var3_235,Var3_236,Var3_237,Var3_238,Var3_239,Var3_240,Var3_241,Var3_242,Var3_243,Var3_244,Var3_245,Var3_246,Var3_247,Var3_248,Var3_249,Var3_250,Var3_251,Var3_252,Var3_253,Var3_254,Var3_255,Var3_256,Var3_257,Var3_258,Var3_259,Var3_260,Var3_261,Var3_262,Var3_263,Var3_264,Var3_265,Var3_266,Var3_267,Var3_268,Var3_269,Var3_270,Var3_271,Var3_272,Var3_273,Var3_274,Var3_275,Var3_276,Var3_277,Var3_278,Var3_279,Var3_280,Var3_281,Var3_282,Var3_283,Var3_284,Var3_285,Var3_286,Var3_287,Var3_288,Var3_289,Var3_290,Var3_291,Var3_292,Var3_293,Var3_294,Var3_295,Var3_296,Var3_297,Var3_298,Var3_299,Var3_300,Var3_301,Var3_302,Var3_303,Var3_304,Var3_305,Var3_306,Var3_307,Var3_308,Var3_309,Var3_310,Var3_311,Var3_312,Var3_313,Var3_314,Var3_315,Var3_316,Var3_317,Var3_318,Var3_319,Var3_320,Var3_321,Var3_322,Var3_323,Var3_324,Var3_325,Var3_326,Var3_327,Var3_328,Var3_329,Var3_330,Var3_331,Var3_332,Var3_333,Var3_334,Var3_335,Var3_336,Var3_337,Var3_338,Var3_339,Var3_340,Var3_341,Var3_342,Var3_343,Var3_344,Var3_345,Var3_346,Var3_347,Var3_348,Var3_349,Var3_350,Var3_351,Var3_352,Var3_353,Var3_354,Var3_355,Var3_356,Var3_357,Var3_358,Var3_359,Var3_360,Var3_361,Var3_362,Var3_363,Var3_364,Var3_365,Var3_366,Var3_367,Var3_368,Var3_369,Var3_370,Var3_371,Var3_372,Var3_373,Var3_374,Var3_375,Var3_376,Var3_377,Var3_378,Var3_379,Var3_380,Var3_381,Var3_382,Var3_383,Var3_384,Var3_385,Var3_386,Var3_387,Var3_388,Var3_389,Var3_390,Var3_391,Var3_392,Var3_393,Var3_394,Var3_395,Var3_396,Var3_397,Var3_398,Var3_399,Var3_400,Var3_401,Var3_402,Var3_403,Var3_404,Var3_405,Var3_406,Var3_407,Var3_408,Var3_409,Var3_410,Var3_411,Var3_412,Var3_413,Var3_414,Var3_415,Var3_416,Var3_417,Var3_418,Var3_419,Var3_420,Var3_421,Var3_422,Var3_423,Var3_424,Var3_425,Var3_426,Var3_427,Var3_428,Var3_429,Var3_430,Var3_431,Var3_432,Var3_433,Var3_434,Var3_435,Var3_436,Var3_437,Var3_438,Var3_439,Var3_440,Var3_441,Var3_442,Var3_443,Var3_444,Var3_445,Var3_446,Var3_447,Var3_448,Var3_449,Var3_450,Var3_451,Var3_452,Var3_453,Var3_454,Var3_455,Var3_456,Var3_457,Var3_458,Var3_459,Var3_460,Var3_461,Var3_462,Var3_463,Var3_464,Var3_465,Var3_466,Var3_467,Var3_468,Var3_469,Var3_470,Var3_471,Var3_472,Var3_473,Var3_474,Var3_475,Var3_476,Var3_477,Var3_478,Var3_479,Var3_480,Var3_481,Var3_482,Var3_483,Var3_484,Var3_485,Var3_486,Var3_487,Var3_488,Var3_489,Var3_490,Var3_491,Var3_492,Var3_493,Var3_494,Var3_495,Var3_496,Var3_497,Var3_498,Var3_499,Var3_500,Var3_501,Var3_502,Var3_503,Var3_504,Var3_505,Var3_506,Var3_507,Var3_508,Var3_509,Var3_510,Var3_511,Var3_512,Var3_513,Var3_514,Var3_515,Var3_516,Var3_517,Var3_518,Var3_519,Var3_520,Var3_521,Var3_522,Var3_523,Var3_524,Var3_525,Var3_526,Var3_527,Var3_528,Var3_529,Var3_530,Var3_531,Var3_532,Var3_533,Var3_534,Var3_535,Var3_536,Var3_537,Var3_538,Var3_539,Var3_540,Var3_541,Var3_542,Var3_543,Var3_544,Var3_545,Var3_546,Var3_547,Var3_548,Var3_549,Var3_550,Var3_551,Var3_552,Var3_553,Var3_554,Var3_555,Var3_556,Var3_557,Var3_558,Var3_559,Var3_560,Var3_561,Var3_562,Var3_563,Var3_564,Var3_565,Var3_566,Var3_567,Var3_568,Var3_569,Var3_570,Var3_571,Var3_572,Var3_573,Var3_574,Var3_575,Var3_576,Var3_577,Var3_578,Var3_579,Var3_580,Var3_581,Var3_582,Var3_583,Var3_584,Var3_585,Var3_586,Var3_587,Var3_588,Var3_589,Var3_590,Var3_591,Var3_592,Var3_593,Var3_594,Var3_595,Var3_596,Var3_597,Var3_598,Var3_599,Var3_600,Var3_601,Var3_602,Var3_603,Var3_604,Var3_605,Var3_606,Var3_607,Var3_608,Var3_609,Var3_610,Var3_611,Var3_612,Var3_613,Var3_614,Var3_615,Var3_616,Var3_617,Var3_618,Var3_619,Var3_620,Var3_621,Var3_622,Var3_623,Var3_624,Var3_625,Var3_626,Var3_627,Var3_628,Var3_629,Var3_630,Var3_631,Var3_632,Var3_633,Var3_634,Var3_635,Var3_636,Var3_637,Var3_638,Var3_639,Var3_640,Var3_641,Var3_642,Var3_643,Var3_644,Var3_645,Var3_646,Var3_647,Var3_648,Var3_649,Var3_650,Var3_651,Var3_652,Var3_653,Var3_654,Var3_655,Var3_656,Var3_657,Var3_658,Var3_659,Var3_660,Var3_661,Var3_662,Var3_663,Var3_664,Var3_665,Var3_666,Var3_667,Var3_668,Var3_669,Var3_670,Var3_671,Var3_672,Var3_673,Var3_674,Var3_675,Var3_676,Var3_677,Var3_678,Var3_679,Var3_680,Var3_681,Var3_682,Var3_683,Var3_684,Var3_685,Var3_686,Var3_687,Var3_688,Var3_689,Var3_690,Var3_691,Var3_692,Var3_693,Var3_694,Var3_695,Var3_696,Var3_697,Var3_698,Var3_699,Var3_700,Var3_701,Var3_702,Var3_703,Var3_704,Var3_705,Var3_706,Var3_707,Var3_708,Var3_709,Var3_710,Var3_711,Var3_712,Var3_713,Var3_714,Var3_715,Var3_716,Var3_717,Var3_718,Var3_719,Var3_720,Var3_721,Var3_722,Var3_723,Var3_724,Var3_725,Var3_726,Var3_727,Var3_728,Var3_729,Var3_730,Var3_731,Var3_732,Var3_733,Var3_734,Var3_735,Var3_736,Var3_737,Var3_738,Var3_739,Var3_740,Var3_741,Var3_742,Var3_743,Var3_744,Var3_745,Var3_746,Var3_747,Var3_748,Var3_749,Var3_750,Var3_751,Var3_752,Var3_753,Var3_754,Var3_755,Var3_756,Var3_757,Var3_758,Var3_759,Var3_760,Var3_761,Var3_762,Var3_763,Var3_764,Var3_765,Var3_766,Var3_767,Var3_768,Var3_769,Var3_770,Var3_771,Var3_772,Var3_773,Var3_774,Var3_775,Var3_776,Var3_777,Var3_778,Var3_779,Var3_780,Var3_781,Var3_782,Var3_783,Var3_784,Var3_785,Var3_786,Var3_787,Var3_788,Var3_789,Var3_790,Var3_791,Var3_792,Var3_793,Var3_794,Var3_795,Var3_796,Var3_797,Var3_798,Var3_799,Var3_800,Var3_801,Var3_802,Var3_803,Var3_804,Var3_805,Var3_806,Var3_807,Var3_808,Var3_809,Var3_810,Var3_811,Var3_812,Var3_813,Var3_814,Var3_815,Var3_816,Var3_817,Var3_818,Var3_819,Var3_820,Var3_821,Var3_822,Var3_823,Var3_824,Var3_825,Var3_826,Var3_827,Var3_828,Var3_829,Var3_830,Var3_831,Var3_832,Var3_833,Var3_834,Var3_835,Var3_836,Var3_837,Var3_838,Var3_839,Var3_840,Var3_841,Var3_842,Var3_843,Var3_844,Var3_845,Var3_846,Var3_847,Var3_848,Var3_849,Var3_850,Var3_851,Var3_852,Var3_853,Var3_854,Var3_855,Var3_856,Var3_857,Var3_858,Var3_859,Var3_860,Var3_861,Var3_862,Var3_863,Var3_864,Var3_865,Var3_866,Var3_867,Var3_868,Var3_869,Var3_870,Var3_871,Var3_872,Var3_873,Var3_874,Var3_875,Var3_876,Var3_877,Var3_878,Var3_879,Var3_880,Var3_881,Var3_882,Var3_883,Var3_884,Var3_885,Var3_886,Var3_887,Var3_888,Var3_889,Var3_890,Var3_891,Var3_892,Var3_893,Var3_894,Var3_895,Var3_896,Var3_897,Var3_898,Var3_899,Var3_900,Var3_901,Var3_902,Var3_903,Var3_904,Var3_905,Var3_906,Var3_907,Var3_908,Var3_909,Var3_910,Var3_911,Var3_912,Var3_913,Var3_914,Var3_915,Var3_916,Var3_917,Var3_918,Var3_919,Var3_920,Var3_921,Var3_922,Var3_923,Var3_924,Var3_925,Var3_926,Var3_927,Var3_928,Var3_929,Var3_930,Var3_931,Var3_932,Var3_933,Var3_934,Var3_935,Var3_936,Var3_937,Var3_938,Var3_939,Var3_940,Var3_941,Var3_942,Var3_943,Var3_944,Var3_945,Var3_946,Var3_947,Var3_948,Var3_949,Var3_950,Var3_951,Var3_952,Var3_953,Var3_954,Var3_955,Var3_956,Var3_957,Var3_958,Var3_959,Var3_960,Var3_961,Var3_962,Var3_963,Var3_964,Var3_965,Var3_966,Var3_967,Var3_968,Var3_969,Var3_970,Var3_971,Var3_972,Var3_973,Var3_974,Var3_975,Var3_976,Var3_977,Var3_978,Var3_979,Var3_980,Var3_981,Var3_982,Var3_983,Var3_984,Var3_985,Var3_986,Var3_987,Var3_988,Var3_989,Var3_990,Var3_991,Var3_992,Var3_993,Var3_994,Var3_995,Var3_996,Var3_997,Var3_998,Var3_999,Var3_1000,Var3_1001,Var3_1002,Var3_1003,Var3_1004,Var3_1005,Var3_1006,Var3_1007,Var3_1008,Var3_1009,Var3_1010,Var3_1011,Var3_1012,Var3_1013,Var3_1014,Var3_1015,Var3_1016,Var3_1017,Var3_1018,Var3_1019,Var3_1020,Var3_1021,Var3_1022,Var3_1023,Var3_1024,Var3_1025,Var3_1026,Var3_1027,Var3_1028,Var3_1029,Var3_1030,Var3_1031,Var3_1032,Var3_1033,Var3_1034,Var3_1035,Var3_1036,Var3_1037,Var3_1038,Var3_1039,Var3_1040,Var3_1041,Var3_1042,Var3_1043,Var3_1044,Var3_1045,Var3_1046,Var3_1047,Var3_1048,Var3_1049,Var3_1050,Var3_1051,Var3_1052,Var3_1053,Var3_1054,Var3_1055,Var3_1056,Var3_1057,Var3_1058,Var3_1059,Var3_1060,Var3_1061,Var3_1062,Var3_1063,Var3_1064,Var3_1065,Var3_1066,Var3_1067,Var3_1068,Var3_1069,Var3_1070,Var3_1071,Var3_1072,Var3_1073,Var3_1074,Var3_1075,Var3_1076,Var3_1077,Var3_1078,Var3_1079,Var3_1080,Var3_1081,Var3_1082,Var3_1083,Var3_1084,Var3_1085,Var3_1086,Var3_1087,Var3_1088,Var3_1089,Var3_1090,Var3_1091,Var3_1092,Var3_1093,Var3_1094,Var3_1095,Var3_1096,Var3_1097,Var3_1098,Var3_1099,Var3_1100,Var3_1101,Var3_1102,Var3_1103,Var3_1104,Var3_1105,Var3_1106,Var3_1107,Var3_1108,Var3_1109,Var3_1110,Var3_1111,Var3_1112,Var3_1113,Var3_1114,Var3_1115,Var3_1116,Var3_1117,Var3_1118,Var3_1119,Var3_1120,Var3_1121,Var3_1122,Var3_1123,Var3_1124,Var3_1125,Var3_1126,Var3_1127,Var3_1128,Var3_1129,Var3_1130,Var3_1131,Var3_1132,Var3_1133,Var3_1134,Var3_1135,Var3_1136,Var3_1137,Var3_1138,Var3_1139,Var3_1140,Var3_1141,Var3_1142,Var3_1143,Var3_1144,Var3_1145,Var3_1146,Var3_1147,Var3_1148,Var3_1149,Var3_1150,Var3_1151,Var3_1152,Var3_1153,Var3_1154,Var3_1155,Var3_1156,Var3_1157,Var3_1158,Var3_1159,Var3_1160,Var3_1161,Var3_1162,Var3_1163,Var3_1164,Var3_1165,Var3_1166,Var3_1167,Var3_1168,Var3_1169,Var3_1170,Var3_1171,Var3_1172,Var3_1173,Var3_1174,Var3_1175,Var3_1176,Var3_1177,Var3_1178,Var3_1179,Var3_1180,Var3_1181,Var3_1182,Var3_1183,Var3_1184,Var3_1185,Var3_1186,Var3_1187,Var3_1188,Var3_1189,Var3_1190,Var3_1191,Var3_1192,Var3_1193,Var3_1194,Var3_1195,Var3_1196,Var3_1197,Var3_1198,Var3_1199,Var3_1200,Var3_1201,Var3_1202,Var3_1203,Var3_1204,Var3_1205,Var3_1206,Var3_1207,Var3_1208,Var3_1209,Var3_1210,Var3_1211,Var3_1212,Var3_1213,Var3_1214,Var3_1215,Var3_1216,Var3_1217,Var3_1218,Var3_1219,Var3_1220,Var3_1221,Var3_1222,Var3_1223,Var3_1224,Var3_1225,Var3_1226,Var3_1227,Var3_1228,Var3_1229,Var3_1230,Var3_1231,Var3_1232,Var3_1233,Var3_1234,Var3_1235,Var3_1236,Var3_1237,Var3_1238,Var3_1239,Var3_1240,Var3_1241,Var3_1242,Var3_1243,Var3_1244,Var3_1245,Var3_1246,Var3_1247,Var3_1248,Var3_1249,Var3_1250,Var3_1251,Var3_1252,Var3_1253,Var3_1254,Var3_1255,Var3_1256,Var3_1257,Var3_1258,Var3_1259,Var3_1260,Var3_1261,Var3_1262,Var3_1263,Var3_1264,Var3_1265,Var3_1266,Var3_1267,Var3_1268,Var3_1269,Var3_1270,Var3_1271,Var3_1272,Var3_1273,Var3_1274,Var3_1275,Var3_1276,Var3_1277,Var3_1278,Var3_1279,Var3_1280,Var3_1281,Var3_1282,Var3_1283,Var3_1284,Var3_1285,Var3_1286,Var3_1287,Var3_1288,Var3_1289,Var3_1290,Var3_1291,Var3_1292,Var3_1293,Var3_1294,Var3_1295,Var3_1296,Var3_1297,Var3_1298,Var3_1299,Var3_1300,Var3_1301,Var3_1302,Var3_1303,Var3_1304,Var3_1305,Var3_1306,Var3_1307,Var3_1308,Var3_1309,Var3_1310,Var3_1311,Var3_1312,Var3_1313,Var3_1314,Var3_1315,Var3_1316,Var3_1317,Var3_1318,Var3_1319,Var3_1320,Var3_1321,Var3_1322,Var3_1323,Var3_1324,Var3_1325,Var3_1326,Var3_1327,Var3_1328,Var3_1329,Var3_1330,Var3_1331,Var3_1332,Var3_1333,Var3_1334,Var3_1335,Var3_1336,Var3_1337,Var3_1338,Var3_1339,Var3_1340,Var3_1341,Var3_1342,Var3_1343,Var3_1344,Var3_1345,Var3_1346,Var3_1347,Var3_1348,Var3_1349,Var3_1350,Var3_1351,Var3_1352,Var3_1353,Var3_1354,Var3_1355,Var3_1356,Var3_1357,Var3_1358,Var3_1359,Var3_1360,Var3_1361,Var3_1362,Var3_1363,Var3_1364,Var3_1365,Var3_1366,Var3_1367,Var3_1368,Var3_1369,Var3_1370,Var3_1371,Var3_1372,Var3_1373,Var3_1374,Var3_1375,Var3_1376,Var3_1377,Var3_1378,Var3_1379,Var3_1380,Var3_1381,Var3_1382,Var3_1383,Var3_1384,Var3_1385,Var3_1386,Var3_1387,Var3_1388,Var3_1389,Var3_1390,Var3_1391,Var3_1392,Var3_1393,Var3_1394,Var3_1395,Var3_1396,Var3_1397,Var3_1398,Var3_1399,Var3_1400,Var3_1401,Var3_1402,Var3_1403,Var3_1404,Var3_1405,Var3_1406,Var3_1407,Var3_1408,Var3_1409,Var3_1410,Var3_1411,Var3_1412,Var3_1413,Var3_1414,Var3_1415,Var3_1416,Var3_1417,Var3_1418,Var3_1419,Var3_1420,Var3_1421,Var3_1422,Var3_1423,Var3_1424,Var3_1425,Var3_1426,Var3_1427,Var3_1428,Var3_1429,Var3_1430,Var3_1431,Var3_1432,Var3_1433,Var3_1434,Var3_1435,Var3_1436,Var3_1437,Var3_1438,Var3_1439,Var3_1440,Var3_1441,Var3_1442,Var3_1443,Var3_1444,Var3_1445,Var3_1446,Var3_1447,Var3_1448,Var3_1449,Var3_1450,Var3_1451,Var3_1452,Var3_1453,Var3_1454,Var3_1455,Var3_1456,Var3_1457,Var3_1458,Var3_1459,Var3_1460,Var3_1461,Var3_1462,Var3_1463,Var3_1464,Var3_1465,Var3_1466,Var3_1467,Var3_1468,Var3_1469,Var3_1470,Var3_1471,Var3_1472,Var3_1473,Var3_1474,Var3_1475,Var3_1476,Var3_1477,Var3_1478,Var3_1479,Var3_1480,Var3_1481,Var3_1482,Var3_1483,Var3_1484,Var3_1485,Var3_1486,Var3_1487,Var3_1488,Var3_1489,Var3_1490,Var3_1491,Var3_1492,Var3_1493,Var3_1494,Var3_1495,Var3_1496,Var3_1497,Var3_1498,Var3_1499,Var3_1500,Var3_1501,Var3_1502,Var3_1503,Var3_1504,Var3_1505,Var3_1506,Var3_1507,Var3_1508,Var3_1509,Var3_1510,Var3_1511,Var3_1512,Var3_1513,Var3_1514,Var3_1515,Var3_1516,Var3_1517,Var3_1518,Var3_1519,Var3_1520,Var3_1521,Var3_1522,Var3_1523,Var3_1524,Var3_1525,Var3_1526,Var3_1527,Var3_1528,Var3_1529,Var3_1530,Var3_1531,Var3_1532,Var3_1533,Var3_1534,Var3_1535,Var3_1536,Var3_1537,Var3_1538,Var3_1539,Var3_1540,Var3_1541,Var3_1542,Var3_1543,Var3_1544,Var3_1545,Var3_1546,Var3_1547,Var3_1548,Var3_1549,Var3_1550,Var3_1551,Var3_1552,Var3_1553,Var3_1554,Var3_1555,Var3_1556,Var3_1557,Var3_1558,Var3_1559,Var3_1560,Var3_1561,Var3_1562,Var3_1563,Var3_1564,Var3_1565,Var3_1566,Var3_1567,Var3_1568,Var3_1569,Var3_1570,Var3_1571,Var3_1572,Var3_1573,Var3_1574,Var3_1575,Var3_1576,Var3_1577,Var3_1578,Var3_1579,Var3_1580,Var3_1581,Var3_1582,Var3_1583,Var3_1584,Var3_1585,Var3_1586,Var3_1587,Var3_1588,Var3_1589,Var3_1590,Var3_1591,Var3_1592,Var3_1593,Var3_1594,Var3_1595,Var3_1596,Var3_1597,Var3_1598,Var3_1599,Var3_1600,Var3_1601,Var3_1602,Var3_1603,Var3_1604,Var3_1605,Var3_1606,Var3_1607,Var3_1608,Var3_1609,Var3_1610,Var3_1611,Var3_1612,Var3_1613,Var3_1614,Var3_1615,Var3_1616,Var3_1617,Var3_1618,Var3_1619,Var3_1620,Var3_1621,Var3_1622,Var3_1623,Var3_1624,Var3_1625,Var3_1626,Var3_1627,Var3_1628,Var3_1629,Var3_1630,Var3_1631,Var3_1632,Var3_1633,Var3_1634,Var3_1635,Var3_1636,Var3_1637,Var3_1638,Var3_1639,Var3_1640,Var3_1641,Var3_1642,Var3_1643,Var3_1644,Var3_1645,Var3_1646,Var3_1647,Var3_1648,Var3_1649,Var3_1650,Var3_1651,Var3_1652,Var3_1653,Var3_1654,Var3_1655,Var3_1656,Var3_1657,Var3_1658,Var3_1659,Var3_1660,Var3_1661,Var3_1662,Var3_1663,Var3_1664,Var3_1665,Var3_1666,Var3_1667,Var3_1668,Var3_1669,Var3_1670,Var3_1671,Var3_1672,Var3_1673,Var3_1674,Var3_1675,Var3_1676,Var3_1677,Var3_1678,Var3_1679,Var3_1680,Var3_1681,Var3_1682,Var3_1683,Var3_1684,Var3_1685,Var3_1686,Var3_1687,Var3_1688,Var3_1689,Var3_1690,Var3_1691,Var3_1692,Var3_1693,Var3_1694,Var3_1695,Var3_1696,Var3_1697,Var3_1698,Var3_1699,Var3_1700,Var3_1701,Var3_1702,Var3_1703,Var3_1704,Var3_1705,Var3_1706,Var3_1707,Var3_1708,Var3_1709,Var3_1710,Var3_1711,Var3_1712,Var3_1713,Var3_1714,Var3_1715,Var3_1716,Var3_1717,Var3_1718,Var3_1719,Var3_1720,Var3_1721,Var3_1722,Var3_1723,Var3_1724,Var3_1725,Var3_1726,Var3_1727,Var3_1728,Var3_1729,Var3_1730,Var3_1731,Var3_1732,Var3_1733,Var3_1734,Var3_1735,Var3_1736,Var3_1737,Var3_1738,Var3_1739,Var3_1740,Var3_1741,Var3_1742,Var3_1743,Var3_1744,Var3_1745,Var3_1746,Var3_1747,Var3_1748,Var3_1749,Var3_1750,Var3_1751,Var3_1752,Var3_1753,Var3_1754,Var3_1755,Var3_1756,Var3_1757,Var3_1758,Var3_1759,Var3_1760,Var3_1761,Var3_1762,Var3_1763,Var3_1764,Var3_1765,Var3_1766,Var3_1767,Var3_1768,Var3_1769,Var3_1770,Var3_1771,Var3_1772,Var3_1773,Var3_1774,Var3_1775,Var3_1776,Var3_1777,Var3_1778,Var3_1779,Var3_1780,Var3_1781,Var3_1782,Var3_1783,Var3_1784,Var3_1785,Var3_1786,Var3_1787,Var3_1788,Var3_1789,Var3_1790,Var3_1791,Var3_1792,Var3_1793,Var3_1794,Var3_1795,Var3_1796,Var3_1797,Var3_1798,Var3_1799,Var3_1800,Var3_1801,Var3_1802,Var3_1803,Var3_1804,Var3_1805,Var3_1806,Var3_1807,Var3_1808,Var3_1809,Var3_1810,Var3_1811,Var3_1812,Var3_1813,Var3_1814,Var3_1815,Var3_1816,Var3_1817,Var3_1818,Var3_1819,Var3_1820,Var3_1821,Var3_1822,Var3_1823,Var3_1824,Var3_1825,Var3_1826,Var3_1827,Var3_1828,Var3_1829,Var3_1830,Var3_1831,Var3_1832,Var3_1833,Var3_1834,Var3_1835,Var3_1836,Var3_1837,Var3_1838,Var3_1839,Var3_1840,Var3_1841,Var3_1842,Var3_1843,Var3_1844,Var3_1845,Var3_1846,Var3_1847,Var3_1848,Var3_1849,Var3_1850,Var3_1851,Var3_1852,Var3_1853,Var3_1854,Var3_1855,Var3_1856,Var3_1857,Var3_1858,Var3_1859,Var3_1860,Var3_1861,Var3_1862,Var3_1863,Var3_1864,Var3_1865,Var3_1866,Var3_1867,Var3_1868,Var3_1869,Var3_1870,Var3_1871,Var3_1872,Var3_1873,Var3_1874,Var3_1875,Var3_1876,Var3_1877,Var3_1878,Var3_1879,Var3_1880,Var3_1881,Var3_1882,Var3_1883,Var3_1884,Var3_1885,Var3_1886,Var3_1887,Var3_1888,Var3_1889,Var3_1890,Var3_1891,Var3_1892,Var3_1893,Var3_1894,Var3_1895,Var3_1896,Var3_1897,Var3_1898,Var3_1899,Var3_1900,Var3_1901,Var3_1902,Var3_1903,Var3_1904,Var3_1905,Var3_1906,Var3_1907,Var3_1908,Var3_1909,Var3_1910,Var3_1911,Var3_1912,Var3_1913,Var3_1914,Var3_1915,Var3_1916,Var3_1917,Var3_1918,Var3_1919,Var3_1920,Var3_1921,Var3_1922,Var3_1923,Var3_1924,Var3_1925,Var3_1926,Var3_1927,Var3_1928,Var3_1929,Var3_1930,Var3_1931,Var3_1932,Var3_1933,Var3_1934,Var3_1935,Var3_1936,Var3_1937,Var3_1938,Var3_1939,Var3_1940,Var3_1941,Var3_1942,Var3_1943,Var3_1944,Var3_1945,Var3_1946,Var3_1947,Var3_1948,Var3_1949,Var3_1950,Var3_1951,Var3_1952,Var3_1953,Var3_1954,Var3_1955,Var3_1956,Var3_1957,Var3_1958,Var3_1959,Var3_1960,Var3_1961,Var3_1962,Var3_1963,Var3_1964,Var3_1965,Var3_1966,Var3_1967,Var3_1968,Var3_1969,Var3_1970,Var3_1971,Var3_1972,Var3_1973,Var3_1974,Var3_1975,Var3_1976,Var3_1977,Var3_1978,Var3_1979,Var3_1980,Var3_1981,Var3_1982,Var3_1983,Var3_1984,Var3_1985,Var3_1986,Var3_1987,Var3_1988,Var3_1989,Var3_1990,Var3_1991,Var3_1992,Var3_1993,Var3_1994,Var3_1995,Var3_1996,Var3_1997,Var3_1998,Var3_1999,Var3_2000,Var3_2001,Var3_2002,Var3_2003,Var3_2004,Var3_2005,Var3_2006,Var3_2007,Var3_2008,Var3_2009,Var3_2010,Var3_2011,Var3_2012,Var3_2013,Var3_2014,Var3_2015,Var3_2016,Var3_2017,Var3_2018,Var3_2019,Var3_2020,Var3_2021,Var3_2022,Var3_2023,Var3_2024,Var3_2025,Var3_2026,Var3_2027,Var3_2028,Var3_2029,Var3_2030,Var3_2031,Var3_2032,Var3_2033,Var3_2034,Var3_2035,Var3_2036,Var3_2037,Var3_2038,Var3_2039,Var3_2040,Var3_2041,Var3_2042,Var3_2043,Var3_2044,Var3_2045,Var3_2046,Var3_2047,Var3_2048,Var3_2049,Var3_2050,Var3_2051,Var3_2052,Var3_2053,Var3_2054,Var3_2055,Var3_2056,Var3_2057,Var3_2058,Var3_2059,Var3_2060,Var3_2061,Var3_2062,Var3_2063,Var3_2064,Var3_2065,Var3_2066,Var3_2067,Var3_2068,Var3_2069,Var3_2070,Var3_2071,Var3_2072,Var3_2073,Var3_2074,Var3_2075,Var3_2076,Var3_2077,Var3_2078,Var3_2079,Var3_2080,Var3_2081,Var3_2082,Var3_2083,Var3_2084,Var3_2085,Var3_2086,Var3_2087,Var3_2088,Var3_2089,Var3_2090,Var3_2091,Var3_2092,Var3_2093,Var3_2094,Var3_2095,Var3_2096,Var3_2097,Var3_2098,Var3_2099,Var3_2100,Var3_2101,Var3_2102,Var3_2103,Var3_2104,Var3_2105,Var3_2106,Var3_2107,Var3_2108,Var3_2109,Var3_2110,Var3_2111,Var3_2112,Var3_2113,Var3_2114,Var3_2115,Var3_2116,Var3_2117,Var3_2118,Var3_2119,Var3_2120,Var3_2121,Var3_2122,Var3_2123,Var3_2124,Var3_2125,Var3_2126,Var3_2127,Var3_2128,Var3_2129,Var3_2130,Var3_2131,Var3_2132,Var3_2133,Var3_2134,Var3_2135,Var3_2136,Var3_2137,Var3_2138,Var3_2139,Var3_2140,Var3_2141,Var3_2142,Var3_2143,Var3_2144,Var3_2145,Var3_2146,Var3_2147,Var3_2148,Var3_2149,Var3_2150,Var3_2151,Var3_2152,Var3_2153,Var3_2154,Var3_2155,Var3_2156,Var3_2157,Var3_2158,Var3_2159,Var3_2160,Var3_2161,Var3_2162,Var3_2163,Var3_2164,Var3_2165,Var3_2166,Var3_2167,Var3_2168,Var3_2169,Var3_2170,Var3_2171,Var3_2172,Var3_2173,Var3_2174,Var3_2175,Var3_2176,Var3_2177,Var3_2178,Var3_2179,Var3_2180,Var3_2181,Var3_2182,Var3_2183,Var3_2184,Var3_2185,Var3_2186,Var3_2187,Var3_2188,Var3_2189,Var3_2190,Var3_2191,Var3_2192,Var3_2193,Var3_2194,Var3_2195,Var3_2196,Var3_2197,Var3_2198,Var3_2199,Var3_2200,Var3_2201,Var3_2202,Var3_2203,Var3_2204,Var3_2205,Var3_2206,Var3_2207,Var3_2208,Var3_2209,Var3_2210,Var3_2211,Var3_2212,Var3_2213,Var3_2214,Var3_2215,Var3_2216,Var3_2217,Var3_2218,Var3_2219,Var3_2220,Var3_2221,Var3_2222,Var3_2223,Var3_2224,Var3_2225,Var3_2226,Var3_2227,Var3_2228,Var3_2229,Var3_2230,Var3_2231,Var3_2232,Var3_2233,Var3_2234,Var3_2235,Var3_2236,Var3_2237,Var3_2238,Var3_2239,Var3_2240,Var3_2241,Var3_2242,Var3_2243,Var3_2244,Var3_2245,Var3_2246,Var3_2247,Var3_2248,Var3_2249,Var3_2250,Var3_2251,Var3_2252,Var3_2253,Var3_2254,Var3_2255,Var3_2256,Var3_2257,Var3_2258,Var3_2259,Var3_2260,Var3_2261,Var3_2262,Var3_2263,Var3_2264,Var3_2265,Var3_2266,Var3_2267,Var3_2268,Var3_2269,Var3_2270,Var3_2271,Var3_2272,Var3_2273,Var3_2274,Var3_2275,Var3_2276,Var3_2277,Var3_2278,Var3_2279,Var3_2280,Var3_2281,Var3_2282,Var3_2283,Var3_2284,Var3_2285,Var3_2286,Var3_2287,Var3_2288,Var3_2289,Var3_2290,Var3_2291,Var3_2292,Var3_2293,Var3_2294,Var3_2295,Var3_2296,Var3_2297,Var3_2298,Var3_2299,Var3_2300,Var3_2301,Var3_2302,Var3_2303,Var3_2304,Var3_2305,Var3_2306,Var3_2307,Var3_2308,Var3_2309,Var3_2310,Var3_2311,Var3_2312,Var3_2313,Var3_2314,Var3_2315,Var3_2316,Var3_2317,Var3_2318,Var3_2319,Var3_2320,Var3_2321,Var3_2322,Var3_2323,Var3_2324,Var3_2325,Var3_2326,Var3_2327,Var3_2328,Var3_2329,Var3_2330,Var3_2331,Var3_2332,Var3_2333,Var3_2334,Var3_2335,Var3_2336,Var3_2337,Var3_2338,Var3_2339,Var3_2340,Var3_2341,Var3_2342,Var3_2343,Var3_2344,Var3_2345,Var3_2346,Var3_2347,Var3_2348,Var3_2349,Var3_2350,Var3_2351,Var3_2352,Var3_2353,Var3_2354,Var3_2355,Var3_2356,Var3_2357,Var3_2358,Var3_2359,Var3_2360,Var3_2361,Var3_2362,Var3_2363,Var3_2364,Var3_2365,Var3_2366,Var3_2367,Var3_2368,Var3_2369,Var3_2370,Var3_2371,Var3_2372,Var3_2373,Var3_2374,Var3_2375,Var3_2376,Var3_2377,Var3_2378,Var3_2379,Var3_2380,Var3_2381,Var3_2382,Var3_2383,Var3_2384,Var3_2385,Var3_2386,Var3_2387,Var3_2388,Var3_2389,Var3_2390,Var3_2391,Var3_2392,Var3_2393,Var3_2394,Var3_2395,Var3_2396,Var3_2397,Var3_2398,Var3_2399,Var3_2400,Var3_2401,Var3_2402,Var3_2403,Var3_2404,Var3_2405,Var3_2406,Var3_2407,Var3_2408,Var3_2409,Var3_2410,Var3_2411,Var3_2412,Var3_2413,Var3_2414,Var3_2415,Var3_2416,Var3_2417,Var3_2418,Var3_2419,Var3_2420,Var3_2421,Var3_2422,Var3_2423,Var3_2424,Var3_2425,Var3_2426,Var3_2427,Var3_2428,Var3_2429,Var3_2430,Var3_2431,Var3_2432,Var3_2433,Var3_2434,Var3_2435,Var3_2436,Var3_2437,Var3_2438,Var3_2439,Var3_2440,Var3_2441,Var3_2442,Var3_2443,Var3_2444,Var3_2445,Var3_2446,Var3_2447,Var3_2448,Var3_2449,Var3_2450,Var3_2451,Var3_2452,Var3_2453,Var3_2454,Var3_2455,Var3_2456,Var3_2457,Var3_2458,Var3_2459,Var3_2460,Var3_2461,Var3_2462,Var3_2463,Var3_2464,Var3_2465,Var3_2466,Var3_2467,Var3_2468,Var3_2469,Var3_2470,Var3_2471,Var3_2472,Var3_2473,Var3_2474,Var3_2475,Var3_2476,Var3_2477,Var3_2478,Var3_2479,Var3_2480,Var3_2481,Var3_2482,Var3_2483,Var3_2484,Var3_2485,Var3_2486,Var3_2487,Var3_2488,Var3_2489,Var3_2490,Var3_2491,Var3_2492,Var3_2493,Var3_2494,Var3_2495,Var3_2496,Var3_2497,Var3_2498,Var3_2499,Var3_2500,Var3_2501,Var3_2502,Var3_2503,Var3_2504,Var3_2505,Var3_2506,Var3_2507,Var3_2508,Var3_2509,Var3_2510,Var3_2511,Var3_2512,Var3_2513,Var3_2514,Var3_2515,Var3_2516,Var3_2517,Var3_2518,Var3_2519,Var3_2520,Var3_2521,Var3_2522,Var3_2523,Var3_2524,Var3_2525,Var3_2526,Var3_2527,Var3_2528,Var3_2529,Var3_2530,Var3_2531,Var3_2532,Var3_2533,Var3_2534,Var3_2535,Var3_2536,Var3_2537,Var3_2538,Var3_2539,Var3_2540,Var3_2541,Var3_2542,Var3_2543,Var3_2544,Var3_2545,Var3_2546,Var3_2547,Var3_2548,Var3_2549,Var3_2550,Var3_2551,Var3_2552,Var3_2553,Var3_2554,Var3_2555,Var3_2556,Var3_2557,Var3_2558,Var3_2559,Var3_2560,Var3_2561,Var3_2562,Var3_2563,Var3_2564,Var3_2565,Var3_2566,Var3_2567,Var3_2568,Var3_2569,Var3_2570,Var3_2571,Var3_2572,Var3_2573,Var3_2574,Var3_2575,Var3_2576,Var3_2577,Var3_2578,Var3_2579,Var3_2580,Var3_2581,Var3_2582,Var3_2583,Var3_2584,Var3_2585,Var3_2586,Var3_2587,Var3_2588,Var3_2589,Var3_2590,Var3_2591,Var3_2592,Var3_2593,Var3_2594,Var3_2595,Var3_2596,Var3_2597,Var3_2598,Var3_2599,Var3_2600,Var3_2601,Var3_2602,Var3_2603,Var3_2604,Var3_2605,Var3_2606,Var3_2607,Var3_2608,Var3_2609,Var3_2610,Var3_2611,Var3_2612,Var3_2613,Var3_2614,Var3_2615,Var3_2616,Var3_2617,Var3_2618,Var3_2619,Var3_2620,Var3_2621,Var3_2622,Var3_2623,Var3_2624,Var3_2625,Var3_2626,Var3_2627,Var3_2628,Var3_2629,Var3_2630,Var3_2631,Var3_2632,Var3_2633,Var3_2634,Var3_2635,Var3_2636,Var3_2637,Var3_2638,Var3_2639,Var3_2640,Var3_2641,Var3_2642,Var3_2643,Var3_2644,Var3_2645,Var3_2646,Var3_2647,Var3_2648,Var3_2649,Var3_2650,Var3_2651,Var3_2652,Var3_2653,Var3_2654,Var3_2655,Var3_2656,Var3_2657,Var3_2658,Var3_2659,Var3_2660,Var3_2661,Var3_2662,Var3_2663,Var3_2664,Var3_2665,Var3_2666,Var3_2667,Var3_2668,Var3_2669,Var3_2670,Var3_2671,Var3_2672,Var3_2673,Var3_2674,Var3_2675,Var3_2676,Var3_2677,Var3_2678,Var3_2679,Var3_2680,Var3_2681,Var3_2682,Var3_2683,Var3_2684,Var3_2685,Var3_2686,Var3_2687,Var3_2688,Var3_2689,Var3_2690,Var3_2691,Var3_2692,Var3_2693,Var3_2694,Var3_2695,Var3_2696,Var3_2697,Var3_2698,Var3_2699,Var3_2700,Var3_2701,Var3_2702,Var3_2703,Var3_2704,Var3_2705,Var3_2706,Var3_2707,Var3_2708,Var3_2709,Var3_2710,Var3_2711,Var3_2712,Var3_2713,Var3_2714,Var3_2715,Var3_2716,Var3_2717,Var3_2718,Var3_2719,Var3_2720,Var3_2721,Var3_2722,Var3_2723,Var3_2724,Var3_2725,Var3_2726,Var3_2727,Var3_2728,Var3_2729,Var3_2730,Var3_2731,Var3_2732,Var3_2733,Var3_2734,Var3_2735,Var3_2736,Var3_2737,Var3_2738,Var3_2739,Var3_2740,Var3_2741,Var3_2742,Var3_2743,Var3_2744,Var3_2745,Var3_2746,Var3_2747,Var3_2748,Var3_2749,Var3_2750,Var3_2751,Var3_2752,Var3_2753,Var3_2754,Var3_2755,Var3_2756,Var3_2757,Var3_2758,Var3_2759,Var3_2760,Var3_2761,Var3_2762,Var3_2763,Var3_2764,Var3_2765,Var3_2766,Var3_2767,Var3_2768,Var3_2769,Var3_2770,Var3_2771,Var3_2772,Var3_2773,Var3_2774,Var3_2775,Var3_2776,Var3_2777,Var3_2778,Var3_2779,Var3_2780,Var3_2781,Var3_2782,Var3_2783,Var3_2784,Var3_2785,Var3_2786,Var3_2787,Var3_2788,Var3_2789,Var3_2790,Var3_2791,Var3_2792,Var3_2793,Var3_2794,Var3_2795,Var3_2796,Var3_2797,Var3_2798,Var3_2799,Var3_2800,Var3_2801,Var3_2802,Var3_2803,Var3_2804,Var3_2805,Var3_2806,Var3_2807,Var3_2808,Var3_2809,Var3_2810,Var3_2811,Var3_2812,Var3_2813,Var3_2814,Var3_2815,Var3_2816,Var3_2817,Var3_2818,Var3_2819,Var3_2820,Var3_2821,Var3_2822,Var3_2823,Var3_2824,Var3_2825,Var3_2826,Var3_2827,Var3_2828,Var3_2829,Var3_2830,Var3_2831,Var3_2832,Var3_2833,Var3_2834,Var3_2835,Var3_2836,Var3_2837,Var3_2838,Var3_2839,Var3_2840,Var3_2841,Var3_2842,Var3_2843,Var3_2844,Var3_2845,Var3_2846,Var3_2847,Var3_2848,Var3_2849,Var3_2850,Var3_2851,Var3_2852,Var3_2853,Var3_2854,Var3_2855,Var3_2856,Var3_2857,Var3_2858,Var3_2859,Var3_2860,Var3_2861,Var3_2862,Var3_2863,Var3_2864,Var3_2865,Var3_2866,Var3_2867,Var3_2868,Var3_2869,Var3_2870,Var3_2871,Var3_2872,Var3_2873,Var3_2874,Var3_2875,Var3_2876,Var3_2877,Var3_2878,Var3_2879,Var3_2880,Var3_2881,Var3_2882,Var3_2883,Var3_2884,Var3_2885,Var3_2886,Var3_2887,Var3_2888,Var3_2889,Var3_2890,Var3_2891,Var3_2892,Var3_2893,Var3_2894,Var3_2895,Var3_2896,Var3_2897,Var3_2898,Var3_2899,Var3_2900,Var3_2901,Var3_2902,Var3_2903,Var3_2904,Var3_2905,Var3_2906,Var3_2907,Var3_2908,Var3_2909,Var3_2910,Var3_2911,Var3_2912,Var3_2913,Var3_2914,Var3_2915,Var3_2916,Var3_2917,Var3_2918,Var3_2919,Var3_2920,Var3_2921,Var3_2922,Var3_2923,Var3_2924,Var3_2925,Var3_2926,Var3_2927,Var3_2928,Var3_2929,Var3_2930,Var3_2931,Var3_2932,Var3_2933,Var3_2934,Var3_2935,Var3_2936,Var3_2937,Var3_2938,Var3_2939,Var3_2940,Var3_2941,Var3_2942,Var3_2943,Var3_2944,Var3_2945,Var3_2946,Var3_2947,Var3_2948,Var3_2949,Var3_2950,Var3_2951,Var3_2952,Var3_2953,Var3_2954,Var3_2955,Var3_2956,Var3_2957,Var3_2958,Var3_2959,Var3_2960,Var3_2961,Var3_2962,Var3_2963,Var3_2964,Var3_2965,Var3_2966,Var3_2967,Var3_2968,Var3_2969,Var3_2970,Var3_2971,Var3_2972,Var3_2973,Var3_2974,Var3_2975,Var3_2976,Var3_2977,Var3_2978,Var3_2979,Var3_2980,Var3_2981,Var3_2982,Var3_2983,Var3_2984,Var3_2985,Var3_2986,Var3_2987,Var3_2988,Var3_2989,Var3_2990,Var3_2991,Var3_2992,Var3_2993,Var3_2994,Var3_2995,Var3_2996,Var3_2997,Var3_2998,Var3_2999,Var3_3000,Var3_3001,Var3_3002,Var3_3003,Var3_3004,Var3_3005,Var3_3006,Var3_3007,Var3_3008,Var3_3009,Var3_3010,Var3_3011,Var3_3012,Var3_3013,Var3_3014,Var3_3015,Var3_3016,Var3_3017,Var3_3018,Var3_3019,Var3_3020,Var3_3021,Var3_3022,Var3_3023,Var3_3024,Var3_3025,Var3_3026,Var3_3027,Var3_3028,Var3_3029,Var3_3030,Var3_3031,Var3_3032,Var3_3033,Var3_3034,Var3_3035,Var3_3036,Var3_3037,Var3_3038,Var3_3039,Var3_3040,Var3_3041,Var3_3042,Var3_3043,Var3_3044,Var3_3045,Var3_3046,Var3_3047,Var3_3048,Var3_3049,Var3_3050,Var3_3051,Var3_3052,Var3_3053,Var3_3054,Var3_3055,Var3_3056,Var3_3057,Var3_3058,Var3_3059,Var3_3060,Var3_3061,Var3_3062,Var3_3063,Var3_3064,Var3_3065,Var3_3066,Var3_3067,Var3_3068,Var3_3069,Var3_3070,Var3_3071,Var3_3072,Var3_3073,Var3_3074,Var3_3075,Var3_3076,Var3_3077,Var3_3078,Var3_3079,Var3_3080,Var3_3081,Var3_3082,Var3_3083,Var3_3084,Var3_3085,Var3_3086,Var3_3087,Var3_3088,Var3_3089,Var3_3090,Var3_3091,Var3_3092,Var3_3093,Var3_3094,Var3_3095,Var3_3096,Var3_3097,Var3_3098,Var3_3099,Var3_3100,Var3_3101,Var3_3102,Var3_3103,Var3_3104,Var3_3105,Var3_3106,Var3_3107,Var3_3108,Var3_3109,Var3_3110,Var3_3111,Var3_3112,Var3_3113,Var3_3114,Var3_3115,Var3_3116,Var3_3117,Var3_3118,Var3_3119,Var3_3120,Var3_3121,Var3_3122,Var3_3123,Var3_3124,Var3_3125,Var3_3126,Var3_3127,Var3_3128,Var3_3129,Var3_3130,Var3_3131,Var3_3132,Var3_3133,Var3_3134,Var3_3135,Var3_3136,Var3_3137,Var3_3138,Var3_3139,Var3_3140,Var3_3141,Var3_3142,Var3_3143,Var3_3144,Var3_3145,Var3_3146,Var3_3147,Var3_3148,Var3_3149,Var3_3150,Var3_3151,Var3_3152,Var3_3153,Var3_3154,Var3_3155,Var3_3156,Var3_3157,Var3_3158,Var3_3159,Var3_3160,Var3_3161,Var3_3162,Var3_3163,Var3_3164,Var3_3165,Var3_3166,Var3_3167,Var3_3168,Var3_3169,Var3_3170,Var3_3171,Var3_3172,Var3_3173,Var3_3174,Var3_3175,Var3_3176,Var3_3177,Var3_3178,Var3_3179,Var3_3180,Var3_3181,Var3_3182,Var3_3183,Var3_3184,Var3_3185,Var3_3186,Var3_3187,Var3_3188,Var3_3189,Var3_3190,Var3_3191,Var3_3192,Var3_3193,Var3_3194,Var3_3195,Var3_3196,Var3_3197,Var3_3198,Var3_3199,Var3_3200,Var3_3201,Var3_3202,Var3_3203,Var3_3204,Var3_3205,Var3_3206,Var3_3207,Var3_3208,Var3_3209,Var3_3210,Var3_3211,Var3_3212,Var3_3213,Var3_3214,Var3_3215,Var3_3216,Var3_3217,Var3_3218,Var3_3219,Var3_3220,Var3_3221,Var3_3222,Var3_3223,Var3_3224,Var3_3225,Var3_3226,Var3_3227,Var3_3228,Var3_3229,Var3_3230,Var3_3231,Var3_3232,Var3_3233,Var3_3234,Var3_3235,Var3_3236,Var3_3237,Var3_3238,Var3_3239,Var3_3240,Var3_3241,Var3_3242,Var3_3243,Var3_3244,Var3_3245,Var3_3246,Var3_3247,Var3_3248,Var3_3249,Var3_3250,Var3_3251,Var3_3252,Var3_3253,Var3_3254,Var3_3255,Var3_3256,Var3_3257,Var3_3258,Var3_3259,Var3_3260,Var3_3261,Var3_3262,Var3_3263,Var3_3264,Var3_3265,Var3_3266,Var3_3267,Var3_3268,Var3_3269,Var3_3270,Var3_3271,Var3_3272,Var3_3273,Var3_3274,Var3_3275,Var3_3276,Var3_3277,Var3_3278,Var3_3279,Var3_3280,Var3_3281,Var3_3282,Var3_3283,Var3_3284,Var3_3285,Var3_3286,Var3_3287,Var3_3288,Var3_3289,Var3_3290,Var3_3291,Var3_3292,Var3_3293,Var3_3294,Var3_3295,Var3_3296,Var3_3297,Var3_3298,Var3_3299,Var3_3300,Var3_3301,Var3_3302,Var3_3303,Var3_3304,Var3_3305,Var3_3306,Var3_3307,Var3_3308,Var3_3309,Var3_3310,Var3_3311,Var3_3312,Var3_3313,Var3_3314,Var3_3315,Var3_3316,Var3_3317,Var3_3318,Var3_3319,Var3_3320,Var3_3321,Var3_3322,Var3_3323,Var3_3324,Var3_3325,Var3_3326,Var3_3327,Var3_3328,Var3_3329,Var3_3330,Var3_3331,Var3_3332,Var3_3333,Var3_3334,Var3_3335,Var3_3336,Var3_3337,Var3_3338,Var3_3339,Var3_3340,Var3_3341,Var3_3342,Var3_3343,Var3_3344,Var3_3345,Var3_3346,Var3_3347,Var3_3348,Var3_3349,Var3_3350,Var3_3351,Var3_3352,Var3_3353,Var3_3354,Var3_3355,Var3_3356,Var3_3357,Var3_3358,Var3_3359,Var3_3360,Var3_3361,Var3_3362,Var3_3363,Var3_3364,Var3_3365,Var3_3366,Var3_3367,Var3_3368,Var3_3369,Var3_3370,Var3_3371,Var3_3372,Var3_3373,Var3_3374,Var3_3375,Var3_3376,Var3_3377,Var3_3378,Var3_3379,Var3_3380,Var3_3381,Var3_3382,Var3_3383,Var3_3384,Var3_3385,Var3_3386,Var3_3387,Var3_3388,Var3_3389,Var3_3390,Var3_3391,Var3_3392,Var3_3393,Var3_3394,Var3_3395,Var3_3396,Var3_3397,Var3_3398,Var3_3399,Var3_3400,Var3_3401,Var3_3402,Var3_3403,Var3_3404,Var3_3405,Var3_3406,Var3_3407,Var3_3408,Var3_3409,Var3_3410,Var3_3411,Var3_3412,Var3_3413,Var3_3414,Var3_3415,Var3_3416,Var3_3417,Var3_3418,Var3_3419,Var3_3420,Var3_3421,Var3_3422,Var3_3423,Var3_3424,Var3_3425,Var3_3426,Var3_3427,Var3_3428,Var3_3429,Var3_3430,Var3_3431,Var3_3432,Var3_3433,Var3_3434,Var3_3435,Var3_3436,Var3_3437,Var3_3438,Var3_3439,Var3_3440,Var3_3441,Var3_3442,Var3_3443,Var3_3444,Var3_3445,Var3_3446,Var3_3447,Var3_3448,Var3_3449,Var3_3450,Var3_3451,Var3_3452,Var3_3453,Var3_3454,Var3_3455,Var3_3456,Var3_3457,Var3_3458,Var3_3459,Var3_3460,Var3_3461,Var3_3462,Var3_3463,Var3_3464,Var3_3465,Var3_3466,Var3_3467,Var3_3468,Var3_3469,Var3_3470,Var3_3471,Var3_3472,Var3_3473,Var3_3474,Var3_3475,Var3_3476,Var3_3477,Var3_3478,Var3_3479,Var3_3480,Var3_3481,Var3_3482,Var3_3483,Var3_3484,Var3_3485,Var3_3486,Var3_3487,Var3_3488,Var3_3489,Var3_3490,Var3_3491,Var3_3492,Var3_3493,Var3_3494,Var3_3495,Var3_3496,Var3_3497,Var3_3498,Var3_3499,Var3_3500,Var3_3501,Var3_3502,Var3_3503,Var3_3504,Var3_3505,Var3_3506,Var3_3507,Var3_3508,Var3_3509,Var3_3510,Var3_3511,Var3_3512,Var3_3513,Var3_3514,Var3_3515,Var3_3516,Var3_3517,Var3_3518,Var3_3519,Var3_3520,Var3_3521,Var3_3522,Var3_3523,Var3_3524,Var3_3525,Var3_3526,Var3_3527,Var3_3528,Var3_3529,Var3_3530,Var3_3531,Var3_3532,Var3_3533,Var3_3534,Var3_3535,Var3_3536,Var3_3537,Var3_3538,Var3_3539,Var3_3540,Var3_3541,Var3_3542,Var3_3543,Var3_3544,Var3_3545,Var3_3546,Var3_3547,Var3_3548,Var3_3549,Var3_3550,Var3_3551,Var3_3552,Var3_3553,Var3_3554,Var3_3555,Var3_3556,Var3_3557,Var3_3558,Var3_3559,Var3_3560,Var3_3561,Var3_3562,Var3_3563,Var3_3564,Var3_3565,Var3_3566,Var3_3567,Var3_3568,Var3_3569,Var3_3570,Var3_3571,Var3_3572,Var3_3573,Var3_3574,Var3_3575,Var3_3576,Var3_3577,Var3_3578,Var3_3579,Var3_3580,Var3_3581,Var3_3582,Var3_3583,Var3_3584,Var3_3585,Var3_3586,Var3_3587,Var3_3588,Var3_3589,Var3_3590,Var3_3591,Var3_3592,Var3_3593,Var3_3594,Var3_3595,Var3_3596,Var3_3597,Var3_3598,Var3_3599,Var3_3600,Var3_3601,Var3_3602,Var3_3603,Var3_3604,Var3_3605,Var3_3606,Var3_3607,Var3_3608,Var3_3609,Var3_3610,Var3_3611,Var3_3612,Var3_3613,Var3_3614,Var3_3615,Var3_3616,Var3_3617,Var3_3618,Var3_3619,Var3_3620,Var3_3621,Var3_3622,Var3_3623,Var3_3624,Var3_3625,Var3_3626,Var3_3627,Var3_3628,Var3_3629,Var3_3630,Var3_3631,Var3_3632,Var3_3633,Var3_3634,Var3_3635,Var3_3636,Var3_3637,Var3_3638,Var3_3639,Var3_3640,Var3_3641,Var3_3642,Var3_3643,Var3_3644,Var3_3645,Var3_3646,Var3_3647,Var3_3648,Var3_3649,Var3_3650,Var3_3651,Var3_3652,Var3_3653,Var3_3654,Var3_3655,Var3_3656,Var3_3657,Var3_3658,Var3_3659,Var3_3660,Var3_3661,Var3_3662,Var3_3663,Var3_3664,Var3_3665,Var3_3666,Var3_3667,Var3_3668,Var3_3669,Var3_3670,Var3_3671,Var3_3672,Var3_3673,Var3_3674,Var3_3675,Var3_3676,Var3_3677,Var3_3678,Var3_3679,Var3_3680,Var3_3681,Var3_3682,Var3_3683,Var3_3684,Var3_3685,Var3_3686,Var3_3687,Var3_3688,Var3_3689,Var3_3690,Var3_3691,Var3_3692,Var3_3693,Var3_3694,Var3_3695,Var3_3696,Var3_3697,Var3_3698,Var3_3699,Var3_3700,Var3_3701,Var3_3702,Var3_3703,Var3_3704,Var3_3705,Var3_3706,Var3_3707,Var3_3708,Var3_3709,Var3_3710,Var3_3711,Var3_3712,Var3_3713,Var3_3714,Var3_3715,Var3_3716,Var3_3717,Var3_3718,Var3_3719,Var3_3720,Var3_3721,Var3_3722,Var3_3723,Var3_3724,Var3_3725,Var3_3726,Var3_3727,Var3_3728,Var3_3729,Var3_3730,Var3_3731,Var3_3732,Var3_3733,Var3_3734,Var3_3735,Var3_3736,Var3_3737,Var3_3738,Var3_3739,Var3_3740,Var3_3741,Var3_3742,Var3_3743,Var3_3744,Var3_3745,Var3_3746,Var3_3747,Var3_3748,Var3_3749,Var3_3750,Var3_3751,Var3_3752,Var3_3753,Var3_3754,Var3_3755,Var3_3756,Var3_3757,Var3_3758,Var3_3759,Var3_3760,Var3_3761,Var3_3762,Var3_3763,Var3_3764,Var3_3765,Var3_3766,Var3_3767,Var3_3768,Var3_3769,Var3_3770,Var3_3771,Var3_3772,Var3_3773,Var3_3774,Var3_3775,Var3_3776,Var3_3777,Var3_3778,Var3_3779,Var3_3780,Var3_3781,Var3_3782,Var3_3783,Var3_3784,Var3_3785,Var3_3786,Var3_3787,Var3_3788,Var3_3789,Var3_3790,Var3_3791,Var3_3792,Var3_3793,Var3_3794,Var3_3795,Var3_3796,Var3_3797,Var3_3798,Var3_3799,Var3_3800,Var3_3801,Var3_3802,Var3_3803,Var3_3804,Var3_3805,Var3_3806,Var3_3807,Var3_3808,Var3_3809,Var3_3810,Var3_3811,Var3_3812,Var3_3813,Var3_3814,Var3_3815,Var3_3816,Var3_3817,Var3_3818,Var3_3819,Var3_3820,Var3_3821,Var3_3822,Var3_3823,Var3_3824,Var3_3825,Var3_3826,Var3_3827,Var3_3828,Var3_3829,Var3_3830,Var3_3831,Var3_3832,Var3_3833,Var3_3834,Var3_3835,Var3_3836,Var3_3837,Var3_3838,Var3_3839,Var3_3840,Var3_3841,Var3_3842,Var3_3843,Var3_3844,Var3_3845,Var3_3846,Var3_3847,Var3_3848,Var3_3849,Var3_3850,Var3_3851,Var3_3852,Var3_3853,Var3_3854,Var3_3855,Var3_3856,Var3_3857,Var3_3858,Var3_3859,Var3_3860,Var3_3861,Var3_3862,Var3_3863,Var3_3864,Var3_3865,Var3_3866,Var3_3867,Var3_3868,Var3_3869,Var3_3870,Var3_3871,Var3_3872,Var3_3873,Var3_3874,Var3_3875,Var3_3876,Var3_3877,Var3_3878,Var3_3879,Var3_3880,Var3_3881,Var3_3882,Var3_3883,Var3_3884,Var3_3885,Var3_3886,Var3_3887,Var3_3888,Var3_3889,Var3_3890,Var3_3891,Var3_3892,Var3_3893,Var3_3894,Var3_3895,Var3_3896,Var3_3897,Var3_3898,Var3_3899,Var3_3900,Var3_3901,Var3_3902,Var3_3903,Var3_3904,Var3_3905,Var3_3906,Var3_3907,Var3_3908,Var3_3909,Var3_3910,Var3_3911,Var3_3912,Var3_3913,Var3_3914,Var3_3915,Var3_3916,Var3_3917,Var3_3918,Var3_3919,Var3_3920,Var3_3921,Var3_3922,Var3_3923,Var3_3924,Var3_3925,Var3_3926,Var3_3927,Var3_3928,Var3_3929,Var3_3930,Var3_3931,Var3_3932,Var3_3933,Var3_3934,Var3_3935,Var3_3936,Var3_3937,Var3_3938,Var3_3939,Var3_3940,Var3_3941,Var3_3942,Var3_3943,Var3_3944,Var3_3945,Var3_3946,Var3_3947,Var3_3948,Var3_3949,Var3_3950,Var3_3951,Var3_3952,Var3_3953,Var3_3954,Var3_3955,Var3_3956,Var3_3957,Var3_3958,Var3_3959,Var3_3960,Var3_3961,Var3_3962,Var3_3963,Var3_3964,Var3_3965,Var3_3966,Var3_3967,Var3_3968,Var3_3969,Var3_3970,Var3_3971,Var3_3972,Var3_3973,Var3_3974,Var3_3975,Var3_3976,Var3_3977,Var3_3978,Var3_3979,Var3_3980,Var3_3981,Var3_3982,Var3_3983,Var3_3984,Var3_3985,Var3_3986,Var3_3987,Var3_3988,Var3_3989,Var3_3990,Var3_3991,Var3_3992,Var3_3993,Var3_3994,Var3_3995,Var3_3996,Var3_3997,Var3_3998,Var3_3999,Var3_4000,Var3_4001,Var3_4002,Var3_4003,Var3_4004,Var3_4005,Var3_4006,Var3_4007,Var3_4008,Var3_4009,Var3_4010,Var3_4011,Var3_4012,Var3_4013,Var3_4014,Var3_4015,Var3_4016,Var3_4017,Var3_4018,Var3_4019,Var3_4020,Var3_4021,Var3_4022,Var3_4023,Var3_4024,Var3_4025,Var3_4026,Var3_4027,Var3_4028,Var3_4029,Var3_4030,Var3_4031,Var3_4032,Var3_4033,Var3_4034,Var3_4035,Var3_4036,Var3_4037,Var3_4038,Var3_4039,Var3_4040,Var3_4041,Var3_4042,Var3_4043,Var3_4044,Var3_4045,Var3_4046,Var3_4047,Var3_4048,Var3_4049,Var3_4050,Var3_4051,Var3_4052,Var3_4053,Var3_4054,Var3_4055,Var3_4056,Var3_4057,Var3_4058,Var3_4059,Var3_4060,Var3_4061,Var3_4062,Var3_4063,Var3_4064,Var3_4065,Var3_4066,Var3_4067,Var3_4068,Var3_4069,Var3_4070,Var3_4071,Var3_4072,Var3_4073,Var3_4074,Var3_4075,Var3_4076,Var3_4077,Var3_4078,Var3_4079,Var3_4080,Var3_4081,Var3_4082,Var3_4083,Var3_4084,Var3_4085,Var3_4086,Var3_4087,Var3_4088,Var3_4089,Var3_4090,Var3_4091,Var3_4092,Var3_4093,Var3_4094,Var3_4095,Var3_4096,Var3_4097,Var3_4098,Var3_4099,Var3_4100,Var3_4101,Var3_4102,Var3_4103,Var3_4104,Var3_4105,Var3_4106,Var3_4107,Var3_4108,Var3_4109,Var3_4110,Var3_4111,Var3_4112,Var3_4113,Var3_4114,Var3_4115,Var3_4116,Var3_4117,Var3_4118,Var3_4119,Var3_4120,Var3_4121,Var3_4122,Var3_4123,Var3_4124,Var3_4125,Var3_4126,Var3_4127,Var3_4128,Var3_4129,Var3_4130,Var3_4131,Var3_4132,Var3_4133,Var3_4134,Var3_4135,Var3_4136,Var3_4137,Var3_4138,Var3_4139,Var3_4140,Var3_4141,Var3_4142,Var3_4143,Var3_4144,Var3_4145,Var3_4146,Var3_4147,Var3_4148,Var3_4149,Var3_4150,Var3_4151,Var3_4152,Var3_4153,Var3_4154,Var3_4155,Var3_4156,Var3_4157,Var3_4158,Var3_4159,Var3_4160,Var3_4161,Var3_4162,Var3_4163,Var3_4164,Var3_4165,Var3_4166,Var3_4167,Var3_4168,Var3_4169,Var3_4170,Var3_4171,Var3_4172,Var3_4173,Var3_4174,Var3_4175,Var3_4176,Var3_4177,Var3_4178,Var3_4179,Var3_4180,Var3_4181,Var3_4182,Var3_4183,Var3_4184,Var3_4185,Var3_4186,Var3_4187,Var3_4188,Var3_4189,Var3_4190,Var3_4191,Var3_4192,Var3_4193,Var3_4194,Var3_4195,Var3_4196,Var3_4197,Var3_4198,Var3_4199,Var3_4200,Var3_4201,Var3_4202,Var3_4203,Var3_4204,Var3_4205,Var3_4206,Var3_4207,Var3_4208,Var3_4209,Var3_4210,Var3_4211,Var3_4212,Var3_4213,Var3_4214,Var3_4215,Var3_4216,Var3_4217,Var3_4218,Var3_4219,Var3_4220,Var3_4221,Var3_4222,Var3_4223,Var3_4224,Var3_4225,Var3_4226,Var3_4227,Var3_4228,Var3_4229,Var3_4230,Var3_4231,Var3_4232,Var3_4233,Var3_4234,Var3_4235,Var3_4236,Var3_4237,Var3_4238,Var3_4239,Var3_4240,Var3_4241,Var3_4242,Var3_4243,Var3_4244,Var3_4245,Var3_4246,Var3_4247,Var3_4248,Var3_4249,Var3_4250,Var3_4251,Var3_4252,Var3_4253,Var3_4254,Var3_4255,Var3_4256,Var3_4257,Var3_4258,Var3_4259,Var3_4260,Var3_4261,Var3_4262,Var3_4263,Var3_4264,Var3_4265,Var3_4266,Var3_4267,Var3_4268,Var3_4269,Var3_4270,Var3_4271,Var3_4272,Var3_4273,Var3_4274,Var3_4275,Var3_4276,Var3_4277,Var3_4278,Var3_4279,Var3_4280,Var3_4281,Var3_4282,Var3_4283,Var3_4284,Var3_4285,Var3_4286,Var3_4287,Var3_4288,Var3_4289,Var3_4290,Var3_4291,Var3_4292,Var3_4293,Var3_4294,Var3_4295,Var3_4296,Var3_4297,Var3_4298,Var3_4299,Var3_4300,Var3_4301,Var3_4302,Var3_4303,Var3_4304,Var3_4305,Var3_4306,Var3_4307,Var3_4308,Var3_4309,Var3_4310,Var3_4311,Var3_4312,Var3_4313,Var3_4314,Var3_4315,Var3_4316,Var3_4317,Var3_4318,Var3_4319,Var3_4320,Var3_4321,Var3_4322,Var3_4323,Var3_4324,Var3_4325,Var3_4326,Var3_4327,Var3_4328,Var3_4329,Var3_4330,Var3_4331,Var3_4332,Var3_4333,Var3_4334,Var3_4335,Var3_4336,Var3_4337,Var3_4338,Var3_4339,Var3_4340,Var3_4341,Var3_4342,Var3_4343,Var3_4344,Var3_4345,Var3_4346,Var3_4347,Var3_4348,Var3_4349,Var3_4350,Var3_4351,Var3_4352,Var3_4353,Var3_4354,Var3_4355,Var3_4356,Var3_4357,Var3_4358,Var3_4359,Var3_4360,Var3_4361,Var3_4362,Var3_4363,Var3_4364,Var3_4365,Var3_4366,Var3_4367,Var3_4368,Var3_4369,Var3_4370,Var3_4371,Var3_4372,Var3_4373,Var3_4374,Var3_4375,Var3_4376,Var3_4377,Var3_4378,Var3_4379,Var3_4380,Var3_4381,Var3_4382,Var3_4383,Var3_4384,Var3_4385,Var3_4386,Var3_4387,Var3_4388,Var3_4389,Var3_4390,Var3_4391,Var3_4392,Var3_4393,Var3_4394,Var3_4395,Var3_4396,Var3_4397,Var3_4398,Var3_4399,Var3_4400,Var3_4401,Var3_4402,Var3_4403,Var3_4404,Var3_4405,Var3_4406,Var3_4407,Var3_4408,Var3_4409,Var3_4410,Var3_4411,Var3_4412,Var3_4413,Var3_4414,Var3_4415,Var3_4416,Var3_4417,Var3_4418,Var3_4419,Var3_4420,Var3_4421,Var3_4422,Var3_4423,Var3_4424,Var3_4425,Var3_4426,Var3_4427,Var3_4428,Var3_4429,Var3_4430,Var3_4431,Var3_4432,Var3_4433,Var3_4434,Var3_4435,Var3_4436,Var3_4437,Var3_4438,Var3_4439,Var3_4440,Var3_4441,Var3_4442,Var3_4443,Var3_4444,Var3_4445,Var3_4446,Var3_4447,Var3_4448,Var3_4449,Var3_4450,Var3_4451,Var3_4452,Var3_4453,Var3_4454,Var3_4455,Var3_4456,Var3_4457,Var3_4458,Var3_4459,Var3_4460,Var3_4461,Var3_4462,Var3_4463,Var3_4464,Var3_4465,Var3_4466,Var3_4467,Var3_4468,Var3_4469,Var3_4470,Var3_4471,Var3_4472,Var3_4473,Var3_4474,Var3_4475,Var3_4476,Var3_4477,Var3_4478,Var3_4479,Var3_4480,Var3_4481,Var3_4482,Var3_4483,Var3_4484,Var3_4485,Var3_4486,Var3_4487,Var3_4488,Var3_4489,Var3_4490,Var3_4491,Var3_4492,Var3_4493,Var3_4494,Var3_4495,Var3_4496,Var3_4497,Var3_4498,Var3_4499,Var3_4500,Var3_4501,Var3_4502,Var3_4503,Var3_4504,Var3_4505,Var3_4506,Var3_4507,Var3_4508,Var3_4509,Var3_4510,Var3_4511,Var3_4512,Var3_4513,Var3_4514,Var3_4515,Var3_4516,Var3_4517,Var3_4518,Var3_4519,Var3_4520,Var3_4521,Var3_4522,Var3_4523,Var3_4524,Var3_4525,Var3_4526,Var3_4527,Var3_4528,Var3_4529,Var3_4530,Var3_4531,Var3_4532,Var3_4533,Var3_4534,Var3_4535,Var3_4536,Var3_4537,Var3_4538,Var3_4539,Var3_4540,Var3_4541,Var3_4542,Var3_4543,Var3_4544,Var3_4545,Var3_4546,Var3_4547,Var3_4548,Var3_4549,Var3_4550,Var3_4551,Var3_4552,Var3_4553,Var3_4554,Var3_4555,Var3_4556,Var3_4557,Var3_4558,Var3_4559,Var3_4560,Var3_4561,Var3_4562,Var3_4563,Var3_4564,Var3_4565,Var3_4566,Var3_4567,Var3_4568,Var3_4569,Var3_4570,Var3_4571,Var3_4572,Var3_4573,Var3_4574,Var3_4575,Var3_4576,Var3_4577,Var3_4578,Var3_4579,Var3_4580,Var3_4581,Var3_4582,Var3_4583,Var3_4584,Var3_4585,Var3_4586,Var3_4587,Var3_4588,Var3_4589,Var3_4590,Var3_4591,Var3_4592,Var3_4593,Var3_4594,Var3_4595,Var3_4596,Var3_4597,Var3_4598,Var3_4599,Var3_4600,Var3_4601,Var3_4602,Var3_4603,Var3_4604,Var3_4605,Var3_4606,Var3_4607,Var3_4608,Var3_4609,Var3_4610,Var3_4611,Var3_4612,Var3_4613,Var3_4614,Var3_4615,Var3_4616,Var3_4617,Var3_4618,Var3_4619,Var3_4620,Var3_4621,Var3_4622,Var3_4623,Var3_4624,Var3_4625,Var3_4626,Var3_4627,Var3_4628,Var3_4629,Var3_4630,Var3_4631,Var3_4632,Var3_4633,Var3_4634,Var3_4635,Var3_4636,Var3_4637,Var3_4638,Var3_4639,Var3_4640,Var3_4641,Var3_4642,Var3_4643,Var3_4644,Var3_4645,Var3_4646,Var3_4647,Var3_4648,Var3_4649,Var3_4650,Var3_4651,Var3_4652,Var3_4653,Var3_4654,Var3_4655,Var3_4656,Var3_4657,Var3_4658,Var3_4659,Var3_4660,Var3_4661,Var3_4662,Var3_4663,Var3_4664,Var3_4665,Var3_4666,Var3_4667,Var3_4668,Var3_4669,Var3_4670,Var3_4671,Var3_4672,Var3_4673,Var3_4674,Var3_4675,Var3_4676,Var3_4677,Var3_4678,Var3_4679,Var3_4680,Var3_4681,Var3_4682,Var3_4683,Var3_4684,Var3_4685,Var3_4686,Var3_4687,Var3_4688,Var3_4689,Var3_4690,Var3_4691,Var3_4692,Var3_4693,Var3_4694,Var3_4695,Var3_4696,Var3_4697,Var3_4698,Var3_4699,Var3_4700,Var3_4701,Var3_4702,Var3_4703,Var3_4704,Var3_4705,Var3_4706,Var3_4707,Var3_4708,Var3_4709,Var3_4710,Var3_4711,Var3_4712,Var3_4713,Var3_4714,Var3_4715,Var3_4716,Var3_4717,Var3_4718,Var3_4719,Var3_4720,Var3_4721,Var3_4722,Var3_4723,Var3_4724,Var3_4725,Var3_4726,Var3_4727,Var3_4728,Var3_4729,Var3_4730,Var3_4731,Var3_4732,Var3_4733,Var3_4734,Var3_4735,Var3_4736,Var3_4737,Var3_4738,Var3_4739,Var3_4740,Var3_4741,Var3_4742,Var3_4743,Var3_4744,Var3_4745,Var3_4746,Var3_4747,Var3_4748,Var3_4749,Var3_4750,Var3_4751,Var3_4752,Var3_4753,Var3_4754,Var3_4755,Var3_4756,Var3_4757,Var3_4758,Var3_4759,Var3_4760,Var3_4761,Var3_4762,Var3_4763,Var3_4764,Var3_4765,Var3_4766,Var3_4767,Var3_4768,Var3_4769,Var3_4770,Var3_4771,Var3_4772,Var3_4773,Var3_4774,Var3_4775,Var3_4776,Var3_4777,Var3_4778,Var3_4779,Var3_4780,Var3_4781,Var3_4782,Var3_4783,Var3_4784,Var3_4785,Var3_4786,Var3_4787,Var3_4788,Var3_4789,Var3_4790,Var3_4791,Var3_4792,Var3_4793,Var3_4794,Var3_4795,Var3_4796,Var3_4797,Var3_4798,Var3_4799,Var3_4800,Var3_4801,Var3_4802,Var3_4803,Var3_4804,Var3_4805,Var3_4806,Var3_4807,Var3_4808,Var3_4809,Var3_4810,Var3_4811,Var3_4812,Var3_4813,Var3_4814,Var3_4815,Var3_4816,Var3_4817,Var3_4818,Var3_4819,Var3_4820,Var3_4821,Var3_4822,Var3_4823,Var3_4824,Var3_4825,Var3_4826,Var3_4827,Var3_4828,Var3_4829,Var3_4830,Var3_4831,Var3_4832,Var3_4833,Var3_4834,Var3_4835,Var3_4836,Var3_4837,Var3_4838,Var3_4839,Var3_4840,Var3_4841,Var3_4842,Var3_4843,Var3_4844,Var3_4845,Var3_4846,Var3_4847,Var3_4848,Var3_4849,Var3_4850,Var3_4851,Var3_4852,Var3_4853,Var3_4854,Var3_4855,Var3_4856,Var3_4857,Var3_4858,Var3_4859,Var3_4860,Var3_4861,Var3_4862,Var3_4863,Var3_4864,Var3_4865,Var3_4866,Var3_4867,Var3_4868,Var3_4869,Var3_4870,Var3_4871,Var3_4872,Var3_4873,Var3_4874,Var3_4875,Var3_4876,Var3_4877,Var3_4878,Var3_4879,Var3_4880,Var3_4881,Var3_4882,Var3_4883,Var3_4884,Var3_4885,Var3_4886,Var3_4887,Var3_4888,Var3_4889,Var3_4890,Var3_4891,Var3_4892,Var3_4893,Var3_4894,Var3_4895,Var3_4896,Var3_4897,Var3_4898,Var3_4899,Var3_4900,Var3_4901,Var3_4902,Var3_4903,Var3_4904,Var3_4905,Var3_4906,Var3_4907,Var3_4908,Var3_4909,Var3_4910,Var3_4911,Var3_4912,Var3_4913,Var3_4914,Var3_4915,Var3_4916,Var3_4917,Var3_4918,Var3_4919,Var3_4920,Var3_4921,Var3_4922,Var3_4923,Var3_4924,Var3_4925,Var3_4926,Var3_4927,Var3_4928,Var3_4929,Var3_4930,Var3_4931,Var3_4932,Var3_4933,Var3_4934,Var3_4935,Var3_4936,Var3_4937,Var3_4938,Var3_4939,Var3_4940,Var3_4941,Var3_4942,Var3_4943,Var3_4944,Var3_4945,Var3_4946,Var3_4947,Var3_4948,Var3_4949,Var3_4950,Var3_4951,Var3_4952,Var3_4953,Var3_4954,Var3_4955,Var3_4956,Var3_4957,Var3_4958,Var3_4959,Var3_4960,Var3_4961,Var3_4962,Var3_4963,Var3_4964,Var3_4965,Var3_4966,Var3_4967,Var3_4968,Var3_4969,Var3_4970,Var3_4971,Var3_4972,Var3_4973,Var3_4974,Var3_4975,Var3_4976,Var3_4977,Var3_4978,Var3_4979,Var3_4980,Var3_4981,Var3_4982,Var3_4983,Var3_4984,Var3_4985,Var3_4986,Var3_4987,Var3_4988,Var3_4989,Var3_4990,Var3_4991,Var3_4992,Var3_4993,Var3_4994,Var3_4995,Var3_4996,Var3_4997,Var3_4998,Var3_4999,Var3_5000,Var3_5001,Var3_5002,Var3_5003,Var3_5004,Var3_5005,Var3_5006,Var3_5007,Var3_5008,Var3_5009,Var3_5010,Var3_5011,Var3_5012,Var3_5013,Var3_5014,Var3_5015,Var3_5016,Var3_5017,Var3_5018,Var3_5019,Var3_5020,Var3_5021,Var3_5022,Var3_5023,Var3_5024,Var3_5025,Var3_5026,Var3_5027,Var3_5028,Var3_5029,Var3_5030,Var3_5031,Var3_5032,Var3_5033,Var3_5034,Var3_5035,Var3_5036,Var3_5037,Var3_5038,Var3_5039,Var3_5040,Var3_5041,Var3_5042,Var3_5043,Var3_5044,Var3_5045,Var3_5046,Var3_5047,Var3_5048,Var3_5049,Var3_5050,Var3_5051,Var3_5052,Var3_5053,Var3_5054,Var3_5055,Var3_5056,Var3_5057,Var3_5058,Var3_5059,Var3_5060,Var3_5061,Var3_5062,Var3_5063,Var3_5064,Var3_5065,Var3_5066,Var3_5067,Var3_5068,Var3_5069,Var3_5070,Var3_5071,Var3_5072,Var3_5073,Var3_5074,Var3_5075,Var3_5076,Var3_5077,Var3_5078,Var3_5079,Var3_5080,Var3_5081,Var3_5082,Var3_5083,Var3_5084,Var3_5085,Var3_5086,Var3_5087,Var3_5088,Var3_5089,Var3_5090,Var3_5091,Var3_5092,Var3_5093,Var3_5094,Var3_5095,Var3_5096,Var3_5097,Var3_5098,Var3_5099,Var3_5100,Var3_5101,Var3_5102,Var3_5103,Var3_5104,Var3_5105,Var3_5106,Var3_5107,Var3_5108,Var3_5109,Var3_5110,Var3_5111,Var3_5112,Var3_5113,Var3_5114,Var3_5115,Var3_5116,Var3_5117,Var3_5118,Var3_5119,Var3_5120,Var3_5121,Var3_5122,Var3_5123,Var3_5124,Var3_5125,Var3_5126,Var3_5127,Var3_5128,Var3_5129,Var3_5130,Var3_5131,Var3_5132,Var3_5133,Var3_5134,Var3_5135,Var3_5136,Var3_5137,Var3_5138,Var3_5139,Var3_5140,Var3_5141,Var3_5142,Var3_5143,Var3_5144,Var3_5145,Var3_5146,Var3_5147,Var3_5148,Var3_5149,Var3_5150,Var3_5151,Var3_5152,Var3_5153,Var3_5154,Var3_5155,Var3_5156,Var3_5157,Var3_5158,Var3_5159,Var3_5160,Var3_5161,Var3_5162,Var3_5163,Var3_5164,Var3_5165,Var3_5166,Var3_5167,Var3_5168,Var3_5169,Var3_5170,Var3_5171,Var3_5172,Var3_5173,Var3_5174,Var3_5175,Var3_5176,Var3_5177,Var3_5178,Var3_5179,Var3_5180,Var3_5181,Var3_5182,Var3_5183,Var3_5184,Var3_5185,Var3_5186,Var3_5187,Var3_5188,Var3_5189,Var3_5190,Var3_5191,Var3_5192,Var3_5193,Var3_5194,Var3_5195,Var3_5196,Var3_5197,Var3_5198,Var3_5199,Var3_5200,Var3_5201,Var3_5202,Var3_5203,Var3_5204,Var3_5205,Var3_5206,Var3_5207,Var3_5208,Var3_5209,Var3_5210,Var3_5211,Var3_5212,Var3_5213,Var3_5214,Var3_5215,Var3_5216,Var3_5217,Var3_5218,Var3_5219,Var3_5220,Var3_5221,Var3_5222,Var3_5223,Var3_5224,Var3_5225,Var3_5226,Var3_5227,Var3_5228,Var3_5229,Var3_5230,Var3_5231,Var3_5232,Var3_5233,Var3_5234,Var3_5235,Var3_5236,Var3_5237,Var3_5238,Var3_5239,Var3_5240,Var3_5241,Var3_5242,Var3_5243,Var3_5244,Var3_5245,Var3_5246,Var3_5247,Var3_5248,Var3_5249,Var3_5250,Var3_5251,Var3_5252,Var3_5253,Var3_5254,Var3_5255,Var3_5256,Var3_5257,Var3_5258,Var3_5259,Var3_5260,Var3_5261,Var3_5262,Var3_5263,Var3_5264,Var3_5265,Var3_5266,Var3_5267,Var3_5268,Var3_5269,Var3_5270,Var3_5271,Var3_5272,Var3_5273,Var3_5274,Var3_5275,Var3_5276,Var3_5277,Var3_5278,Var3_5279,Var3_5280,Var3_5281,Var3_5282,Var3_5283,Var3_5284,Var3_5285,Var3_5286,Var3_5287,Var3_5288,Var3_5289,Var3_5290,Var3_5291,Var3_5292,Var3_5293,Var3_5294,Var3_5295,Var3_5296,Var3_5297,Var3_5298,Var3_5299,Var3_5300,Var3_5301,Var3_5302,Var3_5303,Var3_5304,Var3_5305,Var3_5306,Var3_5307,Var3_5308,Var3_5309,Var3_5310,Var3_5311,Var3_5312,Var3_5313,Var3_5314,Var3_5315,Var3_5316,Var3_5317,Var3_5318,Var3_5319,Var3_5320,Var3_5321,Var3_5322,Var3_5323,Var3_5324,Var3_5325,Var3_5326,Var3_5327,Var3_5328,Var3_5329,Var3_5330,Var3_5331,Var3_5332,Var3_5333,Var3_5334,Var3_5335,Var3_5336,Var3_5337,Var3_5338,Var3_5339,Var3_5340,Var3_5341,Var3_5342,Var3_5343,Var3_5344,Var3_5345,Var3_5346,Var3_5347,Var3_5348,Var3_5349,Var3_5350,Var3_5351,Var3_5352,Var3_5353,Var3_5354,Var3_5355,Var3_5356,Var3_5357,Var3_5358,Var3_5359,Var3_5360,Var3_5361,Var3_5362,Var3_5363,Var3_5364,Var3_5365,Var3_5366,Var3_5367,Var3_5368,Var3_5369,Var3_5370,Var3_5371,Var3_5372,Var3_5373,Var3_5374,Var3_5375,Var3_5376,Var3_5377,Var3_5378,Var3_5379,Var3_5380,Var3_5381,Var3_5382,Var3_5383,Var3_5384,Var3_5385,Var3_5386,Var3_5387,Var3_5388,Var3_5389,Var3_5390,Var3_5391,Var3_5392,Var3_5393,Var3_5394,Var3_5395,Var3_5396,Var3_5397,Var3_5398,Var3_5399,Var3_5400,Var3_5401,Var3_5402,Var3_5403,Var3_5404,Var3_5405,Var3_5406,Var3_5407,Var3_5408,Var3_5409,Var3_5410,Var3_5411,Var3_5412,Var3_5413,Var3_5414,Var3_5415,Var3_5416,Var3_5417,Var3_5418,Var3_5419,Var3_5420,Var3_5421,Var3_5422,Var3_5423,Var3_5424,Var3_5425,Var3_5426,Var3_5427,Var3_5428,Var3_5429,Var3_5430,Var3_5431,Var3_5432,Var3_5433,Var3_5434,Var3_5435,Var3_5436,Var3_5437,Var3_5438,Var3_5439,Var3_5440,Var3_5441,Var3_5442,Var3_5443,Var3_5444,Var3_5445,Var3_5446,Var3_5447,Var3_5448,Var3_5449,Var3_5450,Var3_5451,Var3_5452,Var3_5453,Var3_5454,Var3_5455,Var3_5456,Var3_5457,Var3_5458,Var3_5459,Var3_5460,Var3_5461,Var3_5462,Var3_5463,Var3_5464,Var3_5465,Var3_5466,Var3_5467,Var3_5468,Var3_5469,Var3_5470,Var3_5471,Var3_5472,Var3_5473,Var3_5474,Var3_5475,Var3_5476,Var3_5477,Var3_5478,Var3_5479,Var3_5480,Var3_5481,Var3_5482,Var3_5483,Var3_5484,Var3_5485,Var3_5486,Var3_5487,Var3_5488,Var3_5489,Var3_5490,Var3_5491,Var3_5492,Var3_5493,Var3_5494,Var3_5495,Var3_5496,Var3_5497,Var3_5498,Var3_5499,Var3_5500,Var3_5501,Var3_5502,Var3_5503,Var3_5504,Var3_5505,Var3_5506,Var3_5507,Var3_5508,Var3_5509,Var3_5510,Var3_5511,Var3_5512,Var3_5513,Var3_5514,Var3_5515,Var3_5516,Var3_5517,Var3_5518,Var3_5519,Var3_5520,Var3_5521,Var3_5522,Var3_5523,Var3_5524,Var3_5525,Var3_5526,Var3_5527,Var3_5528,Var3_5529,Var3_5530,Var3_5531,Var3_5532,Var3_5533,Var3_5534,Var3_5535,Var3_5536,Var3_5537,Var3_5538,Var3_5539,Var3_5540,Var3_5541,Var3_5542,Var3_5543,Var3_5544,Var3_5545,Var3_5546,Var3_5547,Var3_5548,Var3_5549,Var3_5550,Var3_5551,Var3_5552,Var3_5553,Var3_5554,Var3_5555,Var3_5556,Var3_5557,Var3_5558,Var3_5559,Var3_5560,Var3_5561,Var3_5562,Var3_5563,Var3_5564,Var3_5565,Var3_5566,Var3_5567,Var3_5568,Var3_5569,Var3_5570,Var3_5571,Var3_5572,Var3_5573,Var3_5574,Var3_5575,Var3_5576,Var3_5577,Var3_5578,Var3_5579,Var3_5580,Var3_5581,Var3_5582,Var3_5583,Var3_5584,Var3_5585,Var3_5586,Var3_5587,Var3_5588,Var3_5589,Var3_5590,Var3_5591,Var3_5592,Var3_5593,Var3_5594,Var3_5595,Var3_5596,Var3_5597,Var3_5598,Var3_5599,Var3_5600,Var3_5601,Var3_5602,Var3_5603,Var3_5604,Var3_5605,Var3_5606,Var3_5607,Var3_5608,Var3_5609,Var3_5610,Var3_5611,Var3_5612,Var3_5613,Var3_5614,Var3_5615,Var3_5616,Var3_5617,Var3_5618,Var3_5619,Var3_5620,Var3_5621,Var3_5622,Var3_5623,Var3_5624,Var3_5625,Var3_5626,Var3_5627,Var3_5628,Var3_5629,Var3_5630,Var3_5631,Var3_5632,Var3_5633,Var3_5634,Var3_5635,Var3_5636,Var3_5637,Var3_5638,Var3_5639,Var3_5640,Var3_5641,Var3_5642,Var3_5643,Var3_5644,Var3_5645,Var3_5646,Var3_5647,Var3_5648,Var3_5649,Var3_5650,Var3_5651,Var3_5652,Var3_5653,Var3_5654,Var3_5655,Var3_5656,Var3_5657,Var3_5658,Var3_5659,Var3_5660,Var3_5661,Var3_5662,Var3_5663,Var3_5664,Var3_5665,Var3_5666,Var3_5667,Var3_5668,Var3_5669,Var3_5670,Var3_5671,Var3_5672,Var3_5673,Var3_5674,Var3_5675,Var3_5676,Var3_5677,Var3_5678,Var3_5679,Var3_5680,Var3_5681,Var3_5682,Var3_5683,Var3_5684,Var3_5685,Var3_5686,Var3_5687,Var3_5688,Var3_5689,Var3_5690,Var3_5691,Var3_5692,Var3_5693,Var3_5694,Var3_5695,Var3_5696,Var3_5697,Var3_5698,Var3_5699,Var3_5700,Var3_5701,Var3_5702,Var3_5703,Var3_5704,Var3_5705,Var3_5706,Var3_5707,Var3_5708,Var3_5709,Var3_5710,Var3_5711,Var3_5712,Var3_5713,Var3_5714,Var3_5715,Var3_5716,Var3_5717,Var3_5718,Var3_5719,Var3_5720,Var3_5721,Var3_5722,Var3_5723,Var3_5724,Var3_5725,Var3_5726,Var3_5727,Var3_5728,Var3_5729,Var3_5730,Var3_5731,Var3_5732,Var3_5733,Var3_5734,Var3_5735,Var3_5736,Var3_5737,Var3_5738,Var3_5739,Var3_5740,Var3_5741,Var3_5742,Var3_5743,Var3_5744,Var3_5745,Var3_5746,Var3_5747,Var3_5748,Var3_5749,Var3_5750,Var3_5751,Var3_5752,Var3_5753,Var3_5754,Var3_5755,Var3_5756,Var3_5757,Var3_5758,Var3_5759,Var3_5760,Var3_5761,Var3_5762,Var3_5763,Var3_5764,Var3_5765,Var3_5766,Var3_5767,Var3_5768,Var3_5769,Var3_5770,Var3_5771,Var3_5772,Var3_5773,Var3_5774,Var3_5775,Var3_5776,Var3_5777,Var3_5778,Var3_5779,Var3_5780,Var3_5781,Var3_5782,Var3_5783,Var3_5784,Var3_5785,Var3_5786,Var3_5787,Var3_5788,Var3_5789,Var3_5790,Var3_5791,Var3_5792,Var3_5793,Var3_5794,Var3_5795,Var3_5796,Var3_5797,Var3_5798,Var3_5799,Var3_5800,Var3_5801,Var3_5802,Var3_5803,Var3_5804,Var3_5805,Var3_5806,Var3_5807,Var3_5808,Var3_5809,Var3_5810,Var3_5811,Var3_5812,Var3_5813,Var3_5814,Var3_5815,Var3_5816,Var3_5817,Var3_5818,Var3_5819,Var3_5820,Var3_5821,Var3_5822,Var3_5823,Var3_5824,Var3_5825,Var3_5826,Var3_5827,Var3_5828,Var3_5829,Var3_5830,Var3_5831,Var3_5832,Var3_5833,Var3_5834,Var3_5835,Var3_5836,Var3_5837,Var3_5838,Var3_5839,Var3_5840,Var3_5841,Var3_5842,Var3_5843,Var3_5844,Var3_5845,Var3_5846,Var3_5847,Var3_5848,Var3_5849,Var3_5850,Var3_5851,Var3_5852,Var3_5853,Var3_5854,Var3_5855,Var3_5856,Var3_5857,Var3_5858,Var3_5859,Var3_5860,Var3_5861,Var3_5862,Var3_5863,Var3_5864,Var3_5865,Var3_5866,Var3_5867,Var3_5868,Var3_5869,Var3_5870,Var3_5871,Var3_5872,Var3_5873,Var3_5874,Var3_5875,Var3_5876,Var3_5877,Var3_5878,Var3_5879,Var3_5880,Var3_5881,Var3_5882,Var3_5883,Var3_5884,Var3_5885,Var3_5886,Var3_5887,Var3_5888,Var3_5889,Var3_5890,Var3_5891,Var3_5892,Var3_5893,Var3_5894,Var3_5895,Var3_5896,Var3_5897,Var3_5898,Var3_5899,Var3_5900,Var3_5901,Var3_5902,Var3_5903,Var3_5904,Var3_5905,Var3_5906,Var3_5907,Var3_5908,Var3_5909,Var3_5910,Var3_5911,Var3_5912,Var3_5913,Var3_5914,Var3_5915,Var3_5916,Var3_5917,Var3_5918,Var3_5919,Var3_5920,Var3_5921,Var3_5922,Var3_5923,Var3_5924,Var3_5925,Var3_5926,Var3_5927,Var3_5928,Var3_5929,Var3_5930,Var3_5931,Var3_5932,Var3_5933,Var3_5934,Var3_5935,Var3_5936,Var3_5937,Var3_5938,Var3_5939,Var3_5940,Var3_5941,Var3_5942,Var3_5943,Var3_5944,Var3_5945,Var3_5946,Var3_5947,Var3_5948,Var3_5949,Var3_5950,Var3_5951,Var3_5952,Var3_5953,Var3_5954,Var3_5955,Var3_5956,Var3_5957,Var3_5958,Var3_5959,Var3_5960,Var3_5961,Var3_5962,Var3_5963,Var3_5964,Var3_5965,Var3_5966,Var3_5967,Var3_5968,Var3_5969,Var3_5970,Var3_5971,Var3_5972,Var3_5973,Var3_5974,Var3_5975,Var3_5976,Var3_5977,Var3_5978,Var3_5979,Var3_5980,Var3_5981,Var3_5982,Var3_5983,Var3_5984,Var3_5985,Var3_5986,Var3_5987,Var3_5988,Var3_5989,Var3_5990,Var3_5991,Var3_5992,Var3_5993,Var3_5994,Var3_5995,Var3_5996,Var3_5997,Var3_5998,Var3_5999,Var3_6000,Var3_6001,Var3_6002,Var3_6003,Var3_6004,Var3_6005,Var3_6006,Var3_6007,Var3_6008,Var3_6009,Var3_6010,Var3_6011,Var3_6012,Var3_6013,Var3_6014,Var3_6015,Var3_6016,Var3_6017,Var3_6018,Var3_6019,Var3_6020,Var3_6021,Var3_6022,Var3_6023,Var3_6024,Var3_6025,Var3_6026,Var3_6027,Var3_6028,Var3_6029,Var3_6030,Var3_6031,Var3_6032,Var3_6033,Var3_6034,Var3_6035,Var3_6036,Var3_6037,Var3_6038,Var3_6039,Var3_6040,Var3_6041,Var3_6042,Var3_6043,Var3_6044,Var3_6045,Var3_6046,Var3_6047,Var3_6048,Var3_6049,Var3_6050,Var3_6051,Var3_6052,Var3_6053,Var3_6054,Var3_6055,Var3_6056,Var3_6057,Var3_6058,Var3_6059,Var3_6060,Var3_6061,Var3_6062,Var3_6063,Var3_6064,Var3_6065,Var3_6066,Var3_6067,Var3_6068,Var3_6069,Var3_6070,Var3_6071,Var3_6072,Var3_6073,Var3_6074,Var3_6075,Var3_6076,Var3_6077,Var3_6078,Var3_6079,Var3_6080,Var3_6081,Var3_6082,Var3_6083,Var3_6084,Var3_6085,Var3_6086,Var3_6087,Var3_6088,Var3_6089,Var3_6090,Var3_6091,Var3_6092,Var3_6093,Var3_6094,Var3_6095,Var3_6096,Var3_6097,Var3_6098,Var3_6099,Var3_6100,Var3_6101,Var3_6102,Var3_6103,Var3_6104,Var3_6105,Var3_6106,Var3_6107,Var3_6108,Var3_6109,Var3_6110,Var3_6111,Var3_6112,Var3_6113,Var3_6114,Var3_6115,Var3_6116,Var3_6117,Var3_6118,Var3_6119,Var3_6120,Var3_6121,Var3_6122,Var3_6123,Var3_6124,Var3_6125,Var3_6126,Var3_6127,Var3_6128,Var3_6129,Var3_6130,Var3_6131,Var3_6132,Var3_6133,Var3_6134,Var3_6135,Var3_6136,Var3_6137,Var3_6138,Var3_6139,Var3_6140,Var3_6141,Var3_6142,Var3_6143,Var3_6144,Var3_6145,Var3_6146,Var3_6147,Var3_6148,Var3_6149,Var3_6150,Var3_6151,Var3_6152,Var3_6153,Var3_6154,Var3_6155,Var3_6156,Var3_6157,Var3_6158,Var3_6159,Var3_6160,Var3_6161,Var3_6162,Var3_6163,Var3_6164,Var3_6165,Var3_6166,Var3_6167,Var3_6168,Var3_6169,Var3_6170,Var3_6171,Var3_6172,Var3_6173,Var3_6174,Var3_6175,Var3_6176,Var3_6177,Var3_6178,Var3_6179,Var3_6180,Var3_6181,Var3_6182,Var3_6183,Var3_6184,Var3_6185,Var3_6186,Var3_6187,Var3_6188,Var3_6189,Var3_6190,Var3_6191,Var3_6192,Var3_6193,Var3_6194,Var3_6195,Var3_6196,Var3_6197,Var3_6198,Var3_6199,Var3_6200,Var3_6201,Var3_6202,Var3_6203,Var3_6204,Var3_6205,Var3_6206,Var3_6207,Var3_6208,Var3_6209,Var3_6210,Var3_6211,Var3_6212,Var3_6213,Var3_6214,Var3_6215,Var3_6216,Var3_6217,Var3_6218,Var3_6219,Var3_6220,Var3_6221,Var3_6222,Var3_6223,Var3_6224,Var3_6225,Var3_6226,Var3_6227,Var3_6228,Var3_6229,Var3_6230,Var3_6231,Var3_6232,Var3_6233,Var3_6234,Var3_6235,Var3_6236,Var3_6237,Var3_6238,Var3_6239,Var3_6240,Var3_6241,Var3_6242,Var3_6243,Var3_6244,Var3_6245,Var3_6246,Var3_6247,Var3_6248,Var3_6249,Var3_6250,Var3_6251,Var3_6252,Var3_6253,Var3_6254,Var3_6255,Var3_6256,Var3_6257,Var3_6258,Var3_6259,Var3_6260,Var3_6261,Var3_6262,Var3_6263,Var3_6264,Var3_6265,Var3_6266,Var3_6267,Var3_6268,Var3_6269,Var3_6270,Var3_6271,Var3_6272,Var3_6273,Var3_6274,Var3_6275,Var3_6276,Var3_6277,Var3_6278,Var3_6279,Var3_6280,Var3_6281,Var3_6282,Var3_6283,Var3_6284,Var3_6285,Var3_6286,Var3_6287,Var3_6288,Var3_6289,Var3_6290,Var3_6291,Var3_6292,Var3_6293,Var3_6294,Var3_6295,Var3_6296,Var3_6297,Var3_6298,Var3_6299,Var3_6300,Var3_6301,Var3_6302,Var3_6303,Var3_6304,Var3_6305,Var3_6306,Var3_6307,Var3_6308,Var3_6309,Var3_6310,Var3_6311,Var3_6312,Var3_6313,Var3_6314,Var3_6315,Var3_6316,Var3_6317,Var3_6318,Var3_6319,Var3_6320,Var3_6321,Var3_6322,Var3_6323,Var3_6324,Var3_6325,Var3_6326,Var3_6327,Var3_6328,Var3_6329,Var3_6330,Var3_6331,Var3_6332,Var3_6333,Var3_6334,Var3_6335,Var3_6336,Var3_6337,Var3_6338,Var3_6339,Var3_6340,Var3_6341,Var3_6342,Var3_6343,Var3_6344,Var3_6345,Var3_6346,Var3_6347,Var3_6348,Var3_6349,Var3_6350,Var3_6351,Var3_6352,Var3_6353,Var3_6354,Var3_6355,Var3_6356,Var3_6357,Var3_6358,Var3_6359,Var3_6360,Var3_6361,Var3_6362,Var3_6363,Var3_6364,Var3_6365,Var3_6366,Var3_6367,Var3_6368,Var3_6369,Var3_6370,Var3_6371,Var3_6372,Var3_6373,Var3_6374,Var3_6375,Var3_6376,Var3_6377,Var3_6378,Var3_6379,Var3_6380,Var3_6381,Var3_6382,Var3_6383,Var3_6384,Var3_6385,Var3_6386,Var3_6387,Var3_6388,Var3_6389,Var3_6390,Var3_6391,Var3_6392,Var3_6393,Var3_6394,Var3_6395,Var3_6396,Var3_6397,Var3_6398,Var3_6399,Var3_6400,Var3_6401,Var3_6402,Var3_6403,Var3_6404,Var3_6405,Var3_6406,Var3_6407,Var3_6408,Var3_6409,Var3_6410,Var3_6411,Var3_6412,Var3_6413,Var3_6414,Var3_6415,Var3_6416,Var3_6417,Var3_6418,Var3_6419,Var3_6420,Var3_6421,Var3_6422,Var3_6423,Var3_6424,Var3_6425,Var3_6426,Var3_6427,Var3_6428,Var3_6429,Var3_6430,Var3_6431,Var3_6432,Var3_6433,Var3_6434,Var3_6435,Var3_6436,Var3_6437,Var3_6438,Var3_6439,Var3_6440,Var3_6441,Var3_6442,Var3_6443,Var3_6444,Var3_6445,Var3_6446,Var3_6447,Var3_6448,Var3_6449,Var3_6450,Var3_6451,Var3_6452,Var3_6453,Var3_6454,Var3_6455,Var3_6456,Var3_6457,Var3_6458,Var3_6459,Var3_6460,Var3_6461,Var3_6462,Var3_6463,Var3_6464,Var3_6465,Var3_6466,Var3_6467,Var3_6468,Var3_6469,Var3_6470,Var3_6471,Var3_6472,Var3_6473,Var3_6474,Var3_6475,Var3_6476,Var3_6477,Var3_6478,Var3_6479,Var3_6480,Var3_6481,Var3_6482,Var3_6483,Var3_6484,Var3_6485,Var3_6486,Var3_6487,Var3_6488,Var3_6489,Var3_6490,Var3_6491,Var3_6492,Var3_6493,Var3_6494,Var3_6495,Var3_6496,Var3_6497,Var3_6498,Var3_6499,Var3_6500,Var3_6501,Var3_6502,Var3_6503,Var3_6504,Var3_6505,Var3_6506,Var3_6507,Var3_6508,Var3_6509,Var3_6510,Var3_6511,Var3_6512,Var3_6513,Var3_6514,Var3_6515,Var3_6516,Var3_6517,Var3_6518,Var3_6519,Var3_6520,Var3_6521,Var3_6522,Var3_6523,Var3_6524,Var3_6525,Var3_6526,Var3_6527,Var3_6528,Var3_6529,Var3_6530,Var3_6531,Var3_6532,Var3_6533,Var3_6534,Var3_6535,Var3_6536,Var3_6537,Var3_6538,Var3_6539,Var3_6540,Var3_6541,Var3_6542,Var3_6543,Var3_6544,Var3_6545,Var3_6546,Var3_6547,Var3_6548,Var3_6549,Var3_6550,Var3_6551,Var3_6552,Var3_6553,Var3_6554,Var3_6555,Var3_6556,Var3_6557,Var3_6558,Var3_6559,Var3_6560,Var3_6561,Var3_6562,Var3_6563,Var3_6564,Var3_6565,Var3_6566,Var3_6567,Var3_6568,Var3_6569,Var3_6570,Var3_6571,Var3_6572,Var3_6573,Var3_6574,Var3_6575,Var3_6576,Var3_6577,Var3_6578,Var3_6579,Var3_6580,Var3_6581,Var3_6582,Var3_6583,Var3_6584,Var3_6585,Var3_6586,Var3_6587,Var3_6588,Var3_6589,Var3_6590,Var3_6591,Var3_6592,Var3_6593,Var3_6594,Var3_6595,Var3_6596,Var3_6597,Var3_6598,Var3_6599,Var3_6600,Var3_6601,Var3_6602,Var3_6603,Var3_6604,Var3_6605,Var3_6606,Var3_6607,Var3_6608,Var3_6609,Var3_6610,Var3_6611,Var3_6612,Var3_6613,Var3_6614,Var3_6615,Var3_6616,Var3_6617,Var3_6618,Var3_6619,Var3_6620,Var3_6621,Var3_6622,Var3_6623,Var3_6624,Var3_6625,Var3_6626,Var3_6627,Var3_6628,Var3_6629,Var3_6630,Var3_6631,Var3_6632,Var3_6633,Var3_6634,Var3_6635,Var3_6636,Var3_6637,Var3_6638,Var3_6639,Var3_6640,Var3_6641,Var3_6642,Var3_6643,Var3_6644,Var3_6645,Var3_6646,Var3_6647,Var3_6648,Var3_6649,Var3_6650,Var3_6651,Var3_6652,Var3_6653,Var3_6654,Var3_6655,Var3_6656,Var3_6657,Var3_6658,Var3_6659,Var3_6660,Var3_6661,Var3_6662,Var3_6663,Var3_6664,Var3_6665,Var3_6666,Var3_6667,Var3_6668,Var3_6669,Var3_6670,Var3_6671,Var3_6672,Var3_6673,Var3_6674,Var3_6675,Var3_6676,Var3_6677,Var3_6678,Var3_6679,Var3_6680,Var3_6681,Var3_6682,Var3_6683,Var3_6684,Var3_6685,Var3_6686,Var3_6687,Var3_6688,Var3_6689,Var3_6690,Var3_6691,Var3_6692,Var3_6693,Var3_6694,Var3_6695,Var3_6696,Var3_6697,Var3_6698,Var3_6699,Var3_6700,Var3_6701,Var3_6702,Var3_6703,Var3_6704,Var3_6705,Var3_6706,Var3_6707,Var3_6708,Var3_6709,Var3_6710,Var3_6711,Var3_6712,Var3_6713,Var3_6714,Var3_6715,Var3_6716,Var3_6717,Var3_6718,Var3_6719,Var3_6720,Var3_6721,Var3_6722,Var3_6723,Var3_6724,Var3_6725,Var3_6726,Var3_6727,Var3_6728,Var3_6729,Var3_6730,Var3_6731,Var3_6732,Var3_6733,Var3_6734,Var3_6735,Var3_6736,Var3_6737,Var3_6738,Var3_6739,Var3_6740,Var3_6741,Var3_6742,Var3_6743,Var3_6744,Var3_6745,Var3_6746,Var3_6747,Var3_6748,Var3_6749,Var3_6750,Var3_6751,Var3_6752,Var3_6753,Var3_6754,Var3_6755,Var3_6756,Var3_6757,Var3_6758,Var3_6759,Var3_6760,Var3_6761,Var3_6762,Var3_6763,Var3_6764,Var3_6765,Var3_6766,Var3_6767,Var3_6768,Var3_6769,Var3_6770,Var3_6771,Var3_6772,Var3_6773,Var3_6774,Var3_6775,Var3_6776,Var3_6777,Var3_6778,Var3_6779,Var3_6780,Var3_6781,Var3_6782,Var3_6783,Var3_6784,Var3_6785,Var3_6786,Var3_6787,Var3_6788,Var3_6789,Var3_6790,Var3_6791,Var3_6792,Var3_6793,Var3_6794,Var3_6795,Var3_6796,Var3_6797,Var3_6798,Var3_6799,Var3_6800,Var3_6801,Var3_6802,Var3_6803,Var3_6804,Var3_6805,Var3_6806,Var3_6807,Var3_6808,Var3_6809,Var3_6810,Var3_6811,Var3_6812,Var3_6813,Var3_6814,Var3_6815,Var3_6816,Var3_6817,Var3_6818,Var3_6819,Var3_6820,Var3_6821,Var3_6822,Var3_6823,Var3_6824,Var3_6825,Var3_6826,Var3_6827,Var3_6828,Var3_6829,Var3_6830,Var3_6831,Var3_6832,Var3_6833,Var3_6834,Var3_6835,Var3_6836,Var3_6837,Var3_6838,Var3_6839,Var3_6840,Var3_6841,Var3_6842,Var3_6843,Var3_6844,Var3_6845,Var3_6846,Var3_6847,Var3_6848,Var3_6849,Var3_6850,Var3_6851,Var3_6852,Var3_6853,Var3_6854,Var3_6855,Var3_6856,Var3_6857,Var3_6858,Var3_6859,Var3_6860,Var3_6861,Var3_6862,Var3_6863,Var3_6864,Var3_6865,Var3_6866,Var3_6867,Var3_6868,Var3_6869,Var3_6870,Var3_6871,Var3_6872,Var3_6873,Var3_6874,Var3_6875,Var3_6876,Var3_6877,Var3_6878,Var3_6879,Var3_6880,Var3_6881,Var3_6882,Var3_6883,Var3_6884,Var3_6885,Var3_6886,Var3_6887,Var3_6888,Var3_6889,Var3_6890,Var3_6891,Var3_6892,Var3_6893,Var3_6894,Var3_6895,Var3_6896,Var3_6897,Var3_6898,Var3_6899,Var3_6900,Var3_6901,Var3_6902,Var3_6903,Var3_6904,Var3_6905,Var3_6906,Var3_6907,Var3_6908,Var3_6909,Var3_6910,Var3_6911,Var3_6912,Var3_6913,Var3_6914,Var3_6915,Var3_6916,Var3_6917,Var3_6918,Var3_6919,Var3_6920,Var3_6921,Var3_6922,Var3_6923,Var3_6924,Var3_6925,Var3_6926,Var3_6927,Var3_6928,Var3_6929,Var3_6930,Var3_6931,Var3_6932,Var3_6933,Var3_6934,Var3_6935,Var3_6936,Var3_6937,Var3_6938,Var3_6939,Var3_6940,Var3_6941,Var3_6942,Var3_6943,Var3_6944,Var3_6945,Var3_6946,Var3_6947,Var3_6948,Var3_6949,Var3_6950,Var3_6951,Var3_6952,Var3_6953,Var3_6954,Var3_6955,Var3_6956,Var3_6957,Var3_6958,Var3_6959,Var3_6960,Var3_6961,Var3_6962,Var3_6963,Var3_6964,Var3_6965,Var3_6966,Var3_6967,Var3_6968,Var3_6969,Var3_6970,Var3_6971,Var3_6972,Var3_6973,Var3_6974,Var3_6975,Var3_6976,Var3_6977,Var3_6978,Var3_6979,Var3_6980,Var3_6981,Var3_6982,Var3_6983,Var3_6984,Var3_6985,Var3_6986,Var3_6987,Var3_6988,Var3_6989,Var3_6990,Var3_6991,Var3_6992,Var3_6993,Var3_6994,Var3_6995,Var3_6996,Var3_6997,Var3_6998,Var3_6999,Var3_7000,Var3_7001
time,0.0,0.0,0.00019999999494757503,0.00039999998989515007,0.0005999999993946403,0.0007999999943422154,0.0010000000038417056,0.0011999999987892807,0.0013999999937368557,0.001600000003236346,0.001799999998183921,0.001999999993131496,0.0022000000026309863,0.0023999999975785613,0.0025999999925261363,0.0028000000020256266,0.0029999999969732016,0.0031999999919207767,0.003400000001420267,0.003599999996367842,0.003799999991315417,0.004000000000814907,0.004199999995762482,0.004399999990710057,0.004600000000209548,0.004799999995157123,0.004999999990104698,0.005199999999604188,0.005399999994551763,0.005600000004051253,0.005799999998998828,0.005999999993946403,0.0062000000034458935,0.0063999999983934686,0.006599999993341044,0.006800000002840534,0.006999999997788109,0.007199999992735684,0.007400000002235174,0.007599999997182749,0.007799999992130324,0.008000000001629815,0.00819999999657739,0.008399999991524965,0.008600000001024455,0.00879999999597203,0.008999999990919605,0.009200000000419095,0.00939999999536667,0.009599999990314245,0.009799999999813735,0.00999999999476131,0.0102000000042608,0.010399999999208376,0.01059999999415595,0.010800000003655441,0.010999999998603016,0.011199999993550591,0.011400000003050081,0.011599999997997656,0.011799999992945231,0.012000000002444722,0.012199999997392297,0.012399999992339872,0.012600000001839362,0.012799999996786937,0.012999999991734512,0.013200000001234002,0.013399999996181577,0.013599999991129152,0.013800000000628643,0.013999999995576218,0.014199999990523793,0.014400000000023283,0.014599999994970858,0.014799999989918433,0.014999999999417923,0.015199999994365498,0.015400000003864989,0.015599999998812564,0.01579999999376014,0.01600000000325963,0.016199999998207204,0.01639999999315478,0.01660000000265427,0.016799999997601844,0.01699999999254942,0.01720000000204891,0.017399999996996485,0.01759999999194406,0.01780000000144355,0.017999999996391125,0.0181999999913387,0.01840000000083819,0.018599999995785765,0.01879999999073334,0.01900000000023283,0.019199999995180406,0.01939999999012798,0.01959999999962747,0.019799999994575046,0.020000000004074536,0.02019999999902211,0.020399999993969686,0.020600000003469177,0.02079999999841675,0.020999999993364327,0.021200000002863817,0.021399999997811392,0.021599999992758967,0.021800000002258457,0.021999999997206032,0.022199999992153607,0.022400000001653098,0.022599999996600673,0.022799999991548248,0.023000000001047738,0.023199999995995313,0.023399999990942888,0.023600000000442378,0.023799999995389953,0.02399999999033753,0.02419999999983702,0.024399999994784594,0.024600000004284084,0.02479999999923166,0.024999999994179234,0.025200000003678724,0.0253999999986263,0.025599999993573874,0.025800000003073364,0.02599999999802094,0.026199999992968515,0.026400000002468005,0.02659999999741558,0.026799999992363155,0.027000000001862645,0.02719999999681022,0.027399999991757795,0.027600000001257285,0.02779999999620486,0.027999999991152436,0.028200000000651926,0.0283999999955995,0.028599999990547076,0.028800000000046566,0.02899999999499414,0.029199999989941716,0.029399999999441206,0.02959999999438878,0.029800000003888272,0.029999999998835847,0.030199999993783422,0.030400000003282912,0.030599999998230487,0.030799999993178062,0.031000000002677552,0.031199999997625127,0.0313999999925727,0.03160000000207219,0.03179999999701977,0.03199999999196734,0.03220000000146683,0.03239999999641441,0.03259999999136198,0.03280000000086147,0.03299999999580905,0.03319999999075662,0.033400000000256114,0.03359999999520369,0.033799999990151264,0.033999999999650754,0.03419999999459833,0.03440000000409782,0.034599999999045394,0.03479999999399297,0.03500000000349246,0.035199999998440035,0.03539999999338761,0.0356000000028871,0.035799999997834675,0.03599999999278225,0.03620000000228174,0.036399999997229315,0.03659999999217689,0.03680000000167638,0.036999999996623956,0.03719999999157153,0.03740000000107102,0.037599999996018596,0.03779999999096617,0.03800000000046566,0.038199999995413236,0.03839999999036081,0.0385999999998603,0.03879999999480788,0.03900000000430737,0.03919999999925494,0.03939999999420252,0.03960000000370201,0.03979999999864958,0.03999999999359716,0.04020000000309665,0.04039999999804422,0.0405999999929918,0.04080000000249129,0.04099999999743886,0.04119999999238644,0.04140000000188593,0.0415999999968335,0.04179999999178108,0.04200000000128057,0.042199999996228144,0.04239999999117572,0.04260000000067521,0.042799999995622784,0.04299999999057036,0.04320000000006985,0.043399999995017424,0.043599999989965,0.04379999999946449,0.043999999994412065,0.044200000003911555,0.04439999999885913,0.044599999993806705,0.044800000003306195,0.04499999999825377,0.045199999993201345,0.045400000002700835,0.04559999999764841,0.045799999992595986,0.046000000002095476,0.04619999999704305,0.046399999991990626,0.046600000001490116,0.04679999999643769,0.046999999991385266,0.047200000000884756,0.04739999999583233,0.047599999990779907,0.0478000000002794,0.04799999999522697,0.04819999999017455,0.04839999999967404,0.04859999999462161,0.0488000000041211,0.04899999999906868,0.04919999999401625,0.04940000000351574,0.04959999999846332,0.04979999999341089,0.05000000000291038,0.05019999999785796,0.05039999999280553,0.05060000000230502,0.0507999999972526,0.05099999999220017,0.051200000001699664,0.05139999999664724,0.051599999991594814,0.051800000001094304,0.05199999999604188,0.052199999990989454,0.052400000000488944,0.05259999999543652,0.052799999990384094,0.052999999999883585,0.05319999999483116,0.05340000000433065,0.053599999999278225,0.0537999999942258,0.05400000000372529,0.054199999998672865,0.05439999999362044,0.05460000000311993,0.054799999998067506,0.05499999999301508,0.05520000000251457,0.055399999997462146,0.05559999999240972,0.05580000000190921,0.055999999996856786,0.05619999999180436,0.05640000000130385,0.05659999999625143,0.056799999991199,0.05700000000069849,0.05719999999564607,0.05739999999059364,0.05760000000009313,0.05779999999504071,0.05799999998998828,0.05819999999948777,0.05839999999443535,0.05860000000393484,0.05879999999888241,0.05899999999382999,0.05920000000332948,0.05939999999827705,0.05959999999322463,0.05980000000272412,0.059999999997671694,0.06019999999261927,0.06040000000211876,0.060599999997066334,0.06079999999201391,0.0610000000015134,0.061199999996460974,0.06139999999140855,0.06160000000090804,0.061799999995855615,0.06199999999080319,0.06220000000030268,0.062399999995250255,0.06259999999019783,0.06279999999969732,0.0629999999946449,0.06320000000414439,0.06339999999909196,0.06359999999403954,0.06380000000353903,0.0639999999984866,0.06419999999343418,0.06440000000293367,0.06459999999788124,0.06479999999282882,0.0650000000023283,0.06519999999727588,0.06539999999222346,0.06560000000172295,0.06579999999667052,0.0659999999916181,0.06620000000111759,0.06639999999606516,0.06659999999101274,0.06680000000051223,0.0669999999954598,0.06719999999040738,0.06739999999990687,0.06759999999485444,0.06780000000435393,0.06799999999930151,0.06819999999424908,0.06840000000374857,0.06859999999869615,0.06879999999364372,0.06900000000314321,0.06919999999809079,0.06939999999303836,0.06960000000253785,0.06979999999748543,0.069999999992433,0.0702000000019325,0.07039999999688007,0.07059999999182764,0.07080000000132713,0.07099999999627471,0.07119999999122228,0.07140000000072177,0.07159999999566935,0.07179999999061693,0.07200000000011642,0.07219999999506399,0.07239999999001157,0.07259999999951106,0.07279999999445863,0.07300000000395812,0.0731999999989057,0.07339999999385327,0.07360000000335276,0.07379999999830034,0.07399999999324791,0.0742000000027474,0.07439999999769498,0.07459999999264255,0.07480000000214204,0.07499999999708962,0.07519999999203719,0.07540000000153668,0.07559999999648426,0.07579999999143183,0.07600000000093132,0.0761999999958789,0.07639999999082647,0.07660000000032596,0.07679999999527354,0.07699999999022111,0.0771999999997206,0.07739999999466818,0.07760000000416767,0.07779999999911524,0.07799999999406282,0.07820000000356231,0.07839999999850988,0.07859999999345746,0.07880000000295695,0.07899999999790452,0.0791999999928521,0.07940000000235159,0.07959999999729916,0.07979999999224674,0.08000000000174623,0.0801999999966938,0.08039999999164138,0.08060000000114087,0.08079999999608845,0.08099999999103602,0.08120000000053551,0.08139999999548309,0.08159999999043066,0.08179999999993015,0.08199999999487773,0.0821999999898253,0.08239999999932479,0.08259999999427237,0.08280000000377186,0.08299999999871943,0.083199999993667,0.0834000000031665,0.08359999999811407,0.08379999999306165,0.08400000000256114,0.08419999999750871,0.08439999999245629,0.08460000000195578,0.08479999999690335,0.08499999999185093,0.08520000000135042,0.08539999999629799,0.08559999999124557,0.08580000000074506,0.08599999999569263,0.08619999999064021,0.0864000000001397,0.08659999999508727,0.08679999999003485,0.08699999999953434,0.08719999999448191,0.0874000000039814,0.08759999999892898,0.08779999999387655,0.08800000000337604,0.08819999999832362,0.0883999999932712,0.08860000000277068,0.08879999999771826,0.08899999999266583,0.08920000000216532,0.0893999999971129,0.08959999999206048,0.08980000000155997,0.08999999999650754,0.09019999999145512,0.0904000000009546,0.09059999999590218,0.09079999999084976,0.09100000000034925,0.09119999999529682,0.0913999999902444,0.09159999999974389,0.09179999999469146,0.09200000000419095,0.09219999999913853,0.0923999999940861,0.09260000000358559,0.09279999999853317,0.09299999999348074,0.09320000000298023,0.09339999999792781,0.09359999999287538,0.09380000000237487,0.09399999999732245,0.09419999999227002,0.09440000000176951,0.09459999999671709,0.09479999999166466,0.09500000000116415,0.09519999999611173,0.0953999999910593,0.0956000000005588,0.09579999999550637,0.09599999999045394,0.09619999999995343,0.09639999999490101,0.09659999998984858,0.09679999999934807,0.09699999999429565,0.09720000000379514,0.09739999999874271,0.09759999999369029,0.09780000000318978,0.09799999999813735,0.09819999999308493,0.09840000000258442,0.098599999997532,0.09879999999247957,0.09900000000197906,0.09919999999692664,0.09939999999187421,0.0996000000013737,0.09979999999632128,0.09999999999126885,0.10020000000076834,0.10039999999571592,0.10059999999066349,0.10080000000016298,0.10099999999511056,0.10119999999005813,0.10139999999955762,0.1015999999945052,0.10180000000400469,0.10199999999895226,0.10219999999389984,0.10240000000339933,0.1025999999983469,0.10279999999329448,0.10300000000279397,0.10319999999774154,0.10339999999268912,0.10360000000218861,0.10379999999713618,0.10399999999208376,0.10420000000158325,0.10439999999653082,0.1045999999914784,0.10480000000097789,0.10499999999592546,0.10519999999087304,0.10540000000037253,0.1055999999953201,0.10579999999026768,0.10599999999976717,0.10619999999471474,0.10640000000421423,0.10659999999916181,0.10679999999410938,0.10700000000360887,0.10719999999855645,0.10739999999350403,0.10760000000300352,0.10779999999795109,0.10799999999289867,0.10820000000239816,0.10839999999734573,0.1085999999922933,0.1088000000017928,0.10899999999674037,0.10919999999168795,0.10940000000118744,0.10959999999613501,0.10979999999108259,0.11000000000058208,0.11019999999552965,0.11039999999047723,0.11059999999997672,0.11079999999492429,0.11099999998987187,0.11119999999937136,0.11139999999431893,0.11160000000381842,0.111799999998766,0.11199999999371357,0.11220000000321306,0.11239999999816064,0.11259999999310821,0.1128000000026077,0.11299999999755528,0.11319999999250285,0.11340000000200234,0.11359999999694992,0.1137999999918975,0.11400000000139698,0.11419999999634456,0.11439999999129213,0.11460000000079162,0.1147999999957392,0.11499999999068677,0.11520000000018626,0.11539999999513384,0.11559999999008141,0.1157999999995809,0.11599999999452848,0.11620000000402797,0.11639999999897555,0.11659999999392312,0.11680000000342261,0.11699999999837019,0.11719999999331776,0.11740000000281725,0.11759999999776483,0.1177999999927124,0.11800000000221189,0.11819999999715947,0.11839999999210704,0.11860000000160653,0.1187999999965541,0.11899999999150168,0.11920000000100117,0.11939999999594875,0.11959999999089632,0.11980000000039581,0.11999999999534339,0.12019999999029096,0.12039999999979045,0.12059999999473803,0.12080000000423752,0.12099999999918509,0.12119999999413267,0.12140000000363216,0.12159999999857973,0.12179999999352731,0.1220000000030268,0.12219999999797437,0.12239999999292195,0.12260000000242144,0.12279999999736901,0.12299999999231659,0.12320000000181608,0.12339999999676365,0.12359999999171123,0.12380000000121072,0.1239999999961583,0.12419999999110587,0.12440000000060536,0.12459999999555293,0.12479999999050051,0.125,0.12519999999494758,0.12539999998989515,0.12559999999939464,0.12579999999434222,0.1260000000038417,0.12619999999878928,0.12639999999373686,0.12660000000323635,0.12679999999818392,0.1269999999931315,0.127200000002631,0.12739999999757856,0.12759999999252614,0.12780000000202563,0.1279999999969732,0.12819999999192078,0.12840000000142027,0.12859999999636784,0.12879999999131542,0.1290000000008149,0.12919999999576248,0.12939999999071006,0.12960000000020955,0.12979999999515712,0.1299999999901047,0.1301999999996042,0.13039999999455176,0.13060000000405125,0.13079999999899883,0.1309999999939464,0.1312000000034459,0.13139999999839347,0.13159999999334104,0.13180000000284053,0.1319999999977881,0.13219999999273568,0.13240000000223517,0.13259999999718275,0.13279999999213032,0.13300000000162981,0.1331999999965774,0.13339999999152496,0.13360000000102445,0.13379999999597203,0.1339999999909196,0.1342000000004191,0.13439999999536667,0.13459999999031425,0.13479999999981374,0.1349999999947613,0.1352000000042608,0.13539999999920838,0.13559999999415595,0.13580000000365544,0.13599999999860302,0.1361999999935506,0.13640000000305008,0.13659999999799766,0.13679999999294523,0.13700000000244472,0.1371999999973923,0.13739999999233987,0.13760000000183936,0.13779999999678694,0.1379999999917345,0.138200000001234,0.13839999999618158,0.13859999999112915,0.13880000000062864,0.13899999999557622,0.1391999999905238,0.13940000000002328,0.13959999999497086,0.13979999998991843,0.13999999999941792,0.1401999999943655,0.140400000003865,0.14059999999881256,0.14079999999376014,0.14100000000325963,0.1411999999982072,0.14139999999315478,0.14160000000265427,0.14179999999760184,0.14199999999254942,0.1422000000020489,0.14239999999699648,0.14259999999194406,0.14280000000144355,0.14299999999639113,0.1431999999913387,0.1434000000008382,0.14359999999578577,0.14379999999073334,0.14400000000023283,0.1441999999951804,0.14439999999012798,0.14459999999962747,0.14479999999457505,0.14500000000407454,0.1451999999990221,0.1453999999939697,0.14560000000346918,0.14579999999841675,0.14599999999336433,0.14620000000286382,0.1463999999978114,0.14659999999275897,0.14680000000225846,0.14699999999720603,0.1471999999921536,0.1474000000016531,0.14759999999660067,0.14779999999154825,0.14800000000104774,0.1481999999959953,0.1483999999909429,0.14860000000044238,0.14879999999538995,0.14899999999033753,0.14919999999983702,0.1493999999947846,0.14960000000428408,0.14979999999923166,0.14999999999417923,0.15020000000367872,0.1503999999986263,0.15059999999357387,0.15080000000307336,0.15099999999802094,0.15119999999296851,0.151400000002468,0.15159999999741558,0.15179999999236315,0.15200000000186265,0.15219999999681022,0.1523999999917578,0.15260000000125729,0.15279999999620486,0.15299999999115244,0.15320000000065193,0.1533999999955995,0.15359999999054708,0.15380000000004657,0.15399999999499414,0.15419999998994172,0.1543999999994412,0.15459999999438878,0.15480000000388827,0.15499999999883585,0.15519999999378342,0.1554000000032829,0.1555999999982305,0.15579999999317806,0.15600000000267755,0.15619999999762513,0.1563999999925727,0.1566000000020722,0.15679999999701977,0.15699999999196734,0.15720000000146683,0.1573999999964144,0.15759999999136198,0.15780000000086147,0.15799999999580905,0.15819999999075662,0.1584000000002561,0.1585999999952037,0.15879999999015126,0.15899999999965075,0.15919999999459833,0.15940000000409782,0.1595999999990454,0.15979999999399297,0.16000000000349246,0.16019999999844003,0.1603999999933876,0.1606000000028871,0.16079999999783468,0.16099999999278225,0.16120000000228174,0.16139999999722932,0.1615999999921769,0.16180000000167638,0.16199999999662396,0.16219999999157153,0.16240000000107102,0.1625999999960186,0.16279999999096617,0.16300000000046566,0.16319999999541324,0.1633999999903608,0.1635999999998603,0.16379999999480788,0.16400000000430737,0.16419999999925494,0.16439999999420252,0.164600000003702,0.16479999999864958,0.16499999999359716,0.16520000000309665,0.16539999999804422,0.1655999999929918,0.1658000000024913,0.16599999999743886,0.16619999999238644,0.16640000000188593,0.1665999999968335,0.16679999999178108,0.16700000000128057,0.16719999999622814,0.16739999999117572,0.1676000000006752,0.16779999999562278,0.16799999999057036,0.16820000000006985,0.16839999999501742,0.168599999989965,0.1687999999994645,0.16899999999441206,0.16920000000391155,0.16939999999885913,0.1695999999938067,0.1698000000033062,0.16999999999825377,0.17019999999320135,0.17040000000270084,0.1705999999976484,0.17079999999259599,0.17100000000209548,0.17119999999704305,0.17139999999199063,0.17160000000149012,0.1717999999964377,0.17199999999138527,0.17220000000088476,0.17239999999583233,0.1725999999907799,0.1728000000002794,0.17299999999522697,0.17319999999017455,0.17339999999967404,0.1735999999946216,0.1738000000041211,0.17399999999906868,0.17419999999401625,0.17440000000351574,0.17459999999846332,0.1747999999934109,0.17500000000291038,0.17519999999785796,0.17539999999280553,0.17560000000230502,0.1757999999972526,0.17599999999220017,0.17620000000169966,0.17639999999664724,0.1765999999915948,0.1768000000010943,0.17699999999604188,0.17719999999098945,0.17740000000048894,0.17759999999543652,0.1777999999903841,0.17799999999988358,0.17819999999483116,0.17840000000433065,0.17859999999927823,0.1787999999942258,0.1790000000037253,0.17919999999867287,0.17939999999362044,0.17960000000311993,0.1797999999980675,0.17999999999301508,0.18020000000251457,0.18039999999746215,0.18059999999240972,0.1808000000019092,0.1809999999968568,0.18119999999180436,0.18140000000130385,0.18159999999625143,0.181799999991199,0.1820000000006985,0.18219999999564607,0.18239999999059364,0.18260000000009313,0.1827999999950407,0.18299999998998828,0.18319999999948777,0.18339999999443535,0.18360000000393484,0.1837999999988824,0.18399999999383,0.18420000000332948,0.18439999999827705,0.18459999999322463,0.18480000000272412,0.1849999999976717,0.18519999999261927,0.18540000000211876,0.18559999999706633,0.1857999999920139,0.1860000000015134,0.18619999999646097,0.18639999999140855,0.18660000000090804,0.18679999999585561,0.1869999999908032,0.18720000000030268,0.18739999999525025,0.18759999999019783,0.18779999999969732,0.1879999999946449,0.18820000000414439,0.18839999999909196,0.18859999999403954,0.18880000000353903,0.1889999999984866,0.18919999999343418,0.18940000000293367,0.18959999999788124,0.18979999999282882,0.1900000000023283,0.19019999999727588,0.19039999999222346,0.19060000000172295,0.19079999999667052,0.1909999999916181,0.1912000000011176,0.19139999999606516,0.19159999999101274,0.19180000000051223,0.1919999999954598,0.19219999999040738,0.19239999999990687,0.19259999999485444,0.19280000000435393,0.1929999999993015,0.19319999999424908,0.19340000000374857,0.19359999999869615,0.19379999999364372,0.1940000000031432,0.1941999999980908,0.19439999999303836,0.19460000000253785,0.19479999999748543,0.194999999992433,0.1952000000019325,0.19539999999688007,0.19559999999182764,0.19580000000132713,0.1959999999962747,0.19619999999122228,0.19640000000072177,0.19659999999566935,0.19679999999061693,0.19700000000011642,0.197199999995064,0.19739999999001157,0.19759999999951106,0.19779999999445863,0.19800000000395812,0.1981999999989057,0.19839999999385327,0.19860000000335276,0.19879999999830034,0.1989999999932479,0.1992000000027474,0.19939999999769498,0.19959999999264255,0.19980000000214204,0.19999999999708962,0.2001999999920372,0.20040000000153668,0.20059999999648426,0.20079999999143183,0.20100000000093132,0.2011999999958789,0.20139999999082647,0.20160000000032596,0.20179999999527354,0.2019999999902211,0.2021999999997206,0.20239999999466818,0.20260000000416767,0.20279999999911524,0.20299999999406282,0.2032000000035623,0.20339999999850988,0.20359999999345746,0.20380000000295695,0.20399999999790452,0.2041999999928521,0.2044000000023516,0.20459999999729916,0.20479999999224674,0.20500000000174623,0.2051999999966938,0.20539999999164138,0.20560000000114087,0.20579999999608845,0.20599999999103602,0.2062000000005355,0.20639999999548309,0.20659999999043066,0.20679999999993015,0.20699999999487773,0.2071999999898253,0.2073999999993248,0.20759999999427237,0.20780000000377186,0.20799999999871943,0.208199999993667,0.2084000000031665,0.20859999999811407,0.20879999999306165,0.20900000000256114,0.2091999999975087,0.2093999999924563,0.20960000000195578,0.20979999999690335,0.20999999999185093,0.21020000000135042,0.210399999996298,0.21059999999124557,0.21080000000074506,0.21099999999569263,0.2111999999906402,0.2114000000001397,0.21159999999508727,0.21179999999003485,0.21199999999953434,0.2121999999944819,0.2124000000039814,0.21259999999892898,0.21279999999387655,0.21300000000337604,0.21319999999832362,0.2133999999932712,0.21360000000277068,0.21379999999771826,0.21399999999266583,0.21420000000216532,0.2143999999971129,0.21459999999206048,0.21480000000155997,0.21499999999650754,0.21519999999145512,0.2154000000009546,0.21559999999590218,0.21579999999084976,0.21600000000034925,0.21619999999529682,0.2163999999902444,0.2165999999997439,0.21679999999469146,0.21700000000419095,0.21719999999913853,0.2173999999940861,0.2176000000035856,0.21779999999853317,0.21799999999348074,0.21820000000298023,0.2183999999979278,0.21859999999287538,0.21880000000237487,0.21899999999732245,0.21919999999227002,0.2194000000017695,0.2195999999967171,0.21979999999166466,0.22000000000116415,0.22019999999611173,0.2203999999910593,0.2206000000005588,0.22079999999550637,0.22099999999045394,0.22119999999995343,0.221399999994901,0.22159999998984858,0.22179999999934807,0.22199999999429565,0.22220000000379514,0.22239999999874271,0.2225999999936903,0.22280000000318978,0.22299999999813735,0.22319999999308493,0.22340000000258442,0.223599999997532,0.22379999999247957,0.22400000000197906,0.22419999999692664,0.2243999999918742,0.2246000000013737,0.22479999999632128,0.22499999999126885,0.22520000000076834,0.22539999999571592,0.2255999999906635,0.22580000000016298,0.22599999999511056,0.22619999999005813,0.22639999999955762,0.2265999999945052,0.2268000000040047,0.22699999999895226,0.22719999999389984,0.22740000000339933,0.2275999999983469,0.22779999999329448,0.22800000000279397,0.22819999999774154,0.22839999999268912,0.2286000000021886,0.22879999999713618,0.22899999999208376,0.22920000000158325,0.22939999999653082,0.2295999999914784,0.2298000000009779,0.22999999999592546,0.23019999999087304,0.23040000000037253,0.2305999999953201,0.23079999999026768,0.23099999999976717,0.23119999999471474,0.23140000000421423,0.2315999999991618,0.23179999999410938,0.23200000000360887,0.23219999999855645,0.23239999999350403,0.23260000000300352,0.2327999999979511,0.23299999999289867,0.23320000000239816,0.23339999999734573,0.2335999999922933,0.2338000000017928,0.23399999999674037,0.23419999999168795,0.23440000000118744,0.234599999996135,0.2347999999910826,0.23500000000058208,0.23519999999552965,0.23539999999047723,0.23559999999997672,0.2357999999949243,0.23599999998987187,0.23619999999937136,0.23639999999431893,0.23660000000381842,0.236799999998766,0.23699999999371357,0.23720000000321306,0.23739999999816064,0.2375999999931082,0.2378000000026077,0.23799999999755528,0.23819999999250285,0.23840000000200234,0.23859999999694992,0.2387999999918975,0.23900000000139698,0.23919999999634456,0.23939999999129213,0.23960000000079162,0.2397999999957392,0.23999999999068677,0.24020000000018626,0.24039999999513384,0.24059999999008141,0.2407999999995809,0.24099999999452848,0.24120000000402797,0.24139999999897555,0.24159999999392312,0.2418000000034226,0.24199999999837019,0.24219999999331776,0.24240000000281725,0.24259999999776483,0.2427999999927124,0.2430000000022119,0.24319999999715947,0.24339999999210704,0.24360000000160653,0.2437999999965541,0.24399999999150168,0.24420000000100117,0.24439999999594875,0.24459999999089632,0.2448000000003958,0.2449999999953434,0.24519999999029096,0.24539999999979045,0.24559999999473803,0.24580000000423752,0.2459999999991851,0.24619999999413267,0.24640000000363216,0.24659999999857973,0.2467999999935273,0.2470000000030268,0.24719999999797437,0.24739999999292195,0.24760000000242144,0.247799999997369,0.2479999999923166,0.24820000000181608,0.24839999999676365,0.24859999999171123,0.24880000000121072,0.2489999999961583,0.24919999999110587,0.24940000000060536,0.24959999999555293,0.2497999999905005,0.25,0.2501999999949476,0.25039999998989515,0.25059999999939464,0.2507999999943422,0.2510000000038417,0.2511999999987893,0.25139999999373686,0.25160000000323635,0.2517999999981839,0.2519999999931315,0.252200000002631,0.25239999999757856,0.25259999999252614,0.2528000000020256,0.2529999999969732,0.2531999999919208,0.25340000000142027,0.25359999999636784,0.2537999999913154,0.2540000000008149,0.2541999999957625,0.25439999999071006,0.25460000000020955,0.2547999999951571,0.2549999999901047,0.2551999999996042,0.25539999999455176,0.25560000000405125,0.25579999999899883,0.2559999999939464,0.2562000000034459,0.25639999999839347,0.25659999999334104,0.25680000000284053,0.2569999999977881,0.2571999999927357,0.2574000000022352,0.25759999999718275,0.2577999999921303,0.2580000000016298,0.2581999999965774,0.25839999999152496,0.25860000000102445,0.25879999999597203,0.2589999999909196,0.2592000000004191,0.25939999999536667,0.25959999999031425,0.25979999999981374,0.2599999999947613,0.2602000000042608,0.2603999999992084,0.26059999999415595,0.26080000000365544,0.260999999998603,0.2611999999935506,0.2614000000030501,0.26159999999799766,0.26179999999294523,0.2620000000024447,0.2621999999973923,0.26239999999233987,0.26260000000183936,0.26279999999678694,0.2629999999917345,0.263200000001234,0.2633999999961816,0.26359999999112915,0.26380000000062864,0.2639999999955762,0.2641999999905238,0.2644000000000233,0.26459999999497086,0.26479999998991843,0.2649999999994179,0.2651999999943655,0.265400000003865,0.26559999999881256,0.26579999999376014,0.26600000000325963,0.2661999999982072,0.2663999999931548,0.26660000000265427,0.26679999999760184,0.2669999999925494,0.2672000000020489,0.2673999999969965,0.26759999999194406,0.26780000000144355,0.2679999999963911,0.2681999999913387,0.2684000000008382,0.26859999999578577,0.26879999999073334,0.26900000000023283,0.2691999999951804,0.269399999990128,0.26959999999962747,0.26979999999457505,0.27000000000407454,0.2701999999990221,0.2703999999939697,0.2706000000034692,0.27079999999841675,0.2709999999933643,0.2712000000028638,0.2713999999978114,0.27159999999275897,0.27180000000225846,0.27199999999720603,0.2721999999921536,0.2724000000016531,0.2725999999966007,0.27279999999154825,0.27300000000104774,0.2731999999959953,0.2733999999909429,0.2736000000004424,0.27379999999538995,0.27399999999033753,0.274199999999837,0.2743999999947846,0.2746000000042841,0.27479999999923166,0.27499999999417923,0.2752000000036787,0.2753999999986263,0.2755999999935739,0.27580000000307336,0.27599999999802094,0.2761999999929685,0.276400000002468,0.2765999999974156,0.27679999999236315,0.27700000000186265,0.2771999999968102,0.2773999999917578,0.2776000000012573,0.27779999999620486,0.27799999999115244,0.2782000000006519,0.2783999999955995,0.2785999999905471,0.27880000000004657,0.27899999999499414,0.2791999999899417,0.2793999999994412,0.2795999999943888,0.27980000000388827,0.27999999999883585,0.2801999999937834,0.2804000000032829,0.2805999999982305,0.28079999999317806,0.28100000000267755,0.2811999999976251,0.2813999999925727,0.2816000000020722,0.28179999999701977,0.28199999999196734,0.28220000000146683,0.2823999999964144,0.282599999991362,0.2828000000008615,0.28299999999580905,0.2831999999907566,0.2834000000002561,0.2835999999952037,0.28379999999015126,0.28399999999965075,0.28419999999459833,0.2844000000040978,0.2845999999990454,0.28479999999399297,0.28500000000349246,0.28519999999844003,0.2853999999933876,0.2856000000028871,0.2857999999978347,0.28599999999278225,0.28620000000228174,0.2863999999972293,0.2865999999921769,0.2868000000016764,0.28699999999662396,0.28719999999157153,0.287400000001071,0.2875999999960186,0.28779999999096617,0.28800000000046566,0.28819999999541324,0.2883999999903608,0.2885999999998603,0.2887999999948079,0.28900000000430737,0.28919999999925494,0.2893999999942025,0.289600000003702,0.2897999999986496,0.28999999999359716,0.29020000000309665,0.2903999999980442,0.2905999999929918,0.2908000000024913,0.29099999999743886,0.29119999999238644,0.29140000000188593,0.2915999999968335,0.2917999999917811,0.29200000000128057,0.29219999999622814,0.2923999999911757,0.2926000000006752,0.2927999999956228,0.29299999999057036,0.29320000000006985,0.2933999999950174,0.293599999989965,0.2937999999994645,0.29399999999441206,0.29420000000391155,0.29439999999885913,0.2945999999938067,0.2948000000033062,0.29499999999825377,0.29519999999320135,0.29540000000270084,0.2955999999976484,0.295799999992596,0.2960000000020955,0.29619999999704305,0.2963999999919906,0.2966000000014901,0.2967999999964377,0.29699999999138527,0.29720000000088476,0.29739999999583233,0.2975999999907799,0.2978000000002794,0.29799999999522697,0.29819999999017455,0.29839999999967404,0.2985999999946216,0.2988000000041211,0.2989999999990687,0.29919999999401625,0.29940000000351574,0.2995999999984633,0.2997999999934109,0.3000000000029104,0.30019999999785796,0.30039999999280553,0.300600000002305,0.3007999999972526,0.3009999999922002,0.30120000000169966,0.30139999999664724,0.3015999999915948,0.3018000000010943,0.3019999999960419,0.30219999999098945,0.30240000000048894,0.3025999999954365,0.3027999999903841,0.3029999999998836,0.30319999999483116,0.30340000000433065,0.3035999999992782,0.3037999999942258,0.3040000000037253,0.30419999999867287,0.30439999999362044,0.30460000000311993,0.3047999999980675,0.3049999999930151,0.30520000000251457,0.30539999999746215,0.3055999999924097,0.3058000000019092,0.3059999999968568,0.30619999999180436,0.30640000000130385,0.3065999999962514,0.306799999991199,0.3070000000006985,0.30719999999564607,0.30739999999059364,0.30760000000009313,0.3077999999950407,0.3079999999899883,0.3081999999994878,0.30839999999443535,0.30860000000393484,0.3087999999988824,0.30899999999383,0.3092000000033295,0.30939999999827705,0.30959999999322463,0.3098000000027241,0.3099999999976717,0.31019999999261927,0.31040000000211876,0.31059999999706633,0.3107999999920139,0.3110000000015134,0.311199999996461,0.31139999999140855,0.31160000000090804,0.3117999999958556,0.3119999999908032,0.3122000000003027,0.31239999999525025,0.31259999999019783,0.3127999999996973,0.3129999999946449,0.3132000000041444,0.31339999999909196,0.31359999999403954,0.313800000003539,0.3139999999984866,0.3141999999934342,0.31440000000293367,0.31459999999788124,0.3147999999928288,0.3150000000023283,0.3151999999972759,0.31539999999222346,0.31560000000172295,0.3157999999966705,0.3159999999916181,0.3162000000011176,0.31639999999606516,0.31659999999101274,0.3168000000005122,0.3169999999954598,0.3171999999904074,0.31739999999990687,0.31759999999485444,0.31780000000435393,0.3179999999993015,0.3181999999942491,0.3184000000037486,0.31859999999869615,0.3187999999936437,0.3190000000031432,0.3191999999980908,0.31939999999303836,0.31960000000253785,0.31979999999748543,0.319999999992433,0.3202000000019325,0.32039999999688007,0.32059999999182764,0.32080000000132713,0.3209999999962747,0.3211999999912223,0.3214000000007218,0.32159999999566935,0.3217999999906169,0.3220000000001164,0.322199999995064,0.32239999999001157,0.32259999999951106,0.32279999999445863,0.3230000000039581,0.3231999999989057,0.32339999999385327,0.32360000000335276,0.32379999999830034,0.3239999999932479,0.3242000000027474,0.324399999997695,0.32459999999264255,0.32480000000214204,0.3249999999970896,0.3251999999920372,0.3254000000015367,0.32559999999648426,0.32579999999143183,0.3260000000009313,0.3261999999958789,0.3263999999908265,0.32660000000032596,0.32679999999527354,0.3269999999902211,0.3271999999997206,0.3273999999946682,0.32760000000416767,0.32779999999911524,0.3279999999940628,0.3282000000035623,0.3283999999985099,0.32859999999345746,0.32880000000295695,0.3289999999979045,0.3291999999928521,0.3294000000023516,0.32959999999729916,0.32979999999224674,0.33000000000174623,0.3301999999966938,0.3303999999916414,0.33060000000114087,0.33079999999608845,0.330999999991036,0.3312000000005355,0.3313999999954831,0.33159999999043066,0.33179999999993015,0.3319999999948777,0.3321999999898253,0.3323999999993248,0.33259999999427237,0.33280000000377186,0.33299999999871943,0.333199999993667,0.3334000000031665,0.33359999999811407,0.33379999999306165,0.33400000000256114,0.3341999999975087,0.3343999999924563,0.3346000000019558,0.33479999999690335,0.3349999999918509,0.3352000000013504,0.335399999996298,0.33559999999124557,0.33580000000074506,0.33599999999569263,0.3361999999906402,0.3364000000001397,0.3365999999950873,0.33679999999003485,0.33699999999953434,0.3371999999944819,0.3374000000039814,0.337599999998929,0.33779999999387655,0.33800000000337604,0.3381999999983236,0.3383999999932712,0.3386000000027707,0.33879999999771826,0.33899999999266583,0.3392000000021653,0.3393999999971129,0.3395999999920605,0.33980000000155997,0.33999999999650754,0.3401999999914551,0.3404000000009546,0.3405999999959022,0.34079999999084976,0.34100000000034925,0.3411999999952968,0.3413999999902444,0.3415999999997439,0.34179999999469146,0.34200000000419095,0.3421999999991385,0.3423999999940861,0.3426000000035856,0.34279999999853317,0.34299999999348074,0.34320000000298023,0.3433999999979278,0.3435999999928754,0.3438000000023749,0.34399999999732245,0.34419999999227,0.3444000000017695,0.3445999999967171,0.34479999999166466,0.34500000000116415,0.34519999999611173,0.3453999999910593,0.3456000000005588,0.34579999999550637,0.34599999999045394,0.34619999999995343,0.346399999994901,0.3465999999898486,0.3467999999993481,0.34699999999429565,0.34720000000379514,0.3473999999987427,0.3475999999936903,0.3478000000031898,0.34799999999813735,0.34819999999308493,0.3484000000025844,0.348599999997532,0.34879999999247957,0.34900000000197906,0.34919999999692664,0.3493999999918742,0.3496000000013737,0.3497999999963213,0.34999999999126885,0.35020000000076834,0.3503999999957159,0.3505999999906635,0.350800000000163,0.35099999999511056,0.35119999999005813,0.3513999999995576,0.3515999999945052,0.3518000000040047,0.35199999999895226,0.35219999999389984,0.3524000000033993,0.3525999999983469,0.3527999999932945,0.35300000000279397,0.35319999999774154,0.3533999999926891,0.3536000000021886,0.3537999999971362,0.35399999999208376,0.35420000000158325,0.3543999999965308,0.3545999999914784,0.3548000000009779,0.35499999999592546,0.35519999999087304,0.35540000000037253,0.3555999999953201,0.3557999999902677,0.35599999999976717,0.35619999999471474,0.35640000000421423,0.3565999999991618,0.3567999999941094,0.3570000000036089,0.35719999999855645,0.357399999993504,0.3576000000030035,0.3577999999979511,0.35799999999289867,0.35820000000239816,0.35839999999734573,0.3585999999922933,0.3588000000017928,0.35899999999674037,0.35919999999168795,0.35940000000118744,0.359599999996135,0.3597999999910826,0.3600000000005821,0.36019999999552965,0.3603999999904772,0.3605999999999767,0.3607999999949243,0.36099999998987187,0.36119999999937136,0.36139999999431893,0.3616000000038184,0.361799999998766,0.3619999999937136,0.36220000000321306,0.36239999999816064,0.3625999999931082,0.3628000000026077,0.3629999999975553,0.36319999999250285,0.36340000000200234,0.3635999999969499,0.3637999999918975,0.364000000001397,0.36419999999634456,0.36439999999129213,0.3646000000007916,0.3647999999957392,0.3649999999906868,0.36520000000018626,0.36539999999513384,0.3655999999900814,0.3657999999995809,0.3659999999945285,0.36620000000402797,0.36639999999897555,0.3665999999939231,0.3668000000034226,0.3669999999983702,0.36719999999331776,0.36740000000281725,0.3675999999977648,0.3677999999927124,0.3680000000022119,0.36819999999715947,0.36839999999210704,0.36860000000160653,0.3687999999965541,0.3689999999915017,0.36920000000100117,0.36939999999594875,0.3695999999908963,0.3698000000003958,0.3699999999953434,0.37019999999029096,0.37039999999979045,0.370599999994738,0.3708000000042375,0.3709999999991851,0.37119999999413267,0.37140000000363216,0.37159999999857973,0.3717999999935273,0.3720000000030268,0.3721999999979744,0.37239999999292195,0.37260000000242144,0.372799999997369,0.3729999999923166,0.3732000000018161,0.37339999999676365,0.37359999999171123,0.3738000000012107,0.3739999999961583,0.37419999999110587,0.37440000000060536,0.37459999999555293,0.3747999999905005,0.375,0.3751999999949476,0.37539999998989515,0.37559999999939464,0.3757999999943422,0.3760000000038417,0.3761999999987893,0.37639999999373686,0.37660000000323635,0.3767999999981839,0.3769999999931315,0.377200000002631,0.37739999999757856,0.37759999999252614,0.3778000000020256,0.3779999999969732,0.3781999999919208,0.37840000000142027,0.37859999999636784,0.3787999999913154,0.3790000000008149,0.3791999999957625,0.37939999999071006,0.37960000000020955,0.3797999999951571,0.3799999999901047,0.3801999999996042,0.38039999999455176,0.38060000000405125,0.38079999999899883,0.3809999999939464,0.3812000000034459,0.38139999999839347,0.38159999999334104,0.38180000000284053,0.3819999999977881,0.3821999999927357,0.3824000000022352,0.38259999999718275,0.3827999999921303,0.3830000000016298,0.3831999999965774,0.38339999999152496,0.38360000000102445,0.38379999999597203,0.3839999999909196,0.3842000000004191,0.38439999999536667,0.38459999999031425,0.38479999999981374,0.3849999999947613,0.3852000000042608,0.3853999999992084,0.38559999999415595,0.38580000000365544,0.385999999998603,0.3861999999935506,0.3864000000030501,0.38659999999799766,0.38679999999294523,0.3870000000024447,0.3871999999973923,0.38739999999233987,0.38760000000183936,0.38779999999678694,0.3879999999917345,0.388200000001234,0.3883999999961816,0.38859999999112915,0.38880000000062864,0.3889999999955762,0.3891999999905238,0.3894000000000233,0.38959999999497086,0.38979999998991843,0.3899999999994179,0.3901999999943655,0.390400000003865,0.39059999999881256,0.39079999999376014,0.39100000000325963,0.3911999999982072,0.3913999999931548,0.39160000000265427,0.39179999999760184,0.3919999999925494,0.3922000000020489,0.3923999999969965,0.39259999999194406,0.39280000000144355,0.3929999999963911,0.3931999999913387,0.3934000000008382,0.39359999999578577,0.39379999999073334,0.39400000000023283,0.3941999999951804,0.394399999990128,0.39459999999962747,0.39479999999457505,0.39500000000407454,0.3951999999990221,0.3953999999939697,0.3956000000034692,0.39579999999841675,0.3959999999933643,0.3962000000028638,0.3963999999978114,0.39659999999275897,0.39680000000225846,0.39699999999720603,0.3971999999921536,0.3974000000016531,0.3975999999966007,0.39779999999154825,0.39800000000104774,0.3981999999959953,0.3983999999909429,0.3986000000004424,0.39879999999538995,0.39899999999033753,0.399199999999837,0.3993999999947846,0.3996000000042841,0.39979999999923166,0.39999999999417923,0.4002000000036787,0.4003999999986263,0.4005999999935739,0.40080000000307336,0.40099999999802094,0.4011999999929685,0.401400000002468,0.4015999999974156,0.40179999999236315,0.40200000000186265,0.4021999999968102,0.4023999999917578,0.4026000000012573,0.40279999999620486,0.40299999999115244,0.4032000000006519,0.4033999999955995,0.4035999999905471,0.40380000000004657,0.40399999999499414,0.4041999999899417,0.4043999999994412,0.4045999999943888,0.40480000000388827,0.40499999999883585,0.4051999999937834,0.4054000000032829,0.4055999999982305,0.40579999999317806,0.40600000000267755,0.4061999999976251,0.4063999999925727,0.4066000000020722,0.40679999999701977,0.40699999999196734,0.40720000000146683,0.4073999999964144,0.407599999991362,0.4078000000008615,0.40799999999580905,0.4081999999907566,0.4084000000002561,0.4085999999952037,0.40879999999015126,0.40899999999965075,0.40919999999459833,0.4094000000040978,0.4095999999990454,0.40979999999399297,0.41000000000349246,0.41019999999844003,0.4103999999933876,0.4106000000028871,0.4107999999978347,0.41099999999278225,0.41120000000228174,0.4113999999972293,0.4115999999921769,0.4118000000016764,0.41199999999662396,0.41219999999157153,0.412400000001071,0.4125999999960186,0.41279999999096617,0.41300000000046566,0.41319999999541324,0.4133999999903608,0.4135999999998603,0.4137999999948079,0.41400000000430737,0.41419999999925494,0.4143999999942025,0.414600000003702,0.4147999999986496,0.41499999999359716,0.41520000000309665,0.4153999999980442,0.4155999999929918,0.4158000000024913,0.41599999999743886,0.41619999999238644,0.41640000000188593,0.4165999999968335,0.4167999999917811,0.41700000000128057,0.41719999999622814,0.4173999999911757,0.4176000000006752,0.4177999999956228,0.41799999999057036,0.41820000000006985,0.4183999999950174,0.418599999989965,0.4187999999994645,0.41899999999441206,0.41920000000391155,0.41939999999885913,0.4195999999938067,0.4198000000033062,0.41999999999825377,0.42019999999320135,0.42040000000270084,0.4205999999976484,0.420799999992596,0.4210000000020955,0.42119999999704305,0.4213999999919906,0.4216000000014901,0.4217999999964377,0.42199999999138527,0.42220000000088476,0.42239999999583233,0.4225999999907799,0.4228000000002794,0.42299999999522697,0.42319999999017455,0.42339999999967404,0.4235999999946216,0.4238000000041211,0.4239999999990687,0.42419999999401625,0.42440000000351574,0.4245999999984633,0.4247999999934109,0.4250000000029104,0.42519999999785796,0.42539999999280553,0.425600000002305,0.4257999999972526,0.4259999999922002,0.42620000000169966,0.42639999999664724,0.4265999999915948,0.4268000000010943,0.4269999999960419,0.42719999999098945,0.42740000000048894,0.4275999999954365,0.4277999999903841,0.4279999999998836,0.42819999999483116,0.42840000000433065,0.4285999999992782,0.4287999999942258,0.4290000000037253,0.42919999999867287,0.42939999999362044,0.42960000000311993,0.4297999999980675,0.4299999999930151,0.43020000000251457,0.43039999999746215,0.4305999999924097,0.4308000000019092,0.4309999999968568,0.43119999999180436,0.43140000000130385,0.4315999999962514,0.431799999991199,0.4320000000006985,0.43219999999564607,0.43239999999059364,0.43260000000009313,0.4327999999950407,0.4329999999899883,0.4331999999994878,0.43339999999443535,0.43360000000393484,0.4337999999988824,0.43399999999383,0.4342000000033295,0.43439999999827705,0.43459999999322463,0.4348000000027241,0.4349999999976717,0.43519999999261927,0.43540000000211876,0.43559999999706633,0.4357999999920139,0.4360000000015134,0.436199999996461,0.43639999999140855,0.43660000000090804,0.4367999999958556,0.4369999999908032,0.4372000000003027,0.43739999999525025,0.43759999999019783,0.4377999999996973,0.4379999999946449,0.4382000000041444,0.43839999999909196,0.43859999999403954,0.438800000003539,0.4389999999984866,0.4391999999934342,0.43940000000293367,0.43959999999788124,0.4397999999928288,0.4400000000023283,0.4401999999972759,0.44039999999222346,0.44060000000172295,0.4407999999966705,0.4409999999916181,0.4412000000011176,0.44139999999606516,0.44159999999101274,0.4418000000005122,0.4419999999954598,0.4421999999904074,0.44239999999990687,0.44259999999485444,0.44280000000435393,0.4429999999993015,0.4431999999942491,0.4434000000037486,0.44359999999869615,0.4437999999936437,0.4440000000031432,0.4441999999980908,0.44439999999303836,0.44460000000253785,0.44479999999748543,0.444999999992433,0.4452000000019325,0.44539999999688007,0.44559999999182764,0.44580000000132713,0.4459999999962747,0.4461999999912223,0.4464000000007218,0.44659999999566935,0.4467999999906169,0.4470000000001164,0.447199999995064,0.44739999999001157,0.44759999999951106,0.44779999999445863,0.4480000000039581,0.4481999999989057,0.44839999999385327,0.44860000000335276,0.44879999999830034,0.4489999999932479,0.4492000000027474,0.449399999997695,0.44959999999264255,0.44980000000214204,0.4499999999970896,0.4501999999920372,0.4504000000015367,0.45059999999648426,0.45079999999143183,0.4510000000009313,0.4511999999958789,0.4513999999908265,0.45160000000032596,0.45179999999527354,0.4519999999902211,0.4521999999997206,0.4523999999946682,0.45260000000416767,0.45279999999911524,0.4529999999940628,0.4532000000035623,0.4533999999985099,0.45359999999345746,0.45380000000295695,0.4539999999979045,0.4541999999928521,0.4544000000023516,0.45459999999729916,0.45479999999224674,0.45500000000174623,0.4551999999966938,0.4553999999916414,0.45560000000114087,0.45579999999608845,0.455999999991036,0.4562000000005355,0.4563999999954831,0.45659999999043066,0.45679999999993015,0.4569999999948777,0.4571999999898253,0.4573999999993248,0.45759999999427237,0.45780000000377186,0.45799999999871943,0.458199999993667,0.4584000000031665,0.45859999999811407,0.45879999999306165,0.45900000000256114,0.4591999999975087,0.4593999999924563,0.4596000000019558,0.45979999999690335,0.4599999999918509,0.4602000000013504,0.460399999996298,0.46059999999124557,0.46080000000074506,0.46099999999569263,0.4611999999906402,0.4614000000001397,0.4615999999950873,0.46179999999003485,0.46199999999953434,0.4621999999944819,0.4624000000039814,0.462599999998929,0.46279999999387655,0.46300000000337604,0.4631999999983236,0.4633999999932712,0.4636000000027707,0.46379999999771826,0.46399999999266583,0.4642000000021653,0.4643999999971129,0.4645999999920605,0.46480000000155997,0.46499999999650754,0.4651999999914551,0.4654000000009546,0.4655999999959022,0.46579999999084976,0.46600000000034925,0.4661999999952968,0.4663999999902444,0.4665999999997439,0.46679999999469146,0.46700000000419095,0.4671999999991385,0.4673999999940861,0.4676000000035856,0.46779999999853317,0.46799999999348074,0.46820000000298023,0.4683999999979278,0.4685999999928754,0.4688000000023749,0.46899999999732245,0.46919999999227,0.4694000000017695,0.4695999999967171,0.46979999999166466,0.47000000000116415,0.47019999999611173,0.4703999999910593,0.4706000000005588,0.47079999999550637,0.47099999999045394,0.47119999999995343,0.471399999994901,0.4715999999898486,0.4717999999993481,0.47199999999429565,0.47220000000379514,0.4723999999987427,0.4725999999936903,0.4728000000031898,0.47299999999813735,0.47319999999308493,0.4734000000025844,0.473599999997532,0.47379999999247957,0.47400000000197906,0.47419999999692664,0.4743999999918742,0.4746000000013737,0.4747999999963213,0.47499999999126885,0.47520000000076834,0.4753999999957159,0.4755999999906635,0.475800000000163,0.47599999999511056,0.47619999999005813,0.4763999999995576,0.4765999999945052,0.4768000000040047,0.47699999999895226,0.47719999999389984,0.4774000000033993,0.4775999999983469,0.4777999999932945,0.47800000000279397,0.47819999999774154,0.4783999999926891,0.4786000000021886,0.4787999999971362,0.47899999999208376,0.47920000000158325,0.4793999999965308,0.4795999999914784,0.4798000000009779,0.47999999999592546,0.48019999999087304,0.48040000000037253,0.4805999999953201,0.4807999999902677,0.48099999999976717,0.48119999999471474,0.48140000000421423,0.4815999999991618,0.4817999999941094,0.4820000000036089,0.48219999999855645,0.482399999993504,0.4826000000030035,0.4827999999979511,0.48299999999289867,0.48320000000239816,0.48339999999734573,0.4835999999922933,0.4838000000017928,0.48399999999674037,0.48419999999168795,0.48440000000118744,0.484599999996135,0.4847999999910826,0.4850000000005821,0.48519999999552965,0.4853999999904772,0.4855999999999767,0.4857999999949243,0.48599999998987187,0.48619999999937136,0.48639999999431893,0.4866000000038184,0.486799999998766,0.4869999999937136,0.48720000000321306,0.48739999999816064,0.4875999999931082,0.4878000000026077,0.4879999999975553,0.48819999999250285,0.48840000000200234,0.4885999999969499,0.4887999999918975,0.489000000001397,0.48919999999634456,0.48939999999129213,0.4896000000007916,0.4897999999957392,0.4899999999906868,0.49020000000018626,0.49039999999513384,0.4905999999900814,0.4907999999995809,0.4909999999945285,0.49120000000402797,0.49139999999897555,0.4915999999939231,0.4918000000034226,0.4919999999983702,0.49219999999331776,0.49240000000281725,0.4925999999977648,0.4927999999927124,0.4930000000022119,0.49319999999715947,0.49339999999210704,0.49360000000160653,0.4937999999965541,0.4939999999915017,0.49420000000100117,0.49439999999594875,0.4945999999908963,0.4948000000003958,0.4949999999953434,0.49519999999029096,0.49539999999979045,0.495599999994738,0.4958000000042375,0.4959999999991851,0.49619999999413267,0.49640000000363216,0.49659999999857973,0.4967999999935273,0.4970000000030268,0.4971999999979744,0.49739999999292195,0.49760000000242144,0.497799999997369,0.4979999999923166,0.4982000000018161,0.49839999999676365,0.49859999999171123,0.4988000000012107,0.4989999999961583,0.49919999999110587,0.49940000000060536,0.49959999999555293,0.4997999999905005,0.5,0.5001999999949476,0.5003999999898952,0.5005999999993946,0.5007999999943422,0.5010000000038417,0.5011999999987893,0.5013999999937369,0.5016000000032363,0.5017999999981839,0.5019999999931315,0.502200000002631,0.5023999999975786,0.5025999999925261,0.5028000000020256,0.5029999999969732,0.5031999999919208,0.5034000000014203,0.5035999999963678,0.5037999999913154,0.5040000000008149,0.5041999999957625,0.5043999999907101,0.5046000000002095,0.5047999999951571,0.5049999999901047,0.5051999999996042,0.5053999999945518,0.5056000000040513,0.5057999999989988,0.5059999999939464,0.5062000000034459,0.5063999999983935,0.506599999993341,0.5068000000028405,0.5069999999977881,0.5071999999927357,0.5074000000022352,0.5075999999971827,0.5077999999921303,0.5080000000016298,0.5081999999965774,0.508399999991525,0.5086000000010245,0.508799999995972,0.5089999999909196,0.5092000000004191,0.5093999999953667,0.5095999999903142,0.5097999999998137,0.5099999999947613,0.5102000000042608,0.5103999999992084,0.510599999994156,0.5108000000036554,0.510999999998603,0.5111999999935506,0.5114000000030501,0.5115999999979977,0.5117999999929452,0.5120000000024447,0.5121999999973923,0.5123999999923399,0.5126000000018394,0.5127999999967869,0.5129999999917345,0.513200000001234,0.5133999999961816,0.5135999999911292,0.5138000000006286,0.5139999999955762,0.5141999999905238,0.5144000000000233,0.5145999999949709,0.5147999999899184,0.5149999999994179,0.5151999999943655,0.515400000003865,0.5155999999988126,0.5157999999937601,0.5160000000032596,0.5161999999982072,0.5163999999931548,0.5166000000026543,0.5167999999976018,0.5169999999925494,0.5172000000020489,0.5173999999969965,0.5175999999919441,0.5178000000014435,0.5179999999963911,0.5181999999913387,0.5184000000008382,0.5185999999957858,0.5187999999907333,0.5190000000002328,0.5191999999951804,0.519399999990128,0.5195999999996275,0.519799999994575,0.5200000000040745,0.5201999999990221,0.5203999999939697,0.5206000000034692,0.5207999999984168,0.5209999999933643,0.5212000000028638,0.5213999999978114,0.521599999992759,0.5218000000022585,0.521999999997206,0.5221999999921536,0.5224000000016531,0.5225999999966007,0.5227999999915482,0.5230000000010477,0.5231999999959953,0.5233999999909429,0.5236000000004424,0.52379999999539,0.5239999999903375,0.524199999999837,0.5243999999947846,0.5246000000042841,0.5247999999992317,0.5249999999941792,0.5252000000036787,0.5253999999986263,0.5255999999935739,0.5258000000030734,0.5259999999980209,0.5261999999929685,0.526400000002468,0.5265999999974156,0.5267999999923632,0.5270000000018626,0.5271999999968102,0.5273999999917578,0.5276000000012573,0.5277999999962049,0.5279999999911524,0.5282000000006519,0.5283999999955995,0.5285999999905471,0.5288000000000466,0.5289999999949941,0.5291999999899417,0.5293999999994412,0.5295999999943888,0.5298000000038883,0.5299999999988358,0.5301999999937834,0.5304000000032829,0.5305999999982305,0.5307999999931781,0.5310000000026776,0.5311999999976251,0.5313999999925727,0.5316000000020722,0.5317999999970198,0.5319999999919673,0.5322000000014668,0.5323999999964144,0.532599999991362,0.5328000000008615,0.532999999995809,0.5331999999907566,0.5334000000002561,0.5335999999952037,0.5337999999901513,0.5339999999996508,0.5341999999945983,0.5344000000040978,0.5345999999990454,0.534799999993993,0.5350000000034925,0.53519999999844,0.5353999999933876,0.5356000000028871,0.5357999999978347,0.5359999999927823,0.5362000000022817,0.5363999999972293,0.5365999999921769,0.5368000000016764,0.536999999996624,0.5371999999915715,0.537400000001071,0.5375999999960186,0.5377999999909662,0.5380000000004657,0.5381999999954132,0.5383999999903608,0.5385999999998603,0.5387999999948079,0.5390000000043074,0.5391999999992549,0.5393999999942025,0.539600000003702,0.5397999999986496,0.5399999999935972,0.5402000000030966,0.5403999999980442,0.5405999999929918,0.5408000000024913,0.5409999999974389,0.5411999999923864,0.5414000000018859,0.5415999999968335,0.5417999999917811,0.5420000000012806,0.5421999999962281,0.5423999999911757,0.5426000000006752,0.5427999999956228,0.5429999999905704,0.5432000000000698,0.5433999999950174,0.543599999989965,0.5437999999994645,0.5439999999944121,0.5442000000039116,0.5443999999988591,0.5445999999938067,0.5448000000033062,0.5449999999982538,0.5451999999932013,0.5454000000027008,0.5455999999976484,0.545799999992596,0.5460000000020955,0.546199999997043,0.5463999999919906,0.5466000000014901,0.5467999999964377,0.5469999999913853,0.5472000000008848,0.5473999999958323,0.5475999999907799,0.5478000000002794,0.547999999995227,0.5481999999901745,0.548399999999674,0.5485999999946216,0.5488000000041211,0.5489999999990687,0.5491999999940163,0.5494000000035157,0.5495999999984633,0.5497999999934109,0.5500000000029104,0.550199999997858,0.5503999999928055,0.550600000002305,0.5507999999972526,0.5509999999922002,0.5512000000016997,0.5513999999966472,0.5515999999915948,0.5518000000010943,0.5519999999960419,0.5521999999909895,0.5524000000004889,0.5525999999954365,0.5527999999903841,0.5529999999998836,0.5531999999948312,0.5534000000043306,0.5535999999992782,0.5537999999942258,0.5540000000037253,0.5541999999986729,0.5543999999936204,0.5546000000031199,0.5547999999980675,0.5549999999930151,0.5552000000025146,0.5553999999974621,0.5555999999924097,0.5558000000019092,0.5559999999968568,0.5561999999918044,0.5564000000013039,0.5565999999962514,0.556799999991199,0.5570000000006985,0.5571999999956461,0.5573999999905936,0.5576000000000931,0.5577999999950407,0.5579999999899883,0.5581999999994878,0.5583999999944353,0.5586000000039348,0.5587999999988824,0.55899999999383,0.5592000000033295,0.559399999998277,0.5595999999932246,0.5598000000027241,0.5599999999976717,0.5601999999926193,0.5604000000021188,0.5605999999970663,0.5607999999920139,0.5610000000015134,0.561199999996461,0.5613999999914085,0.561600000000908,0.5617999999958556,0.5619999999908032,0.5622000000003027,0.5623999999952503,0.5625999999901978,0.5627999999996973,0.5629999999946449,0.5632000000041444,0.563399999999092,0.5635999999940395,0.563800000003539,0.5639999999984866,0.5641999999934342,0.5644000000029337,0.5645999999978812,0.5647999999928288,0.5650000000023283,0.5651999999972759,0.5653999999922235,0.565600000001723,0.5657999999966705,0.5659999999916181,0.5662000000011176,0.5663999999960652,0.5665999999910127,0.5668000000005122,0.5669999999954598,0.5671999999904074,0.5673999999999069,0.5675999999948544,0.5678000000043539,0.5679999999993015,0.5681999999942491,0.5684000000037486,0.5685999999986961,0.5687999999936437,0.5690000000031432,0.5691999999980908,0.5693999999930384,0.5696000000025379,0.5697999999974854,0.569999999992433,0.5702000000019325,0.5703999999968801,0.5705999999918276,0.5708000000013271,0.5709999999962747,0.5711999999912223,0.5714000000007218,0.5715999999956694,0.5717999999906169,0.5720000000001164,0.572199999995064,0.5723999999900116,0.5725999999995111,0.5727999999944586,0.5730000000039581,0.5731999999989057,0.5733999999938533,0.5736000000033528,0.5737999999983003,0.5739999999932479,0.5742000000027474,0.574399999997695,0.5745999999926426,0.574800000002142,0.5749999999970896,0.5751999999920372,0.5754000000015367,0.5755999999964843,0.5757999999914318,0.5760000000009313,0.5761999999958789,0.5763999999908265,0.576600000000326,0.5767999999952735,0.5769999999902211,0.5771999999997206,0.5773999999946682,0.5776000000041677,0.5777999999991152,0.5779999999940628,0.5782000000035623,0.5783999999985099,0.5785999999934575,0.578800000002957,0.5789999999979045,0.5791999999928521,0.5794000000023516,0.5795999999972992,0.5797999999922467,0.5800000000017462,0.5801999999966938,0.5803999999916414,0.5806000000011409,0.5807999999960884,0.580999999991036,0.5812000000005355,0.5813999999954831,0.5815999999904307,0.5817999999999302,0.5819999999948777,0.5821999999898253,0.5823999999993248,0.5825999999942724,0.5828000000037719,0.5829999999987194,0.583199999993667,0.5834000000031665,0.5835999999981141,0.5837999999930616,0.5840000000025611,0.5841999999975087,0.5843999999924563,0.5846000000019558,0.5847999999969034,0.5849999999918509,0.5852000000013504,0.585399999996298,0.5855999999912456,0.5858000000007451,0.5859999999956926,0.5861999999906402,0.5864000000001397,0.5865999999950873,0.5867999999900348,0.5869999999995343,0.5871999999944819,0.5874000000039814,0.587599999998929,0.5877999999938766,0.588000000003376,0.5881999999983236,0.5883999999932712,0.5886000000027707,0.5887999999977183,0.5889999999926658,0.5892000000021653,0.5893999999971129,0.5895999999920605,0.58980000000156,0.5899999999965075,0.5901999999914551,0.5904000000009546,0.5905999999959022,0.5907999999908498,0.5910000000003492,0.5911999999952968,0.5913999999902444,0.5915999999997439,0.5917999999946915,0.592000000004191,0.5921999999991385,0.5923999999940861,0.5926000000035856,0.5927999999985332,0.5929999999934807,0.5932000000029802,0.5933999999979278,0.5935999999928754,0.5938000000023749,0.5939999999973224,0.59419999999227,0.5944000000017695,0.5945999999967171,0.5947999999916647,0.5950000000011642,0.5951999999961117,0.5953999999910593,0.5956000000005588,0.5957999999955064,0.5959999999904539,0.5961999999999534,0.596399999994901,0.5965999999898486,0.5967999999993481,0.5969999999942956,0.5972000000037951,0.5973999999987427,0.5975999999936903,0.5978000000031898,0.5979999999981374,0.5981999999930849,0.5984000000025844,0.598599999997532,0.5987999999924796,0.5990000000019791,0.5991999999969266,0.5993999999918742,0.5996000000013737,0.5997999999963213,0.5999999999912689,0.6002000000007683,0.6003999999957159,0.6005999999906635,0.600800000000163,0.6009999999951106,0.6011999999900581,0.6013999999995576,0.6015999999945052,0.6018000000040047,0.6019999999989523,0.6021999999938998,0.6024000000033993,0.6025999999983469,0.6027999999932945,0.603000000002794,0.6031999999977415,0.6033999999926891,0.6036000000021886,0.6037999999971362,0.6039999999920838,0.6042000000015832,0.6043999999965308,0.6045999999914784,0.6048000000009779,0.6049999999959255,0.605199999990873,0.6054000000003725,0.6055999999953201,0.6057999999902677,0.6059999999997672,0.6061999999947147,0.6064000000042142,0.6065999999991618,0.6067999999941094,0.6070000000036089,0.6071999999985565,0.607399999993504,0.6076000000030035,0.6077999999979511,0.6079999999928987,0.6082000000023982,0.6083999999973457,0.6085999999922933,0.6088000000017928,0.6089999999967404,0.609199999991688,0.6094000000011874,0.609599999996135,0.6097999999910826,0.6100000000005821,0.6101999999955297,0.6103999999904772,0.6105999999999767,0.6107999999949243,0.6109999999898719,0.6111999999993714,0.6113999999943189,0.6116000000038184,0.611799999998766,0.6119999999937136,0.6122000000032131,0.6123999999981606,0.6125999999931082,0.6128000000026077,0.6129999999975553,0.6131999999925029,0.6134000000020023,0.6135999999969499,0.6137999999918975,0.614000000001397,0.6141999999963446,0.6143999999912921,0.6146000000007916,0.6147999999957392,0.6149999999906868,0.6152000000001863,0.6153999999951338,0.6155999999900814,0.6157999999995809,0.6159999999945285,0.616200000004028,0.6163999999989755,0.6165999999939231,0.6168000000034226,0.6169999999983702,0.6171999999933178,0.6174000000028173,0.6175999999977648,0.6177999999927124,0.6180000000022119,0.6181999999971595,0.618399999992107,0.6186000000016065,0.6187999999965541,0.6189999999915017,0.6192000000010012,0.6193999999959487,0.6195999999908963,0.6198000000003958,0.6199999999953434,0.620199999990291,0.6203999999997905,0.620599999994738,0.6208000000042375,0.6209999999991851,0.6211999999941327,0.6214000000036322,0.6215999999985797,0.6217999999935273,0.6220000000030268,0.6221999999979744,0.622399999992922,0.6226000000024214,0.622799999997369,0.6229999999923166,0.6232000000018161,0.6233999999967637,0.6235999999917112,0.6238000000012107,0.6239999999961583,0.6241999999911059,0.6244000000006054,0.6245999999955529,0.6247999999905005,0.625,0.6251999999949476,0.6253999999898952,0.6255999999993946,0.6257999999943422,0.6260000000038417,0.6261999999987893,0.6263999999937369,0.6266000000032363,0.6267999999981839,0.6269999999931315,0.627200000002631,0.6273999999975786,0.6275999999925261,0.6278000000020256,0.6279999999969732,0.6281999999919208,0.6284000000014203,0.6285999999963678,0.6287999999913154,0.6290000000008149,0.6291999999957625,0.6293999999907101,0.6296000000002095,0.6297999999951571,0.6299999999901047,0.6301999999996042,0.6303999999945518,0.6306000000040513,0.6307999999989988,0.6309999999939464,0.6312000000034459,0.6313999999983935,0.631599999993341,0.6318000000028405,0.6319999999977881,0.6321999999927357,0.6324000000022352,0.6325999999971827,0.6327999999921303,0.6330000000016298,0.6331999999965774,0.633399999991525,0.6336000000010245,0.633799999995972,0.6339999999909196,0.6342000000004191,0.6343999999953667,0.6345999999903142,0.6347999999998137,0.6349999999947613,0.6352000000042608,0.6353999999992084,0.635599999994156,0.6358000000036554,0.635999999998603,0.6361999999935506,0.6364000000030501,0.6365999999979977,0.6367999999929452,0.6370000000024447,0.6371999999973923,0.6373999999923399,0.6376000000018394,0.6377999999967869,0.6379999999917345,0.638200000001234,0.6383999999961816,0.6385999999911292,0.6388000000006286,0.6389999999955762,0.6391999999905238,0.6394000000000233,0.6395999999949709,0.6397999999899184,0.6399999999994179,0.6401999999943655,0.640400000003865,0.6405999999988126,0.6407999999937601,0.6410000000032596,0.6411999999982072,0.6413999999931548,0.6416000000026543,0.6417999999976018,0.6419999999925494,0.6422000000020489,0.6423999999969965,0.6425999999919441,0.6428000000014435,0.6429999999963911,0.6431999999913387,0.6434000000008382,0.6435999999957858,0.6437999999907333,0.6440000000002328,0.6441999999951804,0.644399999990128,0.6445999999996275,0.644799999994575,0.6450000000040745,0.6451999999990221,0.6453999999939697,0.6456000000034692,0.6457999999984168,0.6459999999933643,0.6462000000028638,0.6463999999978114,0.646599999992759,0.6468000000022585,0.646999999997206,0.6471999999921536,0.6474000000016531,0.6475999999966007,0.6477999999915482,0.6480000000010477,0.6481999999959953,0.6483999999909429,0.6486000000004424,0.64879999999539,0.6489999999903375,0.649199999999837,0.6493999999947846,0.6496000000042841,0.6497999999992317,0.6499999999941792,0.6502000000036787,0.6503999999986263,0.6505999999935739,0.6508000000030734,0.6509999999980209,0.6511999999929685,0.651400000002468,0.6515999999974156,0.6517999999923632,0.6520000000018626,0.6521999999968102,0.6523999999917578,0.6526000000012573,0.6527999999962049,0.6529999999911524,0.6532000000006519,0.6533999999955995,0.6535999999905471,0.6538000000000466,0.6539999999949941,0.6541999999899417,0.6543999999994412,0.6545999999943888,0.6548000000038883,0.6549999999988358,0.6551999999937834,0.6554000000032829,0.6555999999982305,0.6557999999931781,0.6560000000026776,0.6561999999976251,0.6563999999925727,0.6566000000020722,0.6567999999970198,0.6569999999919673,0.6572000000014668,0.6573999999964144,0.657599999991362,0.6578000000008615,0.657999999995809,0.6581999999907566,0.6584000000002561,0.6585999999952037,0.6587999999901513,0.6589999999996508,0.6591999999945983,0.6594000000040978,0.6595999999990454,0.659799999993993,0.6600000000034925,0.66019999999844,0.6603999999933876,0.6606000000028871,0.6607999999978347,0.6609999999927823,0.6612000000022817,0.6613999999972293,0.6615999999921769,0.6618000000016764,0.661999999996624,0.6621999999915715,0.662400000001071,0.6625999999960186,0.6627999999909662,0.6630000000004657,0.6631999999954132,0.6633999999903608,0.6635999999998603,0.6637999999948079,0.6640000000043074,0.6641999999992549,0.6643999999942025,0.664600000003702,0.6647999999986496,0.6649999999935972,0.6652000000030966,0.6653999999980442,0.6655999999929918,0.6658000000024913,0.6659999999974389,0.6661999999923864,0.6664000000018859,0.6665999999968335,0.6667999999917811,0.6670000000012806,0.6671999999962281,0.6673999999911757,0.6676000000006752,0.6677999999956228,0.6679999999905704,0.6682000000000698,0.6683999999950174,0.668599999989965,0.6687999999994645,0.6689999999944121,0.6692000000039116,0.6693999999988591,0.6695999999938067,0.6698000000033062,0.6699999999982538,0.6701999999932013,0.6704000000027008,0.6705999999976484,0.670799999992596,0.6710000000020955,0.671199999997043,0.6713999999919906,0.6716000000014901,0.6717999999964377,0.6719999999913853,0.6722000000008848,0.6723999999958323,0.6725999999907799,0.6728000000002794,0.672999999995227,0.6731999999901745,0.673399999999674,0.6735999999946216,0.6738000000041211,0.6739999999990687,0.6741999999940163,0.6744000000035157,0.6745999999984633,0.6747999999934109,0.6750000000029104,0.675199999997858,0.6753999999928055,0.675600000002305,0.6757999999972526,0.6759999999922002,0.6762000000016997,0.6763999999966472,0.6765999999915948,0.6768000000010943,0.6769999999960419,0.6771999999909895,0.6774000000004889,0.6775999999954365,0.6777999999903841,0.6779999999998836,0.6781999999948312,0.6784000000043306,0.6785999999992782,0.6787999999942258,0.6790000000037253,0.6791999999986729,0.6793999999936204,0.6796000000031199,0.6797999999980675,0.6799999999930151,0.6802000000025146,0.6803999999974621,0.6805999999924097,0.6808000000019092,0.6809999999968568,0.6811999999918044,0.6814000000013039,0.6815999999962514,0.681799999991199,0.6820000000006985,0.6821999999956461,0.6823999999905936,0.6826000000000931,0.6827999999950407,0.6829999999899883,0.6831999999994878,0.6833999999944353,0.6836000000039348,0.6837999999988824,0.68399999999383,0.6842000000033295,0.684399999998277,0.6845999999932246,0.6848000000027241,0.6849999999976717,0.6851999999926193,0.6854000000021188,0.6855999999970663,0.6857999999920139,0.6860000000015134,0.686199999996461,0.6863999999914085,0.686600000000908,0.6867999999958556,0.6869999999908032,0.6872000000003027,0.6873999999952503,0.6875999999901978,0.6877999999996973,0.6879999999946449,0.6882000000041444,0.688399999999092,0.6885999999940395,0.688800000003539,0.6889999999984866,0.6891999999934342,0.6894000000029337,0.6895999999978812,0.6897999999928288,0.6900000000023283,0.6901999999972759,0.6903999999922235,0.690600000001723,0.6907999999966705,0.6909999999916181,0.6912000000011176,0.6913999999960652,0.6915999999910127,0.6918000000005122,0.6919999999954598,0.6921999999904074,0.6923999999999069,0.6925999999948544,0.6928000000043539,0.6929999999993015,0.6931999999942491,0.6934000000037486,0.6935999999986961,0.6937999999936437,0.6940000000031432,0.6941999999980908,0.6943999999930384,0.6946000000025379,0.6947999999974854,0.694999999992433,0.6952000000019325,0.6953999999968801,0.6955999999918276,0.6958000000013271,0.6959999999962747,0.6961999999912223,0.6964000000007218,0.6965999999956694,0.6967999999906169,0.6970000000001164,0.697199999995064,0.6973999999900116,0.6975999999995111,0.6977999999944586,0.6980000000039581,0.6981999999989057,0.6983999999938533,0.6986000000033528,0.6987999999983003,0.6989999999932479,0.6992000000027474,0.699399999997695,0.6995999999926426,0.699800000002142,0.6999999999970896,0.7001999999920372,0.7004000000015367,0.7005999999964843,0.7007999999914318,0.7010000000009313,0.7011999999958789,0.7013999999908265,0.701600000000326,0.7017999999952735,0.7019999999902211,0.7021999999997206,0.7023999999946682,0.7026000000041677,0.7027999999991152,0.7029999999940628,0.7032000000035623,0.7033999999985099,0.7035999999934575,0.703800000002957,0.7039999999979045,0.7041999999928521,0.7044000000023516,0.7045999999972992,0.7047999999922467,0.7050000000017462,0.7051999999966938,0.7053999999916414,0.7056000000011409,0.7057999999960884,0.705999999991036,0.7062000000005355,0.7063999999954831,0.7065999999904307,0.7067999999999302,0.7069999999948777,0.7071999999898253,0.7073999999993248,0.7075999999942724,0.7078000000037719,0.7079999999987194,0.708199999993667,0.7084000000031665,0.7085999999981141,0.7087999999930616,0.7090000000025611,0.7091999999975087,0.7093999999924563,0.7096000000019558,0.7097999999969034,0.7099999999918509,0.7102000000013504,0.710399999996298,0.7105999999912456,0.7108000000007451,0.7109999999956926,0.7111999999906402,0.7114000000001397,0.7115999999950873,0.7117999999900348,0.7119999999995343,0.7121999999944819,0.7124000000039814,0.712599999998929,0.7127999999938766,0.713000000003376,0.7131999999983236,0.7133999999932712,0.7136000000027707,0.7137999999977183,0.7139999999926658,0.7142000000021653,0.7143999999971129,0.7145999999920605,0.71480000000156,0.7149999999965075,0.7151999999914551,0.7154000000009546,0.7155999999959022,0.7157999999908498,0.7160000000003492,0.7161999999952968,0.7163999999902444,0.7165999999997439,0.7167999999946915,0.717000000004191,0.7171999999991385,0.7173999999940861,0.7176000000035856,0.7177999999985332,0.7179999999934807,0.7182000000029802,0.7183999999979278,0.7185999999928754,0.7188000000023749,0.7189999999973224,0.71919999999227,0.7194000000017695,0.7195999999967171,0.7197999999916647,0.7200000000011642,0.7201999999961117,0.7203999999910593,0.7206000000005588,0.7207999999955064,0.7209999999904539,0.7211999999999534,0.721399999994901,0.7215999999898486,0.7217999999993481,0.7219999999942956,0.7222000000037951,0.7223999999987427,0.7225999999936903,0.7228000000031898,0.7229999999981374,0.7231999999930849,0.7234000000025844,0.723599999997532,0.7237999999924796,0.7240000000019791,0.7241999999969266,0.7243999999918742,0.7246000000013737,0.7247999999963213,0.7249999999912689,0.7252000000007683,0.7253999999957159,0.7255999999906635,0.725800000000163,0.7259999999951106,0.7261999999900581,0.7263999999995576,0.7265999999945052,0.7268000000040047,0.7269999999989523,0.7271999999938998,0.7274000000033993,0.7275999999983469,0.7277999999932945,0.728000000002794,0.7281999999977415,0.7283999999926891,0.7286000000021886,0.7287999999971362,0.7289999999920838,0.7292000000015832,0.7293999999965308,0.7295999999914784,0.7298000000009779,0.7299999999959255,0.730199999990873,0.7304000000003725,0.7305999999953201,0.7307999999902677,0.7309999999997672,0.7311999999947147,0.7314000000042142,0.7315999999991618,0.7317999999941094,0.7320000000036089,0.7321999999985565,0.732399999993504,0.7326000000030035,0.7327999999979511,0.7329999999928987,0.7332000000023982,0.7333999999973457,0.7335999999922933,0.7338000000017928,0.7339999999967404,0.734199999991688,0.7344000000011874,0.734599999996135,0.7347999999910826,0.7350000000005821,0.7351999999955297,0.7353999999904772,0.7355999999999767,0.7357999999949243,0.7359999999898719,0.7361999999993714,0.7363999999943189,0.7366000000038184,0.736799999998766,0.7369999999937136,0.7372000000032131,0.7373999999981606,0.7375999999931082,0.7378000000026077,0.7379999999975553,0.7381999999925029,0.7384000000020023,0.7385999999969499,0.7387999999918975,0.739000000001397,0.7391999999963446,0.7393999999912921,0.7396000000007916,0.7397999999957392,0.7399999999906868,0.7402000000001863,0.7403999999951338,0.7405999999900814,0.7407999999995809,0.7409999999945285,0.741200000004028,0.7413999999989755,0.7415999999939231,0.7418000000034226,0.7419999999983702,0.7421999999933178,0.7424000000028173,0.7425999999977648,0.7427999999927124,0.7430000000022119,0.7431999999971595,0.743399999992107,0.7436000000016065,0.7437999999965541,0.7439999999915017,0.7442000000010012,0.7443999999959487,0.7445999999908963,0.7448000000003958,0.7449999999953434,0.745199999990291,0.7453999999997905,0.745599999994738,0.7458000000042375,0.7459999999991851,0.7461999999941327,0.7464000000036322,0.7465999999985797,0.7467999999935273,0.7470000000030268,0.7471999999979744,0.747399999992922,0.7476000000024214,0.747799999997369,0.7479999999923166,0.7482000000018161,0.7483999999967637,0.7485999999917112,0.7488000000012107,0.7489999999961583,0.7491999999911059,0.7494000000006054,0.7495999999955529,0.7497999999905005,0.75,0.7501999999949476,0.7503999999898952,0.7505999999993946,0.7507999999943422,0.7510000000038417,0.7511999999987893,0.7513999999937369,0.7516000000032363,0.7517999999981839,0.7519999999931315,0.752200000002631,0.7523999999975786,0.7525999999925261,0.7528000000020256,0.7529999999969732,0.7531999999919208,0.7534000000014203,0.7535999999963678,0.7537999999913154,0.7540000000008149,0.7541999999957625,0.7543999999907101,0.7546000000002095,0.7547999999951571,0.7549999999901047,0.7551999999996042,0.7553999999945518,0.7556000000040513,0.7557999999989988,0.7559999999939464,0.7562000000034459,0.7563999999983935,0.756599999993341,0.7568000000028405,0.7569999999977881,0.7571999999927357,0.7574000000022352,0.7575999999971827,0.7577999999921303,0.7580000000016298,0.7581999999965774,0.758399999991525,0.7586000000010245,0.758799999995972,0.7589999999909196,0.7592000000004191,0.7593999999953667,0.7595999999903142,0.7597999999998137,0.7599999999947613,0.7602000000042608,0.7603999999992084,0.760599999994156,0.7608000000036554,0.760999999998603,0.7611999999935506,0.7614000000030501,0.7615999999979977,0.7617999999929452,0.7620000000024447,0.7621999999973923,0.7623999999923399,0.7626000000018394,0.7627999999967869,0.7629999999917345,0.763200000001234,0.7633999999961816,0.7635999999911292,0.7638000000006286,0.7639999999955762,0.7641999999905238,0.7644000000000233,0.7645999999949709,0.7647999999899184,0.7649999999994179,0.7651999999943655,0.765400000003865,0.7655999999988126,0.7657999999937601,0.7660000000032596,0.7661999999982072,0.7663999999931548,0.7666000000026543,0.7667999999976018,0.7669999999925494,0.7672000000020489,0.7673999999969965,0.7675999999919441,0.7678000000014435,0.7679999999963911,0.7681999999913387,0.7684000000008382,0.7685999999957858,0.7687999999907333,0.7690000000002328,0.7691999999951804,0.769399999990128,0.7695999999996275,0.769799999994575,0.7700000000040745,0.7701999999990221,0.7703999999939697,0.7706000000034692,0.7707999999984168,0.7709999999933643,0.7712000000028638,0.7713999999978114,0.771599999992759,0.7718000000022585,0.771999999997206,0.7721999999921536,0.7724000000016531,0.7725999999966007,0.7727999999915482,0.7730000000010477,0.7731999999959953,0.7733999999909429,0.7736000000004424,0.77379999999539,0.7739999999903375,0.774199999999837,0.7743999999947846,0.7746000000042841,0.7747999999992317,0.7749999999941792,0.7752000000036787,0.7753999999986263,0.7755999999935739,0.7758000000030734,0.7759999999980209,0.7761999999929685,0.776400000002468,0.7765999999974156,0.7767999999923632,0.7770000000018626,0.7771999999968102,0.7773999999917578,0.7776000000012573,0.7777999999962049,0.7779999999911524,0.7782000000006519,0.7783999999955995,0.7785999999905471,0.7788000000000466,0.7789999999949941,0.7791999999899417,0.7793999999994412,0.7795999999943888,0.7798000000038883,0.7799999999988358,0.7801999999937834,0.7804000000032829,0.7805999999982305,0.7807999999931781,0.7810000000026776,0.7811999999976251,0.7813999999925727,0.7816000000020722,0.7817999999970198,0.7819999999919673,0.7822000000014668,0.7823999999964144,0.782599999991362,0.7828000000008615,0.782999999995809,0.7831999999907566,0.7834000000002561,0.7835999999952037,0.7837999999901513,0.7839999999996508,0.7841999999945983,0.7844000000040978,0.7845999999990454,0.784799999993993,0.7850000000034925,0.78519999999844,0.7853999999933876,0.7856000000028871,0.7857999999978347,0.7859999999927823,0.7862000000022817,0.7863999999972293,0.7865999999921769,0.7868000000016764,0.786999999996624,0.7871999999915715,0.787400000001071,0.7875999999960186,0.7877999999909662,0.7880000000004657,0.7881999999954132,0.7883999999903608,0.7885999999998603,0.7887999999948079,0.7890000000043074,0.7891999999992549,0.7893999999942025,0.789600000003702,0.7897999999986496,0.7899999999935972,0.7902000000030966,0.7903999999980442,0.7905999999929918,0.7908000000024913,0.7909999999974389,0.7911999999923864,0.7914000000018859,0.7915999999968335,0.7917999999917811,0.7920000000012806,0.7921999999962281,0.7923999999911757,0.7926000000006752,0.7927999999956228,0.7929999999905704,0.7932000000000698,0.7933999999950174,0.793599999989965,0.7937999999994645,0.7939999999944121,0.7942000000039116,0.7943999999988591,0.7945999999938067,0.7948000000033062,0.7949999999982538,0.7951999999932013,0.7954000000027008,0.7955999999976484,0.795799999992596,0.7960000000020955,0.796199999997043,0.7963999999919906,0.7966000000014901,0.7967999999964377,0.7969999999913853,0.7972000000008848,0.7973999999958323,0.7975999999907799,0.7978000000002794,0.797999999995227,0.7981999999901745,0.798399999999674,0.7985999999946216,0.7988000000041211,0.7989999999990687,0.7991999999940163,0.7994000000035157,0.7995999999984633,0.7997999999934109,0.8000000000029104,0.800199999997858,0.8003999999928055,0.800600000002305,0.8007999999972526,0.8009999999922002,0.8012000000016997,0.8013999999966472,0.8015999999915948,0.8018000000010943,0.8019999999960419,0.8021999999909895,0.8024000000004889,0.8025999999954365,0.8027999999903841,0.8029999999998836,0.8031999999948312,0.8034000000043306,0.8035999999992782,0.8037999999942258,0.8040000000037253,0.8041999999986729,0.8043999999936204,0.8046000000031199,0.8047999999980675,0.8049999999930151,0.8052000000025146,0.8053999999974621,0.8055999999924097,0.8058000000019092,0.8059999999968568,0.8061999999918044,0.8064000000013039,0.8065999999962514,0.806799999991199,0.8070000000006985,0.8071999999956461,0.8073999999905936,0.8076000000000931,0.8077999999950407,0.8079999999899883,0.8081999999994878,0.8083999999944353,0.8086000000039348,0.8087999999988824,0.80899999999383,0.8092000000033295,0.809399999998277,0.8095999999932246,0.8098000000027241,0.8099999999976717,0.8101999999926193,0.8104000000021188,0.8105999999970663,0.8107999999920139,0.8110000000015134,0.811199999996461,0.8113999999914085,0.811600000000908,0.8117999999958556,0.8119999999908032,0.8122000000003027,0.8123999999952503,0.8125999999901978,0.8127999999996973,0.8129999999946449,0.8132000000041444,0.813399999999092,0.8135999999940395,0.813800000003539,0.8139999999984866,0.8141999999934342,0.8144000000029337,0.8145999999978812,0.8147999999928288,0.8150000000023283,0.8151999999972759,0.8153999999922235,0.815600000001723,0.8157999999966705,0.8159999999916181,0.8162000000011176,0.8163999999960652,0.8165999999910127,0.8168000000005122,0.8169999999954598,0.8171999999904074,0.8173999999999069,0.8175999999948544,0.8178000000043539,0.8179999999993015,0.8181999999942491,0.8184000000037486,0.8185999999986961,0.8187999999936437,0.8190000000031432,0.8191999999980908,0.8193999999930384,0.8196000000025379,0.8197999999974854,0.819999999992433,0.8202000000019325,0.8203999999968801,0.8205999999918276,0.8208000000013271,0.8209999999962747,0.8211999999912223,0.8214000000007218,0.8215999999956694,0.8217999999906169,0.8220000000001164,0.822199999995064,0.8223999999900116,0.8225999999995111,0.8227999999944586,0.8230000000039581,0.8231999999989057,0.8233999999938533,0.8236000000033528,0.8237999999983003,0.8239999999932479,0.8242000000027474,0.824399999997695,0.8245999999926426,0.824800000002142,0.8249999999970896,0.8251999999920372,0.8254000000015367,0.8255999999964843,0.8257999999914318,0.8260000000009313,0.8261999999958789,0.8263999999908265,0.826600000000326,0.8267999999952735,0.8269999999902211,0.8271999999997206,0.8273999999946682,0.8276000000041677,0.8277999999991152,0.8279999999940628,0.8282000000035623,0.8283999999985099,0.8285999999934575,0.828800000002957,0.8289999999979045,0.8291999999928521,0.8294000000023516,0.8295999999972992,0.8297999999922467,0.8300000000017462,0.8301999999966938,0.8303999999916414,0.8306000000011409,0.8307999999960884,0.830999999991036,0.8312000000005355,0.8313999999954831,0.8315999999904307,0.8317999999999302,0.8319999999948777,0.8321999999898253,0.8323999999993248,0.8325999999942724,0.8328000000037719,0.8329999999987194,0.833199999993667,0.8334000000031665,0.8335999999981141,0.8337999999930616,0.8340000000025611,0.8341999999975087,0.8343999999924563,0.8346000000019558,0.8347999999969034,0.8349999999918509,0.8352000000013504,0.835399999996298,0.8355999999912456,0.8358000000007451,0.8359999999956926,0.8361999999906402,0.8364000000001397,0.8365999999950873,0.8367999999900348,0.8369999999995343,0.8371999999944819,0.8374000000039814,0.837599999998929,0.8377999999938766,0.838000000003376,0.8381999999983236,0.8383999999932712,0.8386000000027707,0.8387999999977183,0.8389999999926658,0.8392000000021653,0.8393999999971129,0.8395999999920605,0.83980000000156,0.8399999999965075,0.8401999999914551,0.8404000000009546,0.8405999999959022,0.8407999999908498,0.8410000000003492,0.8411999999952968,0.8413999999902444,0.8415999999997439,0.8417999999946915,0.842000000004191,0.8421999999991385,0.8423999999940861,0.8426000000035856,0.8427999999985332,0.8429999999934807,0.8432000000029802,0.8433999999979278,0.8435999999928754,0.8438000000023749,0.8439999999973224,0.84419999999227,0.8444000000017695,0.8445999999967171,0.8447999999916647,0.8450000000011642,0.8451999999961117,0.8453999999910593,0.8456000000005588,0.8457999999955064,0.8459999999904539,0.8461999999999534,0.846399999994901,0.8465999999898486,0.8467999999993481,0.8469999999942956,0.8472000000037951,0.8473999999987427,0.8475999999936903,0.8478000000031898,0.8479999999981374,0.8481999999930849,0.8484000000025844,0.848599999997532,0.8487999999924796,0.8490000000019791,0.8491999999969266,0.8493999999918742,0.8496000000013737,0.8497999999963213,0.8499999999912689,0.8502000000007683,0.8503999999957159,0.8505999999906635,0.850800000000163,0.8509999999951106,0.8511999999900581,0.8513999999995576,0.8515999999945052,0.8518000000040047,0.8519999999989523,0.8521999999938998,0.8524000000033993,0.8525999999983469,0.8527999999932945,0.853000000002794,0.8531999999977415,0.8533999999926891,0.8536000000021886,0.8537999999971362,0.8539999999920838,0.8542000000015832,0.8543999999965308,0.8545999999914784,0.8548000000009779,0.8549999999959255,0.855199999990873,0.8554000000003725,0.8555999999953201,0.8557999999902677,0.8559999999997672,0.8561999999947147,0.8564000000042142,0.8565999999991618,0.8567999999941094,0.8570000000036089,0.8571999999985565,0.857399999993504,0.8576000000030035,0.8577999999979511,0.8579999999928987,0.8582000000023982,0.8583999999973457,0.8585999999922933,0.8588000000017928,0.8589999999967404,0.859199999991688,0.8594000000011874,0.859599999996135,0.8597999999910826,0.8600000000005821,0.8601999999955297,0.8603999999904772,0.8605999999999767,0.8607999999949243,0.8609999999898719,0.8611999999993714,0.8613999999943189,0.8616000000038184,0.861799999998766,0.8619999999937136,0.8622000000032131,0.8623999999981606,0.8625999999931082,0.8628000000026077,0.8629999999975553,0.8631999999925029,0.8634000000020023,0.8635999999969499,0.8637999999918975,0.864000000001397,0.8641999999963446,0.8643999999912921,0.8646000000007916,0.8647999999957392,0.8649999999906868,0.8652000000001863,0.8653999999951338,0.8655999999900814,0.8657999999995809,0.8659999999945285,0.866200000004028,0.8663999999989755,0.8665999999939231,0.8668000000034226,0.8669999999983702,0.8671999999933178,0.8674000000028173,0.8675999999977648,0.8677999999927124,0.8680000000022119,0.8681999999971595,0.868399999992107,0.8686000000016065,0.8687999999965541,0.8689999999915017,0.8692000000010012,0.8693999999959487,0.8695999999908963,0.8698000000003958,0.8699999999953434,0.870199999990291,0.8703999999997905,0.870599999994738,0.8708000000042375,0.8709999999991851,0.8711999999941327,0.8714000000036322,0.8715999999985797,0.8717999999935273,0.8720000000030268,0.8721999999979744,0.872399999992922,0.8726000000024214,0.872799999997369,0.8729999999923166,0.8732000000018161,0.8733999999967637,0.8735999999917112,0.8738000000012107,0.8739999999961583,0.8741999999911059,0.8744000000006054,0.8745999999955529,0.8747999999905005,0.875,0.8751999999949476,0.8753999999898952,0.8755999999993946,0.8757999999943422,0.8760000000038417,0.8761999999987893,0.8763999999937369,0.8766000000032363,0.8767999999981839,0.8769999999931315,0.877200000002631,0.8773999999975786,0.8775999999925261,0.8778000000020256,0.8779999999969732,0.8781999999919208,0.8784000000014203,0.8785999999963678,0.8787999999913154,0.8790000000008149,0.8791999999957625,0.8793999999907101,0.8796000000002095,0.8797999999951571,0.8799999999901047,0.8801999999996042,0.8803999999945518,0.8806000000040513,0.8807999999989988,0.8809999999939464,0.8812000000034459,0.8813999999983935,0.881599999993341,0.8818000000028405,0.8819999999977881,0.8821999999927357,0.8824000000022352,0.8825999999971827,0.8827999999921303,0.8830000000016298,0.8831999999965774,0.883399999991525,0.8836000000010245,0.883799999995972,0.8839999999909196,0.8842000000004191,0.8843999999953667,0.8845999999903142,0.8847999999998137,0.8849999999947613,0.8852000000042608,0.8853999999992084,0.885599999994156,0.8858000000036554,0.885999999998603,0.8861999999935506,0.8864000000030501,0.8865999999979977,0.8867999999929452,0.8870000000024447,0.8871999999973923,0.8873999999923399,0.8876000000018394,0.8877999999967869,0.8879999999917345,0.888200000001234,0.8883999999961816,0.8885999999911292,0.8888000000006286,0.8889999999955762,0.8891999999905238,0.8894000000000233,0.8895999999949709,0.8897999999899184,0.8899999999994179,0.8901999999943655,0.890400000003865,0.8905999999988126,0.8907999999937601,0.8910000000032596,0.8911999999982072,0.8913999999931548,0.8916000000026543,0.8917999999976018,0.8919999999925494,0.8922000000020489,0.8923999999969965,0.8925999999919441,0.8928000000014435,0.8929999999963911,0.8931999999913387,0.8934000000008382,0.8935999999957858,0.8937999999907333,0.8940000000002328,0.8941999999951804,0.894399999990128,0.8945999999996275,0.894799999994575,0.8950000000040745,0.8951999999990221,0.8953999999939697,0.8956000000034692,0.8957999999984168,0.8959999999933643,0.8962000000028638,0.8963999999978114,0.896599999992759,0.8968000000022585,0.896999999997206,0.8971999999921536,0.8974000000016531,0.8975999999966007,0.8977999999915482,0.8980000000010477,0.8981999999959953,0.8983999999909429,0.8986000000004424,0.89879999999539,0.8989999999903375,0.899199999999837,0.8993999999947846,0.8996000000042841,0.8997999999992317,0.8999999999941792,0.9002000000036787,0.9003999999986263,0.9005999999935739,0.9008000000030734,0.9009999999980209,0.9011999999929685,0.901400000002468,0.9015999999974156,0.9017999999923632,0.9020000000018626,0.9021999999968102,0.9023999999917578,0.9026000000012573,0.9027999999962049,0.9029999999911524,0.9032000000006519,0.9033999999955995,0.9035999999905471,0.9038000000000466,0.9039999999949941,0.9041999999899417,0.9043999999994412,0.9045999999943888,0.9048000000038883,0.9049999999988358,0.9051999999937834,0.9054000000032829,0.9055999999982305,0.9057999999931781,0.9060000000026776,0.9061999999976251,0.9063999999925727,0.9066000000020722,0.9067999999970198,0.9069999999919673,0.9072000000014668,0.9073999999964144,0.907599999991362,0.9078000000008615,0.907999999995809,0.9081999999907566,0.9084000000002561,0.9085999999952037,0.9087999999901513,0.9089999999996508,0.9091999999945983,0.9094000000040978,0.9095999999990454,0.909799999993993,0.9100000000034925,0.91019999999844,0.9103999999933876,0.9106000000028871,0.9107999999978347,0.9109999999927823,0.9112000000022817,0.9113999999972293,0.9115999999921769,0.9118000000016764,0.911999999996624,0.9121999999915715,0.912400000001071,0.9125999999960186,0.9127999999909662,0.9130000000004657,0.9131999999954132,0.9133999999903608,0.9135999999998603,0.9137999999948079,0.9140000000043074,0.9141999999992549,0.9143999999942025,0.914600000003702,0.9147999999986496,0.9149999999935972,0.9152000000030966,0.9153999999980442,0.9155999999929918,0.9158000000024913,0.9159999999974389,0.9161999999923864,0.9164000000018859,0.9165999999968335,0.9167999999917811,0.9170000000012806,0.9171999999962281,0.9173999999911757,0.9176000000006752,0.9177999999956228,0.9179999999905704,0.9182000000000698,0.9183999999950174,0.918599999989965,0.9187999999994645,0.9189999999944121,0.9192000000039116,0.9193999999988591,0.9195999999938067,0.9198000000033062,0.9199999999982538,0.9201999999932013,0.9204000000027008,0.9205999999976484,0.920799999992596,0.9210000000020955,0.921199999997043,0.9213999999919906,0.9216000000014901,0.9217999999964377,0.9219999999913853,0.9222000000008848,0.9223999999958323,0.9225999999907799,0.9228000000002794,0.922999999995227,0.9231999999901745,0.923399999999674,0.9235999999946216,0.9238000000041211,0.9239999999990687,0.9241999999940163,0.9244000000035157,0.9245999999984633,0.9247999999934109,0.9250000000029104,0.925199999997858,0.9253999999928055,0.925600000002305,0.9257999999972526,0.9259999999922002,0.9262000000016997,0.9263999999966472,0.9265999999915948,0.9268000000010943,0.9269999999960419,0.9271999999909895,0.9274000000004889,0.9275999999954365,0.9277999999903841,0.9279999999998836,0.9281999999948312,0.9284000000043306,0.9285999999992782,0.9287999999942258,0.9290000000037253,0.9291999999986729,0.9293999999936204,0.9296000000031199,0.9297999999980675,0.9299999999930151,0.9302000000025146,0.9303999999974621,0.9305999999924097,0.9308000000019092,0.9309999999968568,0.9311999999918044,0.9314000000013039,0.9315999999962514,0.931799999991199,0.9320000000006985,0.9321999999956461,0.9323999999905936,0.9326000000000931,0.9327999999950407,0.9329999999899883,0.9331999999994878,0.9333999999944353,0.9336000000039348,0.9337999999988824,0.93399999999383,0.9342000000033295,0.934399999998277,0.9345999999932246,0.9348000000027241,0.9349999999976717,0.9351999999926193,0.9354000000021188,0.9355999999970663,0.9357999999920139,0.9360000000015134,0.936199999996461,0.9363999999914085,0.936600000000908,0.9367999999958556,0.9369999999908032,0.9372000000003027,0.9373999999952503,0.9375999999901978,0.9377999999996973,0.9379999999946449,0.9382000000041444,0.938399999999092,0.9385999999940395,0.938800000003539,0.9389999999984866,0.9391999999934342,0.9394000000029337,0.9395999999978812,0.9397999999928288,0.9400000000023283,0.9401999999972759,0.9403999999922235,0.940600000001723,0.9407999999966705,0.9409999999916181,0.9412000000011176,0.9413999999960652,0.9415999999910127,0.9418000000005122,0.9419999999954598,0.9421999999904074,0.9423999999999069,0.9425999999948544,0.9428000000043539,0.9429999999993015,0.9431999999942491,0.9434000000037486,0.9435999999986961,0.9437999999936437,0.9440000000031432,0.9441999999980908,0.9443999999930384,0.9446000000025379,0.9447999999974854,0.944999999992433,0.9452000000019325,0.9453999999968801,0.9455999999918276,0.9458000000013271,0.9459999999962747,0.9461999999912223,0.9464000000007218,0.9465999999956694,0.9467999999906169,0.9470000000001164,0.947199999995064,0.9473999999900116,0.9475999999995111,0.9477999999944586,0.9480000000039581,0.9481999999989057,0.9483999999938533,0.9486000000033528,0.9487999999983003,0.9489999999932479,0.9492000000027474,0.949399999997695,0.9495999999926426,0.949800000002142,0.9499999999970896,0.9501999999920372,0.9504000000015367,0.9505999999964843,0.9507999999914318,0.9510000000009313,0.9511999999958789,0.9513999999908265,0.951600000000326,0.9517999999952735,0.9519999999902211,0.9521999999997206,0.9523999999946682,0.9526000000041677,0.9527999999991152,0.9529999999940628,0.9532000000035623,0.9533999999985099,0.9535999999934575,0.953800000002957,0.9539999999979045,0.9541999999928521,0.9544000000023516,0.9545999999972992,0.9547999999922467,0.9550000000017462,0.9551999999966938,0.9553999999916414,0.9556000000011409,0.9557999999960884,0.955999999991036,0.9562000000005355,0.9563999999954831,0.9565999999904307,0.9567999999999302,0.9569999999948777,0.9571999999898253,0.9573999999993248,0.9575999999942724,0.9578000000037719,0.9579999999987194,0.958199999993667,0.9584000000031665,0.9585999999981141,0.9587999999930616,0.9590000000025611,0.9591999999975087,0.9593999999924563,0.9596000000019558,0.9597999999969034,0.9599999999918509,0.9602000000013504,0.960399999996298,0.9605999999912456,0.9608000000007451,0.9609999999956926,0.9611999999906402,0.9614000000001397,0.9615999999950873,0.9617999999900348,0.9619999999995343,0.9621999999944819,0.9624000000039814,0.962599999998929,0.9627999999938766,0.963000000003376,0.9631999999983236,0.9633999999932712,0.9636000000027707,0.9637999999977183,0.9639999999926658,0.9642000000021653,0.9643999999971129,0.9645999999920605,0.96480000000156,0.9649999999965075,0.9651999999914551,0.9654000000009546,0.9655999999959022,0.9657999999908498,0.9660000000003492,0.9661999999952968,0.9663999999902444,0.9665999999997439,0.9667999999946915,0.967000000004191,0.9671999999991385,0.9673999999940861,0.9676000000035856,0.9677999999985332,0.9679999999934807,0.9682000000029802,0.9683999999979278,0.9685999999928754,0.9688000000023749,0.9689999999973224,0.96919999999227,0.9694000000017695,0.9695999999967171,0.9697999999916647,0.9700000000011642,0.9701999999961117,0.9703999999910593,0.9706000000005588,0.9707999999955064,0.9709999999904539,0.9711999999999534,0.971399999994901,0.9715999999898486,0.9717999999993481,0.9719999999942956,0.9722000000037951,0.9723999999987427,0.9725999999936903,0.9728000000031898,0.9729999999981374,0.9731999999930849,0.9734000000025844,0.973599999997532,0.9737999999924796,0.9740000000019791,0.9741999999969266,0.9743999999918742,0.9746000000013737,0.9747999999963213,0.9749999999912689,0.9752000000007683,0.9753999999957159,0.9755999999906635,0.975800000000163,0.9759999999951106,0.9761999999900581,0.9763999999995576,0.9765999999945052,0.9768000000040047,0.9769999999989523,0.9771999999938998,0.9774000000033993,0.9775999999983469,0.9777999999932945,0.978000000002794,0.9781999999977415,0.9783999999926891,0.9786000000021886,0.9787999999971362,0.9789999999920838,0.9792000000015832,0.9793999999965308,0.9795999999914784,0.9798000000009779,0.9799999999959255,0.980199999990873,0.9804000000003725,0.9805999999953201,0.9807999999902677,0.9809999999997672,0.9811999999947147,0.9814000000042142,0.9815999999991618,0.9817999999941094,0.9820000000036089,0.9821999999985565,0.982399999993504,0.9826000000030035,0.9827999999979511,0.9829999999928987,0.9832000000023982,0.9833999999973457,0.9835999999922933,0.9838000000017928,0.9839999999967404,0.984199999991688,0.9844000000011874,0.984599999996135,0.9847999999910826,0.9850000000005821,0.9851999999955297,0.9853999999904772,0.9855999999999767,0.9857999999949243,0.9859999999898719,0.9861999999993714,0.9863999999943189,0.9866000000038184,0.986799999998766,0.9869999999937136,0.9872000000032131,0.9873999999981606,0.9875999999931082,0.9878000000026077,0.9879999999975553,0.9881999999925029,0.9884000000020023,0.9885999999969499,0.9887999999918975,0.989000000001397,0.9891999999963446,0.9893999999912921,0.9896000000007916,0.9897999999957392,0.9899999999906868,0.9902000000001863,0.9903999999951338,0.9905999999900814,0.9907999999995809,0.9909999999945285,0.991200000004028,0.9913999999989755,0.9915999999939231,0.9918000000034226,0.9919999999983702,0.9921999999933178,0.9924000000028173,0.9925999999977648,0.9927999999927124,0.9930000000022119,0.9931999999971595,0.993399999992107,0.9936000000016065,0.9937999999965541,0.9939999999915017,0.9942000000010012,0.9943999999959487,0.9945999999908963,0.9948000000003958,0.9949999999953434,0.995199999990291,0.9953999999997905,0.995599999994738,0.9958000000042375,0.9959999999991851,0.9961999999941327,0.9964000000036322,0.9965999999985797,0.9967999999935273,0.9970000000030268,0.9971999999979744,0.997399999992922,0.9976000000024214,0.997799999997369,0.9979999999923166,0.9982000000018161,0.9983999999967637,0.9985999999917112,0.9988000000012107,0.9989999999961583,0.9991999999911059,0.9994000000006054,0.9995999999955529,0.9997999999905005,1.0,1.0001999999949476,1.0003999999898952,1.0005999999993946,1.0007999999943422,1.0010000000038417,1.0011999999987893,1.0013999999937369,1.0016000000032363,1.001799999998184,1.0019999999931315,1.002200000002631,1.0023999999975786,1.0025999999925261,1.0028000000020256,1.0029999999969732,1.0031999999919208,1.0034000000014203,1.0035999999963678,1.0037999999913154,1.004000000000815,1.0041999999957625,1.00439999999071,1.0046000000002095,1.0047999999951571,1.0049999999901047,1.0051999999996042,1.0053999999945518,1.0056000000040513,1.0057999999989988,1.0059999999939464,1.006200000003446,1.0063999999983935,1.006599999993341,1.0068000000028405,1.006999999997788,1.0071999999927357,1.0074000000022352,1.0075999999971827,1.0077999999921303,1.0080000000016298,1.0081999999965774,1.008399999991525,1.0086000000010245,1.008799999995972,1.0089999999909196,1.009200000000419,1.0093999999953667,1.0095999999903142,1.0097999999998137,1.0099999999947613,1.0102000000042608,1.0103999999992084,1.010599999994156,1.0108000000036554,1.010999999998603,1.0111999999935506,1.01140000000305,1.0115999999979977,1.0117999999929452,1.0120000000024447,1.0121999999973923,1.0123999999923399,1.0126000000018394,1.012799999996787,1.0129999999917345,1.013200000001234,1.0133999999961816,1.0135999999911292,1.0138000000006286,1.0139999999955762,1.0141999999905238,1.0144000000000233,1.0145999999949709,1.0147999999899184,1.014999999999418,1.0151999999943655,1.015400000003865,1.0155999999988126,1.0157999999937601,1.0160000000032596,1.0161999999982072,1.0163999999931548,1.0166000000026543,1.0167999999976018,1.0169999999925494,1.017200000002049,1.0173999999969965,1.017599999991944,1.0178000000014435,1.0179999999963911,1.0181999999913387,1.0184000000008382,1.0185999999957858,1.0187999999907333,1.0190000000002328,1.0191999999951804,1.019399999990128,1.0195999999996275,1.019799999994575,1.0200000000040745,1.0201999999990221,1.0203999999939697,1.0206000000034692,1.0207999999984168,1.0209999999933643,1.0212000000028638,1.0213999999978114,1.021599999992759,1.0218000000022585,1.021999999997206,1.0221999999921536,1.022400000001653,1.0225999999966007,1.0227999999915482,1.0230000000010477,1.0231999999959953,1.0233999999909429,1.0236000000004424,1.02379999999539,1.0239999999903375,1.024199999999837,1.0243999999947846,1.024600000004284,1.0247999999992317,1.0249999999941792,1.0252000000036787,1.0253999999986263,1.0255999999935739,1.0258000000030734,1.025999999998021,1.0261999999929685,1.026400000002468,1.0265999999974156,1.0267999999923632,1.0270000000018626,1.0271999999968102,1.0273999999917578,1.0276000000012573,1.0277999999962049,1.0279999999911524,1.028200000000652,1.0283999999955995,1.028599999990547,1.0288000000000466,1.0289999999949941,1.0291999999899417,1.0293999999994412,1.0295999999943888,1.0298000000038883,1.0299999999988358,1.0301999999937834,1.030400000003283,1.0305999999982305,1.030799999993178,1.0310000000026776,1.0311999999976251,1.0313999999925727,1.0316000000020722,1.0317999999970198,1.0319999999919673,1.0322000000014668,1.0323999999964144,1.032599999991362,1.0328000000008615,1.032999999995809,1.0331999999907566,1.0334000000002561,1.0335999999952037,1.0337999999901513,1.0339999999996508,1.0341999999945983,1.0344000000040978,1.0345999999990454,1.034799999993993,1.0350000000034925,1.03519999999844,1.0353999999933876,1.035600000002887,1.0357999999978347,1.0359999999927823,1.0362000000022817,1.0363999999972293,1.036599999992177,1.0368000000016764,1.036999999996624,1.0371999999915715,1.037400000001071,1.0375999999960186,1.0377999999909662,1.0380000000004657,1.0381999999954132,1.0383999999903608,1.0385999999998603,1.0387999999948079,1.0390000000043074,1.039199999999255,1.0393999999942025,1.039600000003702,1.0397999999986496,1.0399999999935972,1.0402000000030966,1.0403999999980442,1.0405999999929918,1.0408000000024913,1.0409999999974389,1.0411999999923864,1.041400000001886,1.0415999999968335,1.041799999991781,1.0420000000012806,1.0421999999962281,1.0423999999911757,1.0426000000006752,1.0427999999956228,1.0429999999905704,1.0432000000000698,1.0433999999950174,1.043599999989965,1.0437999999994645,1.043999999994412,1.0442000000039116,1.0443999999988591,1.0445999999938067,1.0448000000033062,1.0449999999982538,1.0451999999932013,1.0454000000027008,1.0455999999976484,1.045799999992596,1.0460000000020955,1.046199999997043,1.0463999999919906,1.0466000000014901,1.0467999999964377,1.0469999999913853,1.0472000000008848,1.0473999999958323,1.04759999999078,1.0478000000002794,1.047999999995227,1.0481999999901745,1.048399999999674,1.0485999999946216,1.048800000004121,1.0489999999990687,1.0491999999940163,1.0494000000035157,1.0495999999984633,1.049799999993411,1.0500000000029104,1.050199999997858,1.0503999999928055,1.050600000002305,1.0507999999972526,1.0509999999922002,1.0512000000016997,1.0513999999966472,1.0515999999915948,1.0518000000010943,1.0519999999960419,1.0521999999909895,1.052400000000489,1.0525999999954365,1.052799999990384,1.0529999999998836,1.0531999999948312,1.0534000000043306,1.0535999999992782,1.0537999999942258,1.0540000000037253,1.0541999999986729,1.0543999999936204,1.05460000000312,1.0547999999980675,1.054999999993015,1.0552000000025146,1.0553999999974621,1.0555999999924097,1.0558000000019092,1.0559999999968568,1.0561999999918044,1.0564000000013039,1.0565999999962514,1.056799999991199,1.0570000000006985,1.057199999995646,1.0573999999905936,1.0576000000000931,1.0577999999950407,1.0579999999899883,1.0581999999994878,1.0583999999944353,1.0586000000039348,1.0587999999988824,1.05899999999383,1.0592000000033295,1.059399999998277,1.0595999999932246,1.0598000000027241,1.0599999999976717,1.0601999999926193,1.0604000000021188,1.0605999999970663,1.060799999992014,1.0610000000015134,1.061199999996461,1.0613999999914085,1.061600000000908,1.0617999999958556,1.0619999999908032,1.0622000000003027,1.0623999999952503,1.0625999999901978,1.0627999999996973,1.062999999994645,1.0632000000041444,1.063399999999092,1.0635999999940395,1.063800000003539,1.0639999999984866,1.0641999999934342,1.0644000000029337,1.0645999999978812,1.0647999999928288,1.0650000000023283,1.0651999999972759,1.0653999999922235,1.065600000001723,1.0657999999966705,1.065999999991618,1.0662000000011176,1.0663999999960652,1.0665999999910127,1.0668000000005122,1.0669999999954598,1.0671999999904074,1.0673999999999069,1.0675999999948544,1.067800000004354,1.0679999999993015,1.068199999994249,1.0684000000037486,1.0685999999986961,1.0687999999936437,1.0690000000031432,1.0691999999980908,1.0693999999930384,1.0696000000025379,1.0697999999974854,1.069999999992433,1.0702000000019325,1.07039999999688,1.0705999999918276,1.0708000000013271,1.0709999999962747,1.0711999999912223,1.0714000000007218,1.0715999999956694,1.071799999990617,1.0720000000001164,1.072199999995064,1.0723999999900116,1.072599999999511,1.0727999999944586,1.0730000000039581,1.0731999999989057,1.0733999999938533,1.0736000000033528,1.0737999999983003,1.073999999993248,1.0742000000027474,1.074399999997695,1.0745999999926426,1.074800000002142,1.0749999999970896,1.0751999999920372,1.0754000000015367,1.0755999999964843,1.0757999999914318,1.0760000000009313,1.076199999995879,1.0763999999908265,1.076600000000326,1.0767999999952735,1.0769999999902211,1.0771999999997206,1.0773999999946682,1.0776000000041677,1.0777999999991152,1.0779999999940628,1.0782000000035623,1.0783999999985099,1.0785999999934575,1.078800000002957,1.0789999999979045,1.079199999992852,1.0794000000023516,1.0795999999972992,1.0797999999922467,1.0800000000017462,1.0801999999966938,1.0803999999916414,1.0806000000011409,1.0807999999960884,1.080999999991036,1.0812000000005355,1.081399999995483,1.0815999999904307,1.0817999999999302,1.0819999999948777,1.0821999999898253,1.0823999999993248,1.0825999999942724,1.0828000000037719,1.0829999999987194,1.083199999993667,1.0834000000031665,1.083599999998114,1.0837999999930616,1.0840000000025611,1.0841999999975087,1.0843999999924563,1.0846000000019558,1.0847999999969034,1.084999999991851,1.0852000000013504,1.085399999996298,1.0855999999912456,1.085800000000745,1.0859999999956926,1.0861999999906402,1.0864000000001397,1.0865999999950873,1.0867999999900348,1.0869999999995343,1.087199999994482,1.0874000000039814,1.087599999998929,1.0877999999938766,1.088000000003376,1.0881999999983236,1.0883999999932712,1.0886000000027707,1.0887999999977183,1.0889999999926658,1.0892000000021653,1.089399999997113,1.0895999999920605,1.08980000000156,1.0899999999965075,1.0901999999914551,1.0904000000009546,1.0905999999959022,1.0907999999908498,1.0910000000003492,1.0911999999952968,1.0913999999902444,1.0915999999997439,1.0917999999946915,1.092000000004191,1.0921999999991385,1.092399999994086,1.0926000000035856,1.0927999999985332,1.0929999999934807,1.0932000000029802,1.0933999999979278,1.0935999999928754,1.0938000000023749,1.0939999999973224,1.09419999999227,1.0944000000017695,1.094599999996717,1.0947999999916647,1.0950000000011642,1.0951999999961117,1.0953999999910593,1.0956000000005588,1.0957999999955064,1.095999999990454,1.0961999999999534,1.096399999994901,1.0965999999898486,1.096799999999348,1.0969999999942956,1.0972000000037951,1.0973999999987427,1.0975999999936903,1.0978000000031898,1.0979999999981374,1.098199999993085,1.0984000000025844,1.098599999997532,1.0987999999924796,1.099000000001979,1.0991999999969266,1.0993999999918742,1.0996000000013737,1.0997999999963213,1.0999999999912689,1.1002000000007683,1.100399999995716,1.1005999999906635,1.100800000000163,1.1009999999951106,1.1011999999900581,1.1013999999995576,1.1015999999945052,1.1018000000040047,1.1019999999989523,1.1021999999938998,1.1024000000033993,1.102599999998347,1.1027999999932945,1.103000000002794,1.1031999999977415,1.1033999999926891,1.1036000000021886,1.1037999999971362,1.1039999999920838,1.1042000000015832,1.1043999999965308,1.1045999999914784,1.1048000000009779,1.1049999999959255,1.105199999990873,1.1054000000003725,1.10559999999532,1.1057999999902677,1.1059999999997672,1.1061999999947147,1.1064000000042142,1.1065999999991618,1.1067999999941094,1.1070000000036089,1.1071999999985565,1.107399999993504,1.1076000000030035,1.107799999997951,1.1079999999928987,1.1082000000023982,1.1083999999973457,1.1085999999922933,1.1088000000017928,1.1089999999967404,1.109199999991688,1.1094000000011874,1.109599999996135,1.1097999999910826,1.110000000000582,1.1101999999955297,1.1103999999904772,1.1105999999999767,1.1107999999949243,1.1109999999898719,1.1111999999993714,1.111399999994319,1.1116000000038184,1.111799999998766,1.1119999999937136,1.112200000003213,1.1123999999981606,1.1125999999931082,1.1128000000026077,1.1129999999975553,1.1131999999925029,1.1134000000020023,1.11359999999695,1.1137999999918975,1.114000000001397,1.1141999999963446,1.1143999999912921,1.1146000000007916,1.1147999999957392,1.1149999999906868,1.1152000000001863,1.1153999999951338,1.1155999999900814,1.115799999999581,1.1159999999945285,1.116200000004028,1.1163999999989755,1.1165999999939231,1.1168000000034226,1.1169999999983702,1.1171999999933178,1.1174000000028173,1.1175999999977648,1.1177999999927124,1.118000000002212,1.1181999999971595,1.118399999992107,1.1186000000016065,1.118799999996554,1.1189999999915017,1.1192000000010012,1.1193999999959487,1.1195999999908963,1.1198000000003958,1.1199999999953434,1.120199999990291,1.1203999999997905,1.120599999994738,1.1208000000042375,1.120999999999185,1.1211999999941327,1.1214000000036322,1.1215999999985797,1.1217999999935273,1.1220000000030268,1.1221999999979744,1.122399999992922,1.1226000000024214,1.122799999997369,1.1229999999923166,1.123200000001816,1.1233999999967637,1.1235999999917112,1.1238000000012107,1.1239999999961583,1.1241999999911059,1.1244000000006054,1.124599999995553,1.1247999999905005,1.125,1.1251999999949476,1.1253999999898952,1.1255999999993946,1.1257999999943422,1.1260000000038417,1.1261999999987893,1.1263999999937369,1.1266000000032363,1.126799999998184,1.1269999999931315,1.127200000002631,1.1273999999975786,1.1275999999925261,1.1278000000020256,1.1279999999969732,1.1281999999919208,1.1284000000014203,1.1285999999963678,1.1287999999913154,1.129000000000815,1.1291999999957625,1.12939999999071,1.1296000000002095,1.1297999999951571,1.1299999999901047,1.1301999999996042,1.1303999999945518,1.1306000000040513,1.1307999999989988,1.1309999999939464,1.131200000003446,1.1313999999983935,1.131599999993341,1.1318000000028405,1.131999999997788,1.1321999999927357,1.1324000000022352,1.1325999999971827,1.1327999999921303,1.1330000000016298,1.1331999999965774,1.133399999991525,1.1336000000010245,1.133799999995972,1.1339999999909196,1.134200000000419,1.1343999999953667,1.1345999999903142,1.1347999999998137,1.1349999999947613,1.1352000000042608,1.1353999999992084,1.135599999994156,1.1358000000036554,1.135999999998603,1.1361999999935506,1.13640000000305,1.1365999999979977,1.1367999999929452,1.1370000000024447,1.1371999999973923,1.1373999999923399,1.1376000000018394,1.137799999996787,1.1379999999917345,1.138200000001234,1.1383999999961816,1.1385999999911292,1.1388000000006286,1.1389999999955762,1.1391999999905238,1.1394000000000233,1.1395999999949709,1.1397999999899184,1.139999999999418,1.1401999999943655,1.140400000003865,1.1405999999988126,1.1407999999937601,1.1410000000032596,1.1411999999982072,1.1413999999931548,1.1416000000026543,1.1417999999976018,1.1419999999925494,1.142200000002049,1.1423999999969965,1.142599999991944,1.1428000000014435,1.1429999999963911,1.1431999999913387,1.1434000000008382,1.1435999999957858,1.1437999999907333,1.1440000000002328,1.1441999999951804,1.144399999990128,1.1445999999996275,1.144799999994575,1.1450000000040745,1.1451999999990221,1.1453999999939697,1.1456000000034692,1.1457999999984168,1.1459999999933643,1.1462000000028638,1.1463999999978114,1.146599999992759,1.1468000000022585,1.146999999997206,1.1471999999921536,1.147400000001653,1.1475999999966007,1.1477999999915482,1.1480000000010477,1.1481999999959953,1.1483999999909429,1.1486000000004424,1.14879999999539,1.1489999999903375,1.149199999999837,1.1493999999947846,1.149600000004284,1.1497999999992317,1.1499999999941792,1.1502000000036787,1.1503999999986263,1.1505999999935739,1.1508000000030734,1.150999999998021,1.1511999999929685,1.151400000002468,1.1515999999974156,1.1517999999923632,1.1520000000018626,1.1521999999968102,1.1523999999917578,1.1526000000012573,1.1527999999962049,1.1529999999911524,1.153200000000652,1.1533999999955995,1.153599999990547,1.1538000000000466,1.1539999999949941,1.1541999999899417,1.1543999999994412,1.1545999999943888,1.1548000000038883,1.1549999999988358,1.1551999999937834,1.155400000003283,1.1555999999982305,1.155799999993178,1.1560000000026776,1.1561999999976251,1.1563999999925727,1.1566000000020722,1.1567999999970198,1.1569999999919673,1.1572000000014668,1.1573999999964144,1.157599999991362,1.1578000000008615,1.157999999995809,1.1581999999907566,1.1584000000002561,1.1585999999952037,1.1587999999901513,1.1589999999996508,1.1591999999945983,1.1594000000040978,1.1595999999990454,1.159799999993993,1.1600000000034925,1.16019999999844,1.1603999999933876,1.160600000002887,1.1607999999978347,1.1609999999927823,1.1612000000022817,1.1613999999972293,1.161599999992177,1.1618000000016764,1.161999999996624,1.1621999999915715,1.162400000001071,1.1625999999960186,1.1627999999909662,1.1630000000004657,1.1631999999954132,1.1633999999903608,1.1635999999998603,1.1637999999948079,1.1640000000043074,1.164199999999255,1.1643999999942025,1.164600000003702,1.1647999999986496,1.1649999999935972,1.1652000000030966,1.1653999999980442,1.1655999999929918,1.1658000000024913,1.1659999999974389,1.1661999999923864,1.166400000001886,1.1665999999968335,1.166799999991781,1.1670000000012806,1.1671999999962281,1.1673999999911757,1.1676000000006752,1.1677999999956228,1.1679999999905704,1.1682000000000698,1.1683999999950174,1.168599999989965,1.1687999999994645,1.168999999994412,1.1692000000039116,1.1693999999988591,1.1695999999938067,1.1698000000033062,1.1699999999982538,1.1701999999932013,1.1704000000027008,1.1705999999976484,1.170799999992596,1.1710000000020955,1.171199999997043,1.1713999999919906,1.1716000000014901,1.1717999999964377,1.1719999999913853,1.1722000000008848,1.1723999999958323,1.17259999999078,1.1728000000002794,1.172999999995227,1.1731999999901745,1.173399999999674,1.1735999999946216,1.173800000004121,1.1739999999990687,1.1741999999940163,1.1744000000035157,1.1745999999984633,1.174799999993411,1.1750000000029104,1.175199999997858,1.1753999999928055,1.175600000002305,1.1757999999972526,1.1759999999922002,1.1762000000016997,1.1763999999966472,1.1765999999915948,1.1768000000010943,1.1769999999960419,1.1771999999909895,1.177400000000489,1.1775999999954365,1.177799999990384,1.1779999999998836,1.1781999999948312,1.1784000000043306,1.1785999999992782,1.1787999999942258,1.1790000000037253,1.1791999999986729,1.1793999999936204,1.17960000000312,1.1797999999980675,1.179999999993015,1.1802000000025146,1.1803999999974621,1.1805999999924097,1.1808000000019092,1.1809999999968568,1.1811999999918044,1.1814000000013039,1.1815999999962514,1.181799999991199,1.1820000000006985,1.182199999995646,1.1823999999905936,1.1826000000000931,1.1827999999950407,1.1829999999899883,1.1831999999994878,1.1833999999944353,1.1836000000039348,1.1837999999988824,1.18399999999383,1.1842000000033295,1.184399999998277,1.1845999999932246,1.1848000000027241,1.1849999999976717,1.1851999999926193,1.1854000000021188,1.1855999999970663,1.185799999992014,1.1860000000015134,1.186199999996461,1.1863999999914085,1.186600000000908,1.1867999999958556,1.1869999999908032,1.1872000000003027,1.1873999999952503,1.1875999999901978,1.1877999999996973,1.187999999994645,1.1882000000041444,1.188399999999092,1.1885999999940395,1.188800000003539,1.1889999999984866,1.1891999999934342,1.1894000000029337,1.1895999999978812,1.1897999999928288,1.1900000000023283,1.1901999999972759,1.1903999999922235,1.190600000001723,1.1907999999966705,1.190999999991618,1.1912000000011176,1.1913999999960652,1.1915999999910127,1.1918000000005122,1.1919999999954598,1.1921999999904074,1.1923999999999069,1.1925999999948544,1.192800000004354,1.1929999999993015,1.193199999994249,1.1934000000037486,1.1935999999986961,1.1937999999936437,1.1940000000031432,1.1941999999980908,1.1943999999930384,1.1946000000025379,1.1947999999974854,1.194999999992433,1.1952000000019325,1.19539999999688,1.1955999999918276,1.1958000000013271,1.1959999999962747,1.1961999999912223,1.1964000000007218,1.1965999999956694,1.196799999990617,1.1970000000001164,1.197199999995064,1.1973999999900116,1.197599999999511,1.1977999999944586,1.1980000000039581,1.1981999999989057,1.1983999999938533,1.1986000000033528,1.1987999999983003,1.198999999993248,1.1992000000027474,1.199399999997695,1.1995999999926426,1.199800000002142,1.1999999999970896,1.2001999999920372,1.2004000000015367,1.2005999999964843,1.2007999999914318,1.2010000000009313,1.201199999995879,1.2013999999908265,1.201600000000326,1.2017999999952735,1.2019999999902211,1.2021999999997206,1.2023999999946682,1.2026000000041677,1.2027999999991152,1.2029999999940628,1.2032000000035623,1.2033999999985099,1.2035999999934575,1.203800000002957,1.2039999999979045,1.204199999992852,1.2044000000023516,1.2045999999972992,1.2047999999922467,1.2050000000017462,1.2051999999966938,1.2053999999916414,1.2056000000011409,1.2057999999960884,1.205999999991036,1.2062000000005355,1.206399999995483,1.2065999999904307,1.2067999999999302,1.2069999999948777,1.2071999999898253,1.2073999999993248,1.2075999999942724,1.2078000000037719,1.2079999999987194,1.208199999993667,1.2084000000031665,1.208599999998114,1.2087999999930616,1.2090000000025611,1.2091999999975087,1.2093999999924563,1.2096000000019558,1.2097999999969034,1.209999999991851,1.2102000000013504,1.210399999996298,1.2105999999912456,1.210800000000745,1.2109999999956926,1.2111999999906402,1.2114000000001397,1.2115999999950873,1.2117999999900348,1.2119999999995343,1.212199999994482,1.2124000000039814,1.212599999998929,1.2127999999938766,1.213000000003376,1.2131999999983236,1.2133999999932712,1.2136000000027707,1.2137999999977183,1.2139999999926658,1.2142000000021653,1.214399999997113,1.2145999999920605,1.21480000000156,1.2149999999965075,1.2151999999914551,1.2154000000009546,1.2155999999959022,1.2157999999908498,1.2160000000003492,1.2161999999952968,1.2163999999902444,1.2165999999997439,1.2167999999946915,1.217000000004191,1.2171999999991385,1.217399999994086,1.2176000000035856,1.2177999999985332,1.2179999999934807,1.2182000000029802,1.2183999999979278,1.2185999999928754,1.2188000000023749,1.2189999999973224,1.21919999999227,1.2194000000017695,1.219599999996717,1.2197999999916647,1.2200000000011642,1.2201999999961117,1.2203999999910593,1.2206000000005588,1.2207999999955064,1.220999999990454,1.2211999999999534,1.221399999994901,1.2215999999898486,1.221799999999348,1.2219999999942956,1.2222000000037951,1.2223999999987427,1.2225999999936903,1.2228000000031898,1.2229999999981374,1.223199999993085,1.2234000000025844,1.223599999997532,1.2237999999924796,1.224000000001979,1.2241999999969266,1.2243999999918742,1.2246000000013737,1.2247999999963213,1.2249999999912689,1.2252000000007683,1.225399999995716,1.2255999999906635,1.225800000000163,1.2259999999951106,1.2261999999900581,1.2263999999995576,1.2265999999945052,1.2268000000040047,1.2269999999989523,1.2271999999938998,1.2274000000033993,1.227599999998347,1.2277999999932945,1.228000000002794,1.2281999999977415,1.2283999999926891,1.2286000000021886,1.2287999999971362,1.2289999999920838,1.2292000000015832,1.2293999999965308,1.2295999999914784,1.2298000000009779,1.2299999999959255,1.230199999990873,1.2304000000003725,1.23059999999532,1.2307999999902677,1.2309999999997672,1.2311999999947147,1.2314000000042142,1.2315999999991618,1.2317999999941094,1.2320000000036089,1.2321999999985565,1.232399999993504,1.2326000000030035,1.232799999997951,1.2329999999928987,1.2332000000023982,1.2333999999973457,1.2335999999922933,1.2338000000017928,1.2339999999967404,1.234199999991688,1.2344000000011874,1.234599999996135,1.2347999999910826,1.235000000000582,1.2351999999955297,1.2353999999904772,1.2355999999999767,1.2357999999949243,1.2359999999898719,1.2361999999993714,1.236399999994319,1.2366000000038184,1.236799999998766,1.2369999999937136,1.237200000003213,1.2373999999981606,1.2375999999931082,1.2378000000026077,1.2379999999975553,1.2381999999925029,1.2384000000020023,1.23859999999695,1.2387999999918975,1.239000000001397,1.2391999999963446,1.2393999999912921,1.2396000000007916,1.2397999999957392,1.2399999999906868,1.2402000000001863,1.2403999999951338,1.2405999999900814,1.240799999999581,1.2409999999945285,1.241200000004028,1.2413999999989755,1.2415999999939231,1.2418000000034226,1.2419999999983702,1.2421999999933178,1.2424000000028173,1.2425999999977648,1.2427999999927124,1.243000000002212,1.2431999999971595,1.243399999992107,1.2436000000016065,1.243799999996554,1.2439999999915017,1.2442000000010012,1.2443999999959487,1.2445999999908963,1.2448000000003958,1.2449999999953434,1.245199999990291,1.2453999999997905,1.245599999994738,1.2458000000042375,1.245999999999185,1.2461999999941327,1.2464000000036322,1.2465999999985797,1.2467999999935273,1.2470000000030268,1.2471999999979744,1.247399999992922,1.2476000000024214,1.247799999997369,1.2479999999923166,1.248200000001816,1.2483999999967637,1.2485999999917112,1.2488000000012107,1.2489999999961583,1.2491999999911059,1.2494000000006054,1.249599999995553,1.2497999999905005,1.25,1.2501999999949476,1.2503999999898952,1.2505999999993946,1.2507999999943422,1.2510000000038417,1.2511999999987893,1.2513999999937369,1.2516000000032363,1.251799999998184,1.2519999999931315,1.252200000002631,1.2523999999975786,1.2525999999925261,1.2528000000020256,1.2529999999969732,1.2531999999919208,1.2534000000014203,1.2535999999963678,1.2537999999913154,1.254000000000815,1.2541999999957625,1.25439999999071,1.2546000000002095,1.2547999999951571,1.2549999999901047,1.2551999999996042,1.2553999999945518,1.2556000000040513,1.2557999999989988,1.2559999999939464,1.256200000003446,1.2563999999983935,1.256599999993341,1.2568000000028405,1.256999999997788,1.2571999999927357,1.2574000000022352,1.2575999999971827,1.2577999999921303,1.2580000000016298,1.2581999999965774,1.258399999991525,1.2586000000010245,1.258799999995972,1.2589999999909196,1.259200000000419,1.2593999999953667,1.2595999999903142,1.2597999999998137,1.2599999999947613,1.2602000000042608,1.2603999999992084,1.260599999994156,1.2608000000036554,1.260999999998603,1.2611999999935506,1.26140000000305,1.2615999999979977,1.2617999999929452,1.2620000000024447,1.2621999999973923,1.2623999999923399,1.2626000000018394,1.262799999996787,1.2629999999917345,1.263200000001234,1.2633999999961816,1.2635999999911292,1.2638000000006286,1.2639999999955762,1.2641999999905238,1.2644000000000233,1.2645999999949709,1.2647999999899184,1.264999999999418,1.2651999999943655,1.265400000003865,1.2655999999988126,1.2657999999937601,1.2660000000032596,1.2661999999982072,1.2663999999931548,1.2666000000026543,1.2667999999976018,1.2669999999925494,1.267200000002049,1.2673999999969965,1.267599999991944,1.2678000000014435,1.2679999999963911,1.2681999999913387,1.2684000000008382,1.2685999999957858,1.2687999999907333,1.2690000000002328,1.2691999999951804,1.269399999990128,1.2695999999996275,1.269799999994575,1.2700000000040745,1.2701999999990221,1.2703999999939697,1.2706000000034692,1.2707999999984168,1.2709999999933643,1.2712000000028638,1.2713999999978114,1.271599999992759,1.2718000000022585,1.271999999997206,1.2721999999921536,1.272400000001653,1.2725999999966007,1.2727999999915482,1.2730000000010477,1.2731999999959953,1.2733999999909429,1.2736000000004424,1.27379999999539,1.2739999999903375,1.274199999999837,1.2743999999947846,1.274600000004284,1.2747999999992317,1.2749999999941792,1.2752000000036787,1.2753999999986263,1.2755999999935739,1.2758000000030734,1.275999999998021,1.2761999999929685,1.276400000002468,1.2765999999974156,1.2767999999923632,1.2770000000018626,1.2771999999968102,1.2773999999917578,1.2776000000012573,1.2777999999962049,1.2779999999911524,1.278200000000652,1.2783999999955995,1.278599999990547,1.2788000000000466,1.2789999999949941,1.2791999999899417,1.2793999999994412,1.2795999999943888,1.2798000000038883,1.2799999999988358,1.2801999999937834,1.280400000003283,1.2805999999982305,1.280799999993178,1.2810000000026776,1.2811999999976251,1.2813999999925727,1.2816000000020722,1.2817999999970198,1.2819999999919673,1.2822000000014668,1.2823999999964144,1.282599999991362,1.2828000000008615,1.282999999995809,1.2831999999907566,1.2834000000002561,1.2835999999952037,1.2837999999901513,1.2839999999996508,1.2841999999945983,1.2844000000040978,1.2845999999990454,1.284799999993993,1.2850000000034925,1.28519999999844,1.2853999999933876,1.285600000002887,1.2857999999978347,1.2859999999927823,1.2862000000022817,1.2863999999972293,1.286599999992177,1.2868000000016764,1.286999999996624,1.2871999999915715,1.287400000001071,1.2875999999960186,1.2877999999909662,1.2880000000004657,1.2881999999954132,1.2883999999903608,1.2885999999998603,1.2887999999948079,1.2890000000043074,1.289199999999255,1.2893999999942025,1.289600000003702,1.2897999999986496,1.2899999999935972,1.2902000000030966,1.2903999999980442,1.2905999999929918,1.2908000000024913,1.2909999999974389,1.2911999999923864,1.291400000001886,1.2915999999968335,1.291799999991781,1.2920000000012806,1.2921999999962281,1.2923999999911757,1.2926000000006752,1.2927999999956228,1.2929999999905704,1.2932000000000698,1.2933999999950174,1.293599999989965,1.2937999999994645,1.293999999994412,1.2942000000039116,1.2943999999988591,1.2945999999938067,1.2948000000033062,1.2949999999982538,1.2951999999932013,1.2954000000027008,1.2955999999976484,1.295799999992596,1.2960000000020955,1.296199999997043,1.2963999999919906,1.2966000000014901,1.2967999999964377,1.2969999999913853,1.2972000000008848,1.2973999999958323,1.29759999999078,1.2978000000002794,1.297999999995227,1.2981999999901745,1.298399999999674,1.2985999999946216,1.298800000004121,1.2989999999990687,1.2991999999940163,1.2994000000035157,1.2995999999984633,1.299799999993411,1.3000000000029104,1.300199999997858,1.3003999999928055,1.300600000002305,1.3007999999972526,1.3009999999922002,1.3012000000016997,1.3013999999966472,1.3015999999915948,1.3018000000010943,1.3019999999960419,1.3021999999909895,1.302400000000489,1.3025999999954365,1.302799999990384,1.3029999999998836,1.3031999999948312,1.3034000000043306,1.3035999999992782,1.3037999999942258,1.3040000000037253,1.3041999999986729,1.3043999999936204,1.30460000000312,1.3047999999980675,1.304999999993015,1.3052000000025146,1.3053999999974621,1.3055999999924097,1.3058000000019092,1.3059999999968568,1.3061999999918044,1.3064000000013039,1.3065999999962514,1.306799999991199,1.3070000000006985,1.307199999995646,1.3073999999905936,1.3076000000000931,1.3077999999950407,1.3079999999899883,1.3081999999994878,1.3083999999944353,1.3086000000039348,1.3087999999988824,1.30899999999383,1.3092000000033295,1.309399999998277,1.3095999999932246,1.3098000000027241,1.3099999999976717,1.3101999999926193,1.3104000000021188,1.3105999999970663,1.310799999992014,1.3110000000015134,1.311199999996461,1.3113999999914085,1.311600000000908,1.3117999999958556,1.3119999999908032,1.3122000000003027,1.3123999999952503,1.3125999999901978,1.3127999999996973,1.312999999994645,1.3132000000041444,1.313399999999092,1.3135999999940395,1.313800000003539,1.3139999999984866,1.3141999999934342,1.3144000000029337,1.3145999999978812,1.3147999999928288,1.3150000000023283,1.3151999999972759,1.3153999999922235,1.315600000001723,1.3157999999966705,1.315999999991618,1.3162000000011176,1.3163999999960652,1.3165999999910127,1.3168000000005122,1.3169999999954598,1.3171999999904074,1.3173999999999069,1.3175999999948544,1.317800000004354,1.3179999999993015,1.318199999994249,1.3184000000037486,1.3185999999986961,1.3187999999936437,1.3190000000031432,1.3191999999980908,1.3193999999930384,1.3196000000025379,1.3197999999974854,1.319999999992433,1.3202000000019325,1.32039999999688,1.3205999999918276,1.3208000000013271,1.3209999999962747,1.3211999999912223,1.3214000000007218,1.3215999999956694,1.321799999990617,1.3220000000001164,1.322199999995064,1.3223999999900116,1.322599999999511,1.3227999999944586,1.3230000000039581,1.3231999999989057,1.3233999999938533,1.3236000000033528,1.3237999999983003,1.323999999993248,1.3242000000027474,1.324399999997695,1.3245999999926426,1.324800000002142,1.3249999999970896,1.3251999999920372,1.3254000000015367,1.3255999999964843,1.3257999999914318,1.3260000000009313,1.326199999995879,1.3263999999908265,1.326600000000326,1.3267999999952735,1.3269999999902211,1.3271999999997206,1.3273999999946682,1.3276000000041677,1.3277999999991152,1.3279999999940628,1.3282000000035623,1.3283999999985099,1.3285999999934575,1.328800000002957,1.3289999999979045,1.329199999992852,1.3294000000023516,1.3295999999972992,1.3297999999922467,1.3300000000017462,1.3301999999966938,1.3303999999916414,1.3306000000011409,1.3307999999960884,1.330999999991036,1.3312000000005355,1.331399999995483,1.3315999999904307,1.3317999999999302,1.3319999999948777,1.3321999999898253,1.3323999999993248,1.3325999999942724,1.3328000000037719,1.3329999999987194,1.333199999993667,1.3334000000031665,1.333599999998114,1.3337999999930616,1.3340000000025611,1.3341999999975087,1.3343999999924563,1.3346000000019558,1.3347999999969034,1.334999999991851,1.3352000000013504,1.335399999996298,1.3355999999912456,1.335800000000745,1.3359999999956926,1.3361999999906402,1.3364000000001397,1.3365999999950873,1.3367999999900348,1.3369999999995343,1.337199999994482,1.3374000000039814,1.337599999998929,1.3377999999938766,1.338000000003376,1.3381999999983236,1.3383999999932712,1.3386000000027707,1.3387999999977183,1.3389999999926658,1.3392000000021653,1.339399999997113,1.3395999999920605,1.33980000000156,1.3399999999965075,1.3401999999914551,1.3404000000009546,1.3405999999959022,1.3407999999908498,1.3410000000003492,1.3411999999952968,1.3413999999902444,1.3415999999997439,1.3417999999946915,1.342000000004191,1.3421999999991385,1.342399999994086,1.3426000000035856,1.3427999999985332,1.3429999999934807,1.3432000000029802,1.3433999999979278,1.3435999999928754,1.3438000000023749,1.3439999999973224,1.34419999999227,1.3444000000017695,1.344599999996717,1.3447999999916647,1.3450000000011642,1.3451999999961117,1.3453999999910593,1.3456000000005588,1.3457999999955064,1.345999999990454,1.3461999999999534,1.346399999994901,1.3465999999898486,1.346799999999348,1.3469999999942956,1.3472000000037951,1.3473999999987427,1.3475999999936903,1.3478000000031898,1.3479999999981374,1.348199999993085,1.3484000000025844,1.348599999997532,1.3487999999924796,1.349000000001979,1.3491999999969266,1.3493999999918742,1.3496000000013737,1.3497999999963213,1.3499999999912689,1.3502000000007683,1.350399999995716,1.3505999999906635,1.350800000000163,1.3509999999951106,1.3511999999900581,1.3513999999995576,1.3515999999945052,1.3518000000040047,1.3519999999989523,1.3521999999938998,1.3524000000033993,1.352599999998347,1.3527999999932945,1.353000000002794,1.3531999999977415,1.3533999999926891,1.3536000000021886,1.3537999999971362,1.3539999999920838,1.3542000000015832,1.3543999999965308,1.3545999999914784,1.3548000000009779,1.3549999999959255,1.355199999990873,1.3554000000003725,1.35559999999532,1.3557999999902677,1.3559999999997672,1.3561999999947147,1.3564000000042142,1.3565999999991618,1.3567999999941094,1.3570000000036089,1.3571999999985565,1.357399999993504,1.3576000000030035,1.357799999997951,1.3579999999928987,1.3582000000023982,1.3583999999973457,1.3585999999922933,1.3588000000017928,1.3589999999967404,1.359199999991688,1.3594000000011874,1.359599999996135,1.3597999999910826,1.360000000000582,1.3601999999955297,1.3603999999904772,1.3605999999999767,1.3607999999949243,1.3609999999898719,1.3611999999993714,1.361399999994319,1.3616000000038184,1.361799999998766,1.3619999999937136,1.362200000003213,1.3623999999981606,1.3625999999931082,1.3628000000026077,1.3629999999975553,1.3631999999925029,1.3634000000020023,1.36359999999695,1.3637999999918975,1.364000000001397,1.3641999999963446,1.3643999999912921,1.3646000000007916,1.3647999999957392,1.3649999999906868,1.3652000000001863,1.3653999999951338,1.3655999999900814,1.365799999999581,1.3659999999945285,1.366200000004028,1.3663999999989755,1.3665999999939231,1.3668000000034226,1.3669999999983702,1.3671999999933178,1.3674000000028173,1.3675999999977648,1.3677999999927124,1.368000000002212,1.3681999999971595,1.368399999992107,1.3686000000016065,1.368799999996554,1.3689999999915017,1.3692000000010012,1.3693999999959487,1.3695999999908963,1.3698000000003958,1.3699999999953434,1.370199999990291,1.3703999999997905,1.370599999994738,1.3708000000042375,1.370999999999185,1.3711999999941327,1.3714000000036322,1.3715999999985797,1.3717999999935273,1.3720000000030268,1.3721999999979744,1.372399999992922,1.3726000000024214,1.372799999997369,1.3729999999923166,1.373200000001816,1.3733999999967637,1.3735999999917112,1.3738000000012107,1.3739999999961583,1.3741999999911059,1.3744000000006054,1.374599999995553,1.3747999999905005,1.375,1.3751999999949476,1.3753999999898952,1.3755999999993946,1.3757999999943422,1.3760000000038417,1.3761999999987893,1.3763999999937369,1.3766000000032363,1.376799999998184,1.3769999999931315,1.377200000002631,1.3773999999975786,1.3775999999925261,1.3778000000020256,1.3779999999969732,1.3781999999919208,1.3784000000014203,1.3785999999963678,1.3787999999913154,1.379000000000815,1.3791999999957625,1.37939999999071,1.3796000000002095,1.3797999999951571,1.3799999999901047,1.3801999999996042,1.3803999999945518,1.3806000000040513,1.3807999999989988,1.3809999999939464,1.381200000003446,1.3813999999983935,1.381599999993341,1.3818000000028405,1.381999999997788,1.3821999999927357,1.3824000000022352,1.3825999999971827,1.3827999999921303,1.3830000000016298,1.3831999999965774,1.383399999991525,1.3836000000010245,1.383799999995972,1.3839999999909196,1.384200000000419,1.3843999999953667,1.3845999999903142,1.3847999999998137,1.3849999999947613,1.3852000000042608,1.3853999999992084,1.385599999994156,1.3858000000036554,1.385999999998603,1.3861999999935506,1.38640000000305,1.3865999999979977,1.3867999999929452,1.3870000000024447,1.3871999999973923,1.3873999999923399,1.3876000000018394,1.387799999996787,1.3879999999917345,1.388200000001234,1.3883999999961816,1.3885999999911292,1.3888000000006286,1.3889999999955762,1.3891999999905238,1.3894000000000233,1.3895999999949709,1.3897999999899184,1.389999999999418,1.3901999999943655,1.390400000003865,1.3905999999988126,1.3907999999937601,1.3910000000032596,1.3911999999982072,1.3913999999931548,1.3916000000026543,1.3917999999976018,1.3919999999925494,1.392200000002049,1.3923999999969965,1.392599999991944,1.3928000000014435,1.3929999999963911,1.3931999999913387,1.3934000000008382,1.3935999999957858,1.3937999999907333,1.3940000000002328,1.3941999999951804,1.394399999990128,1.3945999999996275,1.394799999994575,1.3950000000040745,1.3951999999990221,1.3953999999939697,1.3956000000034692,1.3957999999984168,1.3959999999933643,1.3962000000028638,1.3963999999978114,1.396599999992759,1.3968000000022585,1.396999999997206,1.3971999999921536,1.397400000001653,1.3975999999966007,1.3977999999915482,1.3980000000010477,1.3981999999959953,1.3983999999909429,1.3986000000004424,1.39879999999539,1.3989999999903375,1.399199999999837,1.3993999999947846,1.399600000004284,1.3997999999992317,1.3999999999941792
Sweep_0,-110.0,-63.57,-63.63,-63.66,-63.6,-63.69,-63.69,-63.6,-63.6,-63.79,-63.72,-63.66,-63.54,-63.69,-63.82,-63.82,-63.76,-63.66,-63.79,-63.82,-63.66,-63.6,-63.79,-63.69,-63.72,-63.76,-63.82,-63.76,-63.79,-63.82,-63.97,-63.85,-63.85,-63.82,-63.85,-63.85,-63.97,-63.94,-63.88,-63.97,-63.88,-63.94,-63.91,-64.0,-63.85,-63.97,-63.97,-64.04,-63.94,-63.97,-64.07,-64.07,-64.04,-64.04,-64.0,-63.97,-63.97,-63.94,-63.88,-64.16,-64.04,-64.1,-64.1,-64.0,-64.04,-63.85,-63.97,-63.94,-63.91,-64.04,-64.1,-64.0,-64.13,-64.04,-64.1,-63.97,-63.88,-64.04,-63.97,-64.0,-63.94,-63.91,-63.85,-64.04,-63.91,-63.85,-63.91,-63.97,-63.82,-64.0,-63.85,-63.88,-63.91,-63.88,-63.91,-63.88,-63.85,-64.04,-63.82,-63.94,-63.91,-63.91,-63.91,-64.0,-64.0,-64.0,-64.0,-63.97,-64.04,-64.1,-63.97,-64.13,-63.97,-64.0,-63.88,-63.88,-64.0,-63.97,-64.0,-63.97,-64.0,-63.97,-64.07,-64.04,-63.88,-64.0,-63.85,-63.88,-63.91,-63.76,-63.85,-63.82,-63.85,-63.91,-63.79,-63.85,-63.82,-63.82,-63.85,-63.79,-63.88,-63.82,-63.88,-63.88,-63.82,-63.76,-63.76,-63.85,-63.79,-63.85,-63.88,-63.88,-63.85,-63.82,-63.91,-63.85,-63.88,-63.91,-63.91,-63.91,-63.94,-63.97,-63.91,-63.88,-63.79,-63.88,-64.0,-63.94,-64.04,-63.97,-63.94,-63.82,-63.91,-63.94,-64.04,-64.0,-63.97,-63.88,-64.0,-63.85,-63.88,-63.88,-63.97,-63.91,-63.91,-63.91,-63.85,-63.88,-63.72,-63.69,-63.82,-63.69,-63.85,-63.88,-63.94,-64.04,-63.94,-63.94,-63.88,-63.97,-64.0,-63.85,-63.91,-63.85,-63.88,-63.85,-63.85,-63.91,-63.97,-63.94,-63.85,-63.88,-63.97,-63.94,-63.91,-63.85,-63.85,-63.66,-63.85,-63.88,-63.94,-63.91,-63.85,-63.79,-63.85,-63.91,-63.88,-63.91,-64.04,-63.91,-64.07,-63.88,-63.94,-63.91,-63.91,-64.0,-63.97,-64.0,-63.91,-64.04,-64.0,-64.0,-64.0,-64.04,-64.07,-64.0,-64.0,-63.97,-64.16,-64.19,-64.04,-63.97,-63.97,-64.13,-63.97,-64.1,-64.19,-64.07,-64.19,-64.25,-64.0,-64.13,-64.16,-63.94,-64.13,-64.07,-64.07,-64.04,-64.04,-64.04,-63.97,-63.97,-63.79,-64.1,-63.97,-64.0,-63.85,-63.97,-63.88,-63.91,-63.94,-63.88,-63.91,-64.0,-63.91,-64.07,-63.94,-63.85,-63.85,-63.97,-63.88,-64.07,-64.0,-64.07,-64.04,-63.91,-63.94,-64.07,-64.04,-63.94,-64.0,-63.88,-63.82,-63.94,-63.94,-64.07,-63.85,-63.91,-63.91,-63.94,-63.82,-63.91,-63.94,-64.1,-63.88,-63.76,-63.88,-63.41,-63.91,-63.85,-63.88,-63.82,-63.97,-63.88,-64.04,-63.88,-64.0,-63.85,-63.91,-63.94,-63.88,-63.79,-63.85,-63.94,-63.88,-63.88,-63.88,-63.94,-63.85,-63.88,-63.94,-63.91,-63.76,-63.82,-63.88,-63.82,-63.88,-63.82,-63.88,-63.82,-63.94,-64.07,-64.0,-64.07,-63.91,-63.85,-63.88,-64.07,-64.04,-64.07,-63.97,-64.04,-63.94,-63.91,-64.0,-63.94,-63.82,-63.88,-63.94,-64.04,-63.85,-63.91,-63.79,-63.72,-63.88,-63.88,-63.76,-65.53,-67.18,-68.67,-70.13,-71.4,-72.74,-73.77,-74.82,-76.1,-77.15,-78.09,-79.02,-80.14,-81.07,-82.06,-83.03,-83.81,-84.74,-85.55,-86.51,-87.35,-88.13,-89.0,-89.77,-90.52,-91.36,-92.07,-92.63,-93.63,-94.31,-95.03,-95.65,-96.33,-97.11,-97.61,-98.38,-98.73,-99.5,-100.0,-100.56,-101.15,-101.83,-102.33,-102.58,-103.36,-103.86,-104.29,-104.66,-105.19,-105.94,-106.09,-106.5,-107.0,-107.34,-107.71,-107.9,-108.24,-108.7,-108.95,-109.3,-109.51,-110.01,-110.26,-110.57,-110.76,-111.04,-111.16,-111.56,-111.56,-111.78,-111.97,-112.25,-112.4,-112.5,-112.78,-112.96,-112.99,-113.15,-113.15,-113.12,-113.09,-113.4,-113.34,-113.4,-113.4,-113.43,-113.43,-113.37,-113.31,-113.34,-113.34,-113.31,-113.15,-113.15,-113.12,-113.03,-112.96,-112.9,-112.71,-112.56,-112.59,-112.4,-112.22,-112.12,-112.03,-111.75,-111.66,-111.47,-111.41,-110.97,-110.85,-110.73,-110.63,-110.32,-110.32,-110.07,-109.73,-109.7,-109.42,-109.17,-109.05,-108.86,-108.46,-108.36,-108.15,-107.99,-107.83,-107.34,-107.21,-107.06,-106.93,-106.75,-106.34,-106.12,-105.94,-105.75,-105.5,-105.29,-105.1,-104.97,-104.85,-104.54,-104.35,-104.2,-103.95,-103.82,-103.61,-103.39,-103.17,-102.99,-102.92,-102.58,-102.36,-102.15,-102.02,-101.77,-101.65,-101.49,-101.12,-101.09,-100.9,-100.78,-100.62,-100.41,-100.22,-99.97,-99.81,-99.75,-99.47,-99.41,-99.32,-99.07,-99.01,-98.82,-98.57,-98.48,-98.17,-98.2,-97.82,-97.67,-97.64,-97.51,-97.39,-97.23,-97.11,-96.89,-96.67,-96.49,-96.43,-96.3,-95.99,-96.02,-95.8,-95.74,-95.65,-95.52,-95.4,-95.18,-95.15,-94.93,-94.81,-94.69,-94.56,-94.37,-94.31,-94.09,-93.91,-93.91,-93.81,-93.66,-93.47,-93.41,-93.26,-93.22,-93.01,-92.94,-92.91,-92.82,-92.57,-92.57,-92.54,-92.23,-92.32,-92.17,-92.07,-92.11,-91.86,-91.7,-91.67,-91.64,-91.51,-91.42,-91.36,-91.39,-91.23,-91.17,-91.14,-90.96,-90.96,-90.77,-90.8,-90.74,-90.55,-90.52,-90.43,-90.4,-90.43,-90.4,-90.24,-90.12,-90.18,-89.99,-89.99,-89.9,-89.77,-89.84,-89.68,-89.56,-89.77,-89.74,-89.56,-89.49,-89.43,-89.43,-89.43,-89.43,-89.37,-89.21,-89.28,-89.25,-89.09,-89.18,-89.03,-88.93,-88.78,-88.9,-88.75,-88.69,-88.75,-88.59,-88.65,-88.56,-88.47,-88.41,-88.31,-88.41,-88.41,-88.19,-88.19,-88.13,-88.22,-88.13,-87.97,-88.1,-87.94,-87.97,-87.88,-87.78,-87.72,-87.78,-87.72,-87.57,-87.54,-87.41,-87.54,-87.54,-87.47,-87.38,-87.26,-87.41,-87.26,-87.22,-87.16,-87.19,-87.22,-87.1,-87.13,-87.04,-87.04,-86.95,-87.01,-86.88,-86.98,-86.91,-86.85,-86.88,-86.88,-86.76,-86.57,-86.63,-86.6,-86.54,-86.48,-86.54,-86.45,-86.45,-86.42,-86.42,-86.45,-86.48,-86.42,-86.45,-86.23,-86.23,-86.23,-86.17,-86.2,-86.11,-86.2,-86.04,-86.04,-86.04,-86.04,-85.98,-85.95,-85.98,-86.01,-85.8,-85.98,-85.92,-85.95,-85.92,-86.01,-85.92,-85.92,-85.92,-85.95,-85.89,-85.76,-85.64,-85.64,-85.58,-85.61,-85.67,-85.7,-85.7,-85.55,-85.67,-85.64,-85.55,-85.67,-85.64,-85.64,-85.48,-85.52,-85.48,-85.36,-85.39,-85.3,-85.39,-85.3,-85.2,-85.17,-85.2,-85.05,-85.14,-85.2,-85.02,-85.02,-85.05,-84.99,-84.86,-84.8,-84.92,-84.89,-84.86,-84.99,-84.92,-84.96,-84.89,-84.77,-84.71,-84.92,-84.86,-84.74,-84.77,-84.8,-84.83,-84.64,-84.74,-84.71,-84.61,-84.58,-84.61,-84.68,-84.64,-84.61,-84.64,-84.71,-84.77,-84.58,-84.68,-84.58,-84.58,-84.64,-84.55,-84.49,-84.52,-84.46,-84.52,-84.49,-84.43,-84.33,-84.3,-84.33,-84.37,-84.37,-84.37,-84.33,-84.37,-84.3,-84.3,-84.24,-84.3,-84.18,-84.33,-84.3,-84.33,-84.27,-84.24,-84.27,-84.24,-84.18,-84.3,-84.21,-84.21,-84.21,-84.15,-84.21,-84.15,-84.24,-84.15,-84.12,-84.09,-84.05,-84.02,-84.15,-84.09,-84.05,-83.99,-83.93,-84.02,-84.02,-84.05,-83.81,-83.93,-83.99,-83.96,-83.93,-83.74,-83.81,-83.77,-83.71,-83.77,-83.65,-83.68,-83.65,-83.74,-83.62,-83.68,-83.59,-83.53,-83.59,-83.43,-83.59,-83.53,-83.53,-83.43,-83.37,-83.56,-83.53,-83.37,-83.4,-83.4,-83.31,-83.43,-83.46,-83.49,-83.37,-83.37,-83.53,-83.34,-83.4,-83.37,-83.37,-83.28,-83.25,-83.4,-83.25,-83.37,-83.4,-83.43,-83.34,-83.25,-83.28,-83.28,-83.21,-83.21,-83.21,-83.15,-83.21,-83.18,-83.18,-83.12,-83.06,-83.12,-83.09,-83.12,-83.12,-83.0,-83.09,-83.0,-83.03,-82.97,-82.97,-83.06,-83.09,-83.09,-82.94,-82.94,-83.09,-83.12,-83.12,-82.94,-83.0,-83.09,-82.97,-83.06,-83.09,-83.06,-83.03,-83.12,-83.0,-83.09,-83.0,-83.06,-83.06,-83.0,-82.94,-83.03,-82.9,-82.9,-82.94,-82.72,-82.84,-82.69,-82.75,-82.69,-82.75,-82.78,-82.69,-82.66,-82.72,-82.62,-82.84,-82.62,-82.81,-82.66,-82.53,-82.59,-82.66,-82.56,-82.44,-82.62,-82.53,-82.47,-82.59,-82.69,-82.56,-82.66,-82.5,-82.66,-82.62,-82.66,-82.59,-82.62,-82.59,-82.5,-82.53,-82.53,-82.53,-82.59,-82.5,-82.56,-82.47,-82.53,-82.31,-82.38,-82.44,-82.44,-82.5,-82.5,-82.47,-82.53,-82.53,-82.44,-82.62,-82.53,-82.44,-82.59,-82.59,-82.53,-82.53,-82.47,-82.41,-82.5,-82.44,-82.44,-82.5,-82.53,-82.47,-82.44,-82.47,-82.5,-82.44,-82.44,-82.44,-82.47,-82.56,-82.59,-82.56,-82.62,-82.66,-82.47,-82.56,-82.62,-82.53,-82.59,-82.53,-82.5,-82.59,-82.59,-82.66,-82.62,-82.5,-82.47,-82.5,-82.56,-82.38,-82.53,-82.53,-82.34,-82.44,-82.44,-82.53,-82.22,-82.31,-82.22,-82.16,-82.25,-82.16,-82.31,-82.31,-82.31,-82.28,-82.19,-82.25,-82.16,-82.22,-82.19,-82.16,-82.25,-82.13,-82.22,-82.13,-82.06,-82.06,-82.0,-82.19,-82.13,-82.1,-82.0,-82.0,-82.19,-82.06,-82.03,-82.13,-82.06,-82.06,-82.13,-82.19,-82.16,-82.16,-82.06,-82.03,-82.1,-82.03,-82.03,-82.06,-82.0,-81.91,-82.0,-82.1,-82.13,-82.03,-82.03,-82.03,-82.06,-82.13,-82.06,-82.1,-81.91,-81.94,-81.91,-82.13,-82.0,-82.1,-82.0,-82.0,-82.03,-82.06,-82.06,-82.0,-82.1,-82.0,-82.1,-82.06,-82.06,-82.19,-82.06,-82.1,-82.16,-82.16,-82.16,-82.1,-82.13,-82.1,-82.16,-82.28,-82.16,-82.13,-82.13,-82.13,-82.1,-82.1,-82.22,-82.06,-82.13,-82.13,-82.06,-82.0,-82.13,-82.13,-82.03,-82.1,-82.1,-82.06,-82.1,-82.1,-82.06,-82.1,-81.97,-82.0,-81.97,-81.97,-81.82,-82.03,-81.97,-81.88,-81.82,-81.97,-81.94,-81.91,-81.82,-81.79,-81.91,-81.91,-81.91,-81.85,-81.82,-81.82,-82.0,-81.82,-81.75,-81.82,-81.88,-81.94,-81.82,-81.82,-82.03,-81.88,-81.91,-81.85,-81.94,-81.79,-81.94,-81.72,-81.85,-81.79,-81.88,-81.75,-81.91,-81.82,-81.82,-81.97,-81.88,-81.91,-81.75,-81.75,-81.91,-81.66,-81.91,-81.94,-81.82,-81.88,-81.82,-81.91,-81.97,-81.94,-81.94,-81.79,-82.03,-81.85,-81.97,-81.94,-82.03,-81.88,-82.03,-81.94,-81.91,-81.94,-82.0,-81.97,-82.0,-81.88,-81.97,-82.06,-81.94,-81.82,-81.82,-81.91,-81.94,-81.82,-81.85,-81.94,-81.91,-81.97,-81.82,-81.88,-82.0,-81.82,-81.94,-81.94,-81.94,-81.88,-81.75,-81.69,-81.79,-81.82,-81.88,-81.75,-81.69,-81.72,-81.79,-81.79,-81.72,-81.66,-81.72,-81.82,-81.82,-81.75,-81.79,-81.75,-81.75,-81.79,-81.66,-81.63,-81.63,-81.66,-81.88,-81.75,-81.75,-81.69,-81.72,-81.72,-81.69,-81.82,-81.72,-81.79,-81.69,-81.72,-81.6,-81.69,-81.63,-81.69,-81.63,-81.75,-81.66,-81.63,-81.94,-81.82,-81.82,-81.79,-81.75,-81.75,-81.85,-81.75,-81.75,-81.82,-81.75,-81.82,-81.69,-81.75,-81.79,-81.82,-81.82,-81.82,-81.75,-81.85,-81.75,-81.75,-81.91,-81.75,-81.72,-81.94,-81.88,-81.82,-81.88,-81.79,-82.03,-81.82,-81.88,-81.94,-81.82,-81.91,-81.79,-81.88,-81.97,-81.94,-82.0,-82.06,-81.94,-82.1,-82.13,-82.03,-82.13,-81.94,-82.13,-82.0,-82.1,-81.85,-82.03,-81.94,-81.88,-81.88,-81.94,-81.88,-81.85,-81.97,-81.97,-81.97,-82.03,-81.94,-81.94,-81.94,-82.0,-81.88,-81.91,-82.0,-82.0,-81.91,-81.79,-82.03,-81.85,-82.03,-81.94,-81.79,-81.75,-81.91,-81.91,-82.1,-82.03,-81.94,-81.88,-81.91,-81.91,-81.94,-82.1,-82.03,-81.82,-81.97,-81.94,-81.94,-81.94,-81.91,-81.88,-81.88,-81.85,-81.85,-81.88,-81.91,-81.91,-81.79,-82.0,-81.75,-81.88,-81.82,-81.82,-81.79,-81.82,-81.91,-81.91,-81.88,-81.97,-81.79,-81.97,-81.85,-81.85,-81.91,-81.88,-81.88,-81.94,-81.91,-81.91,-82.03,-81.94,-81.88,-81.97,-82.0,-81.94,-82.0,-82.1,-82.13,-81.91,-82.03,-82.06,-82.13,-82.06,-82.03,-82.13,-82.03,-82.1,-81.97,-82.13,-82.06,-82.06,-82.06,-82.13,-82.06,-82.03,-82.1,-82.06,-82.03,-82.06,-82.13,-82.1,-82.0,-82.06,-82.03,-82.03,-82.03,-81.94,-82.0,-82.06,-82.03,-81.88,-81.97,-81.97,-81.97,-82.0,-81.91,-81.82,-81.94,-81.94,-82.0,-81.72,-81.88,-81.79,-81.82,-81.75,-81.91,-81.85,-81.91,-81.79,-81.79,-81.85,-81.82,-81.88,-81.75,-81.82,-81.91,-81.91,-82.0,-81.97,-82.03,-81.94,-81.88,-81.94,-81.94,-81.97,-82.0,-81.94,-81.97,-81.91,-82.0,-82.0,-81.97,-82.16,-82.0,-82.03,-81.91,-82.03,-81.91,-82.06,-81.97,-81.94,-81.88,-81.94,-81.94,-81.91,-81.97,-82.0,-82.03,-81.94,-81.94,-81.97,-81.94,-81.94,-81.88,-81.88,-82.03,-81.97,-82.1,-82.03,-81.91,-82.0,-82.0,-82.06,-81.91,-81.88,-82.0,-82.03,-82.16,-82.03,-82.06,-82.06,-82.0,-82.0,-81.97,-82.06,-81.97,-82.0,-82.06,-81.94,-81.94,-82.0,-82.03,-81.97,-82.1,-81.91,-81.94,-81.97,-82.0,-82.03,-81.97,-81.91,-81.97,-81.91,-82.0,-81.94,-81.97,-82.06,-81.85,-81.79,-81.97,-81.79,-81.79,-81.88,-81.94,-81.91,-81.97,-81.88,-81.79,-81.82,-81.82,-81.97,-81.91,-81.88,-81.79,-81.94,-81.91,-81.91,-81.69,-81.82,-81.79,-81.69,-81.82,-81.82,-81.97,-81.82,-81.94,-81.79,-81.94,-81.79,-81.82,-81.82,-81.97,-82.0,-81.88,-81.97,-81.91,-81.79,-81.91,-81.91,-81.97,-82.0,-81.94,-81.94,-81.85,-81.88,-81.91,-81.94,-81.97,-81.97,-81.72,-81.91,-81.79,-81.91,-81.91,-81.97,-82.03,-81.94,-82.0,-82.0,-82.03,-81.94,-81.97,-81.94,-81.97,-81.97,-82.0,-82.0,-82.1,-82.19,-82.13,-82.1,-82.16,-81.85,-82.06,-82.06,-82.03,-82.1,-82.0,-82.0,-82.13,-82.1,-82.03,-82.1,-82.03,-82.1,-82.0,-81.97,-82.06,-81.97,-82.03,-81.91,-82.13,-82.03,-82.13,-81.97,-81.94,-81.91,-82.0,-82.0,-81.94,-81.91,-82.0,-81.94,-81.94,-81.94,-81.88,-81.91,-82.1,-81.94,-81.91,-81.91,-81.94,-82.0,-81.94,-82.03,-81.91,-81.91,-81.91,-81.97,-81.94,-81.88,-81.91,-81.97,-81.85,-81.91,-81.94,-81.79,-81.91,-81.75,-81.75,-81.79,-81.79,-81.82,-81.88,-81.91,-81.94,-81.88,-81.75,-81.69,-81.75,-81.82,-81.88,-81.88,-81.82,-81.88,-81.79,-81.75,-81.79,-81.69,-81.72,-81.66,-81.66,-81.75,-81.75,-81.63,-81.72,-81.69,-81.69,-81.79,-81.85,-81.79,-81.85,-81.79,-81.82,-81.75,-81.66,-81.72,-81.88,-81.72,-81.82,-81.79,-81.97,-81.75,-81.79,-81.75,-81.88,-81.75,-81.79,-81.82,-81.79,-81.82,-81.79,-81.88,-81.79,-81.69,-81.66,-81.91,-81.75,-81.79,-81.88,-81.85,-81.82,-81.72,-81.69,-81.72,-81.72,-81.66,-81.79,-81.66,-81.6,-81.72,-81.63,-81.69,-81.63,-81.66,-81.54,-81.69,-81.57,-81.63,-81.57,-81.57,-81.57,-81.6,-81.63,-81.57,-81.6,-81.69,-81.88,-81.63,-81.66,-81.44,-81.6,-81.63,-81.79,-81.69,-81.66,-81.79,-81.69,-81.69,-81.63,-81.72,-81.72,-81.66,-81.82,-81.82,-81.88,-81.94,-81.82,-81.79,-81.82,-81.85,-81.79,-81.88,-81.75,-81.88,-81.75,-81.72,-81.88,-81.88,-81.75,-81.72,-81.82,-81.72,-81.51,-81.72,-81.66,-81.75,-81.66,-81.63,-81.85,-81.82,-81.91,-81.72,-81.69,-81.79,-81.75,-81.66,-81.82,-81.72,-81.79,-81.88,-81.88,-81.88,-81.79,-81.79,-81.72,-81.85,-81.79,-81.69,-81.66,-81.66,-81.66,-81.57,-81.72,-81.69,-81.6,-81.54,-81.72,-81.54,-81.66,-81.54,-81.6,-81.54,-81.6,-81.51,-81.66,-81.47,-81.6,-81.57,-81.54,-81.57,-81.41,-81.47,-81.6,-81.54,-81.51,-81.63,-81.66,-81.51,-81.51,-81.69,-81.6,-81.57,-81.47,-81.6,-81.54,-81.44,-81.54,-81.51,-81.66,-81.6,-81.63,-81.51,-81.69,-81.79,-81.69,-81.79,-81.72,-81.72,-81.72,-81.85,-81.72,-81.79,-81.85,-81.75,-81.66,-81.79,-81.79,-81.82,-81.82,-81.82,-81.66,-81.72,-81.69,-81.75,-81.75,-81.72,-81.75,-81.94,-81.79,-81.79,-81.88,-81.88,-81.72,-81.94,-81.94,-81.94,-81.82,-81.79,-82.0,-81.91,-81.82,-81.88,-81.91,-81.85,-81.79,-81.91,-81.94,-81.97,-81.94,-82.0,-81.82,-81.82,-81.94,-81.94,-81.94,-81.88,-81.75,-81.82,-81.79,-81.79,-81.79,-81.72,-81.75,-81.63,-81.72,-81.75,-81.79,-81.75,-81.69,-81.82,-81.82,-81.75,-81.72,-81.69,-81.79,-81.85,-81.82,-81.79,-81.79,-81.75,-81.88,-81.6,-81.66,-81.79,-81.72,-81.75,-81.79,-81.72,-81.75,-81.75,-81.75,-81.54,-81.57,-81.66,-81.79,-81.82,-81.72,-81.82,-81.57,-81.6,-81.79,-81.69,-81.75,-81.75,-81.72,-81.79,-81.91,-81.88,-81.79,-81.82,-81.69,-81.79,-81.79,-81.72,-81.82,-81.82,-81.72,-81.75,-81.94,-81.79,-82.0,-81.88,-81.79,-81.75,-81.82,-81.79,-81.88,-81.91,-81.75,-81.79,-81.79,-81.82,-81.79,-81.91,-81.88,-81.79,-81.88,-81.88,-81.97,-81.91,-81.91,-81.91,-81.94,-82.0,-81.88,-81.91,-81.85,-81.88,-81.82,-81.94,-81.88,-81.85,-81.88,-81.91,-81.82,-81.69,-81.82,-81.79,-81.91,-81.91,-81.82,-81.66,-81.85,-81.82,-81.69,-81.79,-81.66,-81.72,-81.85,-81.69,-81.79,-81.79,-81.69,-81.85,-81.75,-81.63,-81.69,-81.66,-81.69,-81.69,-81.72,-81.69,-81.82,-81.69,-81.88,-81.72,-81.72,-81.63,-81.6,-81.6,-81.79,-81.79,-81.6,-81.75,-81.63,-81.66,-81.82,-81.72,-81.72,-81.72,-81.66,-81.69,-81.69,-81.63,-81.63,-81.6,-81.69,-81.72,-81.63,-81.63,-81.63,-81.6,-81.66,-81.63,-81.63,-81.66,-81.51,-81.63,-81.66,-81.54,-81.6,-81.63,-81.54,-81.54,-81.54,-81.6,-81.69,-81.69,-81.69,-81.6,-81.66,-81.63,-81.57,-81.72,-81.69,-81.63,-81.51,-81.63,-81.6,-81.6,-81.69,-81.6,-81.72,-81.63,-81.66,-81.6,-81.72,-81.79,-81.75,-81.66,-81.66,-81.75,-81.69,-81.69,-81.82,-81.66,-81.66,-81.57,-81.6,-81.6,-81.51,-81.47,-81.69,-81.51,-81.47,-81.57,-81.54,-81.44,-81.54,-81.57,-81.44,-81.47,-81.47,-81.51,-81.63,-81.51,-81.38,-81.51,-81.41,-81.44,-81.47,-81.44,-81.51,-81.44,-81.51,-81.66,-81.54,-81.44,-81.47,-81.41,-81.44,-81.6,-81.47,-81.63,-81.66,-81.41,-81.63,-81.44,-81.41,-81.44,-81.35,-81.41,-81.54,-81.41,-81.66,-81.54,-81.57,-81.51,-81.54,-81.54,-81.44,-81.54,-81.57,-81.47,-81.57,-81.57,-81.47,-81.57,-81.63,-81.54,-81.47,-81.44,-81.44,-81.44,-81.44,-81.51,-81.51,-81.47,-81.54,-81.54,-81.54,-81.47,-81.41,-81.41,-81.54,-81.44,-81.51,-81.47,-81.63,-81.6,-81.6,-81.54,-81.6,-81.51,-81.44,-81.47,-81.6,-81.57,-81.44,-81.57,-81.51,-81.72,-81.72,-81.57,-81.57,-81.63,-81.66,-81.6,-81.69,-81.6,-81.44,-81.6,-81.54,-81.54,-81.47,-81.41,-81.44,-81.54,-81.57,-81.44,-81.44,-81.57,-81.41,-81.41,-81.44,-81.32,-81.32,-81.41,-81.44,-81.35,-81.44,-81.32,-81.32,-81.38,-81.35,-81.38,-81.32,-81.32,-81.38,-81.35,-81.26,-81.26,-81.32,-81.35,-81.41,-81.29,-81.35,-81.29,-81.32,-81.29,-81.23,-81.26,-81.1,-81.32,-81.32,-81.19,-81.32,-81.29,-81.23,-81.29,-81.32,-81.32,-81.44,-81.32,-81.29,-81.41,-81.44,-81.41,-81.32,-81.41,-81.32,-81.38,-81.29,-81.35,-81.32,-81.54,-81.38,-81.38,-81.51,-81.41,-81.51,-81.54,-81.72,-81.57,-81.54,-81.47,-81.54,-81.41,-81.63,-81.41,-81.6,-81.57,-81.63,-81.51,-81.57,-81.63,-81.54,-81.63,-81.44,-81.57,-81.47,-81.51,-81.51,-81.51,-81.57,-81.51,-81.54,-81.51,-81.44,-81.51,-81.41,-81.38,-81.51,-81.44,-81.51,-81.54,-81.6,-81.38,-81.57,-81.47,-81.41,-81.41,-81.57,-81.41,-81.44,-81.38,-81.29,-81.29,-81.35,-81.32,-81.44,-81.32,-81.29,-81.38,-81.41,-81.32,-81.47,-81.44,-81.44,-81.47,-81.54,-81.51,-81.47,-81.44,-81.47,-81.47,-81.63,-81.47,-81.44,-81.57,-81.41,-81.47,-81.47,-81.54,-81.47,-81.41,-81.47,-81.57,-81.44,-81.41,-81.44,-81.47,-81.51,-81.51,-81.51,-81.57,-81.6,-81.54,-81.57,-81.6,-81.47,-81.54,-81.51,-81.57,-81.54,-81.6,-81.51,-81.57,-81.66,-81.51,-81.54,-81.57,-81.47,-81.54,-81.63,-81.57,-81.54,-81.47,-81.63,-81.69,-81.57,-81.63,-81.66,-81.6,-81.6,-81.69,-81.69,-81.66,-81.66,-81.57,-81.6,-81.63,-81.63,-81.54,-81.57,-81.54,-81.6,-81.6,-81.57,-81.66,-81.51,-81.51,-81.6,-81.54,-81.51,-81.47,-81.44,-81.63,-81.47,-81.51,-81.63,-81.47,-81.51,-81.54,-81.44,-81.57,-81.41,-81.38,-81.47,-81.47,-81.38,-81.41,-81.41,-81.38,-81.26,-81.41,-81.32,-81.29,-81.26,-81.32,-81.32,-81.29,-81.29,-81.26,-81.26,-81.29,-81.26,-81.29,-81.16,-81.1,-81.13,-81.19,-81.19,-81.1,-81.16,-81.19,-81.26,-81.16,-81.19,-81.19,-81.1,-81.16,-81.23,-81.16,-81.26,-81.29,-81.19,-81.35,-81.19,-81.32,-81.23,-81.16,-81.23,-81.26,-81.13,-81.16,-81.13,-81.29,-81.26,-81.16,-81.04,-81.23,-81.13,-81.13,-81.1,-81.23,-81.29,-81.16,-81.19,-81.32,-81.32,-81.38,-81.35,-81.23,-81.32,-81.38,-81.32,-81.32,-81.32,-81.23,-81.35,-81.35,-81.26,-81.35,-81.29,-81.41,-81.51,-81.38,-81.38,-81.44,-81.32,-81.44,-81.38,-81.41,-81.47,-81.47,-81.57,-81.44,-81.41,-81.51,-81.38,-81.35,-81.44,-81.41,-81.44,-81.32,-81.41,-81.47,-81.38,-81.38,-81.35,-81.47,-81.32,-81.32,-81.44,-81.38,-81.51,-81.57,-81.41,-81.44,-81.51,-81.6,-81.63,-81.51,-81.51,-81.57,-81.6,-81.57,-81.54,-81.66,-81.6,-81.47,-81.63,-81.57,-81.47,-81.51,-81.38,-81.57,-81.6,-81.51,-81.54,-81.66,-81.57,-81.72,-81.6,-81.63,-81.57,-81.54,-81.6,-81.57,-81.44,-81.57,-81.44,-81.63,-81.54,-81.47,-81.6,-81.6,-81.44,-81.6,-81.57,-81.44,-81.54,-81.66,-81.54,-81.57,-81.47,-81.47,-81.57,-81.51,-81.54,-81.6,-81.57,-81.54,-81.6,-81.57,-81.6,-81.44,-81.6,-81.63,-81.6,-81.66,-81.54,-81.57,-81.57,-81.47,-81.51,-81.47,-81.51,-81.54,-81.47,-81.57,-81.6,-81.44,-81.54,-81.38,-81.41,-81.57,-81.57,-81.47,-81.6,-81.51,-81.41,-81.41,-81.44,-81.35,-81.29,-81.32,-81.54,-81.38,-81.32,-81.32,-81.41,-81.44,-81.44,-81.41,-81.47,-81.44,-81.41,-81.38,-81.38,-81.38,-81.32,-81.38,-81.38,-81.51,-81.44,-81.47,-81.54,-81.26,-81.51,-81.38,-81.41,-81.35,-81.32,-81.32,-81.32,-81.26,-81.41,-81.44,-81.41,-81.38,-81.47,-81.35,-81.44,-81.38,-81.51,-81.41,-81.41,-81.44,-81.38,-81.38,-81.44,-81.41,-81.38,-81.26,-81.41,-81.32,-81.47,-81.47,-81.41,-81.51,-81.32,-81.32,-81.38,-81.47,-81.47,-81.41,-81.57,-81.38,-81.44,-81.44,-81.41,-81.41,-81.41,-81.41,-81.47,-81.63,-81.44,-81.54,-81.57,-81.66,-81.47,-81.44,-81.47,-81.6,-81.51,-81.57,-81.6,-81.47,-81.6,-81.47,-81.51,-81.44,-81.54,-81.6,-81.41,-81.51,-81.41,-81.44,-81.41,-81.44,-81.29,-81.38,-81.35,-81.23,-81.26,-81.13,-81.35,-81.41,-81.32,-81.29,-81.29,-81.29,-81.19,-81.19,-81.32,-81.23,-81.32,-81.38,-81.26,-81.29,-81.32,-81.35,-81.23,-81.32,-81.32,-81.19,-81.38,-81.47,-81.41,-81.26,-81.26,-81.26,-81.19,-81.29,-81.23,-81.23,-81.41,-81.23,-81.32,-81.29,-81.35,-81.32,-81.29,-81.29,-81.35,-81.32,-81.41,-81.19,-81.32,-81.26,-81.32,-81.29,-81.19,-81.32,-81.29,-81.26,-81.29,-81.23,-81.35,-81.38,-81.26,-81.38,-81.35,-81.38,-81.51,-81.54,-81.41,-81.29,-81.38,-81.29,-81.35,-81.41,-81.54,-81.54,-81.47,-81.47,-81.44,-81.32,-81.41,-81.54,-81.29,-81.51,-81.41,-81.47,-81.44,-81.41,-81.26,-81.54,-81.41,-81.38,-81.44,-81.47,-81.41,-81.44,-81.41,-81.32,-81.29,-81.38,-81.38,-81.38,-81.35,-81.38,-81.29,-81.44,-81.26,-81.19,-81.23,-81.13,-81.1,-81.26,-81.19,-81.26,-81.32,-81.16,-81.26,-81.23,-81.26,-81.32,-81.19,-81.26,-81.26,-81.19,-81.23,-81.19,-81.19,-81.19,-81.16,-81.29,-81.26,-81.26,-81.26,-81.23,-81.32,-81.29,-81.1,-81.23,-81.32,-81.23,-81.29,-81.41,-81.41,-81.29,-81.38,-81.26,-81.29,-81.26,-81.32,-81.29,-81.29,-81.35,-81.29,-81.38,-81.41,-81.32,-81.32,-81.35,-81.26,-81.41,-81.35,-81.26,-81.26,-81.35,-81.32,-81.26,-81.32,-81.32,-81.29,-81.54,-81.41,-81.32,-81.38,-81.41,-81.32,-81.41,-81.38,-81.41,-81.26,-81.19,-81.32,-81.41,-81.41,-81.47,-81.38,-81.23,-81.32,-81.29,-81.23,-81.13,-81.29,-81.26,-81.32,-81.29,-81.1,-81.26,-81.35,-81.23,-81.23,-81.19,-81.26,-81.19,-81.01,-81.13,-81.19,-81.19,-81.23,-81.19,-81.19,-81.19,-81.19,-81.1,-81.1,-81.19,-81.16,-81.1,-81.1,-81.19,-81.23,-81.19,-81.26,-81.23,-81.23,-81.23,-81.13,-81.1,-81.16,-81.07,-81.1,-81.13,-81.19,-81.13,-81.19,-81.13,-81.13,-81.29,-81.32,-81.13,-81.26,-81.26,-81.19,-81.26,-81.35,-81.32,-81.29,-81.32,-81.32,-81.41,-81.32,-81.29,-81.13,-81.26,-81.23,-81.29,-81.23,-81.35,-81.41,-81.26,-81.38,-81.32,-81.29,-81.32,-81.29,-81.32,-81.29,-81.38,-81.35,-81.32,-81.38,-81.38,-81.26,-81.44,-81.38,-81.23,-81.35,-81.32,-81.44,-81.44,-81.41,-81.32,-81.41,-81.32,-81.23,-81.29,-81.44,-81.32,-81.35,-81.35,-81.29,-81.35,-81.32,-81.19,-81.38,-81.38,-81.29,-81.35,-81.23,-81.16,-81.16,-81.19,-81.19,-81.23,-81.19,-81.13,-81.32,-81.19,-81.23,-81.07,-81.26,-81.29,-81.16,-81.16,-81.13,-81.26,-81.23,-81.32,-81.23,-81.19,-81.13,-81.01,-81.13,-81.1,-81.23,-81.13,-81.26,-81.23,-81.19,-81.19,-81.16,-81.16,-81.1,-81.13,-81.26,-81.29,-81.26,-81.23,-81.19,-81.29,-81.13,-81.26,-81.13,-81.19,-81.1,-81.26,-81.13,-81.16,-81.16,-81.16,-81.1,-81.13,-81.19,-81.23,-81.1,-81.16,-81.1,-81.16,-81.19,-81.26,-81.44,-81.32,-81.23,-81.32,-81.23,-81.32,-81.29,-81.32,-81.29,-81.38,-81.19,-81.26,-81.38,-81.38,-81.29,-81.38,-81.38,-81.54,-81.26,-81.41,-81.47,-81.41,-81.44,-81.51,-81.47,-81.51,-81.44,-81.47,-81.6,-81.41,-81.29,-81.38,-81.41,-81.41,-81.35,-81.44,-81.47,-81.41,-81.35,-81.38,-81.41,-81.44,-81.41,-81.23,-81.38,-81.29,-81.29,-81.29,-81.29,-81.41,-81.38,-81.32,-81.29,-81.32,-81.29,-81.32,-81.32,-81.23,-81.26,-81.38,-81.29,-81.32,-81.26,-81.29,-81.26,-81.1,-81.26,-81.35,-81.19,-81.19,-81.29,-81.35,-81.32,-81.29,-81.32,-81.38,-81.32,-81.35,-81.32,-81.32,-81.29,-81.38,-81.44,-81.23,-81.38,-81.32,-81.29,-81.41,-81.29,-81.41,-81.41,-81.26,-81.32,-81.29,-81.32,-81.29,-81.29,-81.32,-81.26,-81.38,-81.23,-81.44,-81.29,-81.29,-81.19,-81.29,-81.38,-81.26,-81.44,-81.29,-81.29,-81.41,-81.35,-81.32,-81.26,-81.29,-81.19,-81.29,-81.26,-81.29,-81.32,-81.26,-81.23,-81.26,-81.26,-81.35,-81.29,-81.26,-81.32,-81.19,-81.26,-81.23,-81.23,-81.16,-81.13,-81.04,-81.23,-81.16,-81.1,-81.19,-81.23,-81.13,-81.16,-81.35,-81.13,-81.23,-81.19,-81.13,-81.13,-81.13,-81.07,-81.16,-81.07,-81.07,-81.13,-81.23,-81.16,-81.13,-81.16,-81.13,-81.13,-81.16,-81.16,-81.1,-81.19,-81.16,-81.01,-81.13,-80.98,-81.1,-81.29,-81.13,-81.16,-81.01,-81.04,-81.1,-81.01,-81.1,-81.13,-81.07,-81.1,-81.1,-81.1,-81.16,-81.07,-81.26,-81.13,-81.13,-81.23,-81.13,-81.1,-81.1,-81.19,-81.16,-81.23,-81.23,-81.16,-81.29,-81.1,-81.07,-81.16,-81.1,-81.19,-81.23,-81.16,-81.29,-81.29,-81.32,-81.26,-81.26,-81.23,-81.35,-81.29,-81.16,-81.32,-81.32,-81.19,-81.29,-81.29,-81.23,-81.41,-81.35,-81.29,-81.26,-81.26,-81.32,-81.32,-81.38,-81.29,-81.29,-81.32,-81.26,-81.38,-81.26,-81.23,-81.13,-81.26,-81.29,-81.19,-81.26,-81.35,-81.29,-81.26,-81.16,-81.26,-81.23,-81.26,-81.23,-81.26,-81.26,-81.23,-81.32,-81.26,-81.13,-81.16,-81.23,-81.19,-81.23,-81.19,-81.23,-81.13,-81.23,-81.23,-81.13,-81.26,-81.19,-81.23,-81.23,-81.26,-81.19,-81.29,-81.29,-81.26,-81.47,-81.23,-81.38,-81.29,-81.13,-81.23,-81.29,-81.26,-81.16,-81.19,-81.23,-81.29,-81.32,-81.23,-81.13,-81.16,-81.41,-81.16,-81.23,-81.23,-81.23,-81.32,-81.26,-81.26,-81.32,-81.35,-81.29,-81.35,-81.23,-81.23,-81.29,-81.51,-81.35,-81.32,-81.32,-81.29,-81.29,-81.29,-81.32,-81.29,-81.26,-81.35,-81.32,-81.32,-81.32,-81.23,-81.35,-81.26,-81.41,-81.54,-81.38,-81.23,-81.29,-81.19,-81.26,-81.29,-81.19,-81.26,-81.23,-81.29,-81.19,-81.19,-81.16,-81.16,-81.13,-81.19,-81.04,-81.13,-81.13,-81.19,-81.19,-81.32,-81.13,-81.1,-81.07,-81.19,-81.13,-81.04,-81.23,-81.13,-81.07,-81.23,-81.16,-81.13,-81.26,-81.1,-81.19,-81.13,-81.16,-80.98,-81.13,-81.13,-81.23,-81.29,-81.16,-81.07,-81.23,-81.13,-81.1,-81.29,-81.16,-81.1,-81.13,-81.1,-81.19,-81.26,-81.1,-81.13,-81.29,-81.19,-81.1,-81.19,-81.16,-81.16,-81.13,-81.19,-81.1,-81.07,-81.16,-81.19,-81.07,-81.19,-81.13,-81.23,-81.13,-81.16,-81.04,-81.07,-81.07,-80.95,-81.1,-81.04,-81.04,-81.01,-81.07,-81.23,-81.16,-81.23,-81.07,-81.13,-81.13,-81.01,-81.04,-81.19,-81.19,-81.23,-81.13,-81.19,-81.26,-81.1,-81.07,-81.23,-81.23,-81.19,-81.13,-81.1,-81.07,-81.19,-81.1,-81.04,-81.1,-81.07,-81.01,-81.07,-81.1,-81.16,-81.23,-81.07,-81.16,-81.1,-81.04,-81.1,-81.1,-81.13,-81.16,-81.01,-81.01,-81.16,-81.13,-80.98,-81.13,-81.1,-81.16,-81.04,-81.23,-81.16,-81.13,-81.01,-81.04,-81.07,-81.13,-81.01,-81.1,-81.19,-81.1,-81.1,-81.04,-81.16,-81.16,-81.04,-81.13,-81.19,-81.07,-81.19,-81.07,-81.16,-81.13,-81.01,-81.04,-81.13,-81.04,-81.07,-81.07,-81.13,-81.07,-81.07,-81.1,-81.1,-81.1,-81.1,-81.16,-81.1,-81.07,-81.01,-81.07,-81.04,-81.07,-81.07,-81.04,-81.07,-81.16,-81.16,-81.1,-81.16,-81.04,-81.13,-81.04,-81.13,-81.1,-81.07,-81.04,-81.13,-81.1,-81.13,-81.13,-81.13,-81.29,-81.19,-81.04,-81.1,-81.04,-81.23,-81.23,-81.13,-81.13,-81.19,-81.23,-81.19,-81.13,-81.19,-81.23,-81.1,-81.07,-81.04,-81.16,-81.16,-81.16,-81.01,-81.07,-81.13,-81.1,-81.07,-81.1,-81.04,-81.1,-80.98,-81.01,-81.16,-80.98,-80.98,-81.01,-80.82,-80.95,-80.95,-81.01,-80.79,-80.95,-81.01,-81.01,-81.1,-80.95,-80.98,-81.01,-81.07,-80.95,-81.01,-80.95,-81.04,-81.16,-80.95,-81.16,-81.07,-81.07,-81.01,-80.98,-80.98,-81.1,-80.95,-80.91,-81.04,-81.04,-80.91,-80.95,-80.91,-81.07,-80.95,-81.04,-80.88,-81.04,-81.04,-80.95,-80.98,-81.04,-81.01,-81.04,-81.04,-81.04,-81.04,-80.95,-80.95,-81.04,-80.98,-81.13,-81.04,-81.04,-81.07,-81.07,-81.07,-81.19,-81.16,-81.16,-81.19,-81.07,-81.16,-81.16,-81.23,-81.13,-81.16,-81.1,-81.1,-81.13,-81.23,-81.13,-81.16,-81.29,-81.1,-81.13,-81.07,-81.16,-81.13,-81.01,-80.98,-81.1,-81.01,-81.01,-81.07,-81.01,-81.1,-80.95,-81.1,-81.01,-80.95,-81.1,-80.98,-81.07,-81.01,-80.95,-81.04,-81.07,-81.07,-80.98,-80.95,-81.01,-81.07,-81.04,-81.04,-81.07,-80.95,-81.01,-81.1,-81.04,-81.01,-81.07,-80.98,-81.04,-81.01,-81.04,-81.04,-81.07,-81.01,-81.07,-81.01,-81.1,-81.04,-81.1,-81.07,-81.1,-81.07,-81.1,-81.07,-81.01,-81.13,-81.19,-81.23,-81.1,-81.01,-81.1,-81.13,-81.1,-81.07,-81.13,-81.07,-81.07,-81.19,-80.95,-81.07,-81.1,-81.07,-81.26,-81.13,-81.1,-81.19,-81.19,-81.16,-81.19,-81.23,-81.29,-81.13,-81.16,-81.26,-81.38,-81.32,-81.19,-81.16,-81.26,-81.26,-81.26,-81.26,-81.32,-81.26,-81.29,-81.29,-81.26,-81.1,-81.29,-81.19,-81.13,-81.07,-81.19,-81.19,-81.19,-81.16,-81.1,-81.19,-81.1,-81.07,-81.13,-81.07,-81.13,-81.01,-81.04,-81.04,-81.07,-81.07,-81.01,-80.98,-81.01,-80.85,-80.98,-80.88,-81.01,-80.82,-81.07,-81.01,-80.98,-80.98,-80.91,-81.04,-81.01,-80.91,-81.01,-81.01,-81.01,-80.98,-81.1,-80.85,-80.98,-80.95,-81.04,-80.95,-80.91,-80.98,-80.85,-80.82,-80.95,-80.95,-80.79,-81.04,-80.88,-80.91,-80.88,-80.95,-80.88,-80.98,-80.91,-80.82,-80.85,-80.91,-80.91,-80.73,-80.85,-80.85,-80.73,-80.98,-80.95,-80.88,-80.98,-80.98,-80.91,-80.82,-80.88,-81.01,-80.88,-80.82,-80.88,-81.01,-80.91,-80.98,-80.91,-80.95,-80.88,-80.95,-80.85,-80.91,-81.04,-81.04,-81.04,-80.98,-80.95,-80.91,-80.98,-80.88,-80.91,-80.88,-80.76,-80.82,-80.88,-80.79,-80.82,-80.95,-80.95,-80.76,-80.95,-80.91,-80.95,-80.79,-80.76,-80.67,-80.82,-80.76,-80.88,-80.73,-80.76,-80.85,-80.7,-80.76,-80.63,-80.6,-80.63,-80.76,-80.73,-80.73,-80.73,-80.57,-80.67,-80.7,-80.57,-80.54,-80.7,-80.6,-80.63,-80.51,-80.73,-80.7,-80.63,-80.76,-80.85,-80.88,-80.73,-80.76,-80.7,-80.7,-80.7,-80.79,-80.82,-80.88,-80.88,-80.79,-80.79,-80.85,-80.91,-80.82,-80.91,-80.73,-80.95,-80.91,-80.91,-80.88,-80.82,-80.95,-80.91,-80.91,-80.85,-80.82,-80.88,-80.95,-80.85,-80.82,-80.98,-80.98,-80.88,-80.79,-81.07,-81.04,-81.07,-81.01,-81.01,-80.95,-80.98,-80.95,-81.04,-80.98,-81.07,-80.98,-81.16,-81.13,-81.16,-81.13,-80.95,-81.01,-81.1,-81.23,-81.07,-81.23,-81.1,-81.04,-81.13,-80.98,-81.07,-80.98,-81.07,-81.04,-80.98,-81.04,-80.91,-81.04,-80.98,-81.07,-80.98,-80.91,-80.91,-80.91,-80.98,-80.91,-80.95,-80.79,-80.95,-80.91,-81.01,-80.82,-80.88,-80.88,-80.88,-81.01,-81.01,-80.82,-80.88,-80.98,-80.95,-80.95,-80.95,-80.88,-80.98,-81.07,-80.91,-81.04,-81.1,-81.07,-81.01,-81.01,-81.1,-81.13,-81.01,-81.1,-81.04,-81.16,-81.1,-81.07,-81.16,-81.1,-81.16,-81.07,-81.13,-81.04,-81.1,-81.01,-81.1,-81.07,-81.1,-81.07,-81.04,-81.07,-81.04,-81.13,-81.07,-80.98,-81.1,-80.95,-81.01,-81.04,-81.01,-81.01,-81.07,-81.16,-81.04,-81.04,-81.13,-81.1,-81.04,-81.04,-81.07,-81.1,-80.95,-81.07,-81.1,-80.91,-81.01,-80.95,-80.98,-81.13,-81.01,-81.07,-81.04,-81.01,-81.07,-81.04,-80.98,-81.01,-81.01,-81.04,-80.88,-80.95,-80.98,-80.95,-80.88,-80.98,-81.1,-80.98,-80.98,-80.91,-80.91,-80.98,-80.98,-81.13,-80.91,-80.98,-81.01,-80.98,-80.82,-80.91,-80.91,-80.95,-80.91,-81.07,-80.82,-80.82,-80.98,-80.88,-80.82,-80.95,-80.98,-81.01,-80.98,-80.91,-80.95,-80.98,-80.88,-81.01,-81.07,-81.01,-80.98,-80.95,-80.82,-80.98,-80.95,-80.98,-81.1,-80.95,-81.04,-81.04,-80.88,-81.01,-81.04,-80.82,-80.98,-81.01,-80.91,-81.04,-80.98,-81.01,-81.04,-81.1,-81.01,-81.1,-81.07,-80.95,-81.07,-80.95,-80.98,-81.01,-81.01,-81.07,-81.07,-80.88,-81.16,-80.98,-81.1,-80.98,-80.98,-81.01,-81.07,-80.88,-81.01,-81.01,-80.91,-80.98,-81.01,-80.98,-80.95,-81.07,-81.07,-80.98,-81.01,-80.95,-81.01,-81.04,-81.1,-80.95,-81.01,-80.98,-80.98,-80.82,-80.91,-80.95,-80.91,-80.95,-80.98,-80.91,-80.88,-80.91,-80.88,-80.98,-80.98,-80.88,-80.79,-80.91,-80.82,-80.85,-80.91,-80.95,-80.91,-80.82,-80.88,-80.98,-80.88,-80.95,-80.85,-80.91,-80.88,-80.95,-80.91,-80.91,-80.98,-80.95,-81.04,-80.98,-80.95,-80.95,-80.91,-80.88,-80.95,-80.98,-81.01,-81.01,-80.98,-81.04,-80.95,-81.04,-80.91,-81.1,-81.04,-81.01,-81.07,-81.13,-81.13,-81.04,-80.98,-81.07,-80.95,-81.01,-81.04,-80.98,-80.91,-80.91,-80.95,-80.98,-80.91,-81.07,-80.98,-80.98,-80.91,-80.91,-81.04,-80.98,-81.01,-80.95,-81.01,-80.91,-80.95,-80.91,-80.85,-81.01,-80.91,-80.91,-81.01,-81.07,-81.04,-81.01,-81.07,-80.98,-81.04,-81.16,-80.98,-81.23,-81.16,-81.1,-81.07,-81.16,-80.98,-81.13,-81.04,-81.1,-81.01,-81.07,-81.13,-81.07,-81.04,-81.13,-81.04,-81.01,-81.04,-81.01,-81.01,-80.91,-80.95,-81.01,-80.95,-80.91,-80.88,-80.88,-80.79,-80.82,-80.79,-80.88,-80.76,-80.95,-80.79,-80.88,-80.91,-80.88,-80.82,-80.82,-80.98,-80.98,-80.79,-80.91,-80.95,-80.91,-80.88,-80.88,-81.04,-80.82,-80.85,-80.79,-80.76,-80.82,-80.85,-80.79,-80.91,-80.82,-80.98,-80.67,-80.79,-80.98,-80.88,-80.82,-80.79,-80.85,-81.01,-80.88,-80.88,-80.88,-81.04,-80.95,-80.91,-80.91,-80.98,-80.91,-80.91,-80.95,-81.04,-80.95,-81.07,-80.95,-81.1,-81.04,-81.07,-80.98,-81.01,-81.01,-81.07,-80.95,-81.04,-81.07,-80.98,-80.98,-81.07,-81.1,-81.1,-81.16,-81.07,-81.07,-80.98,-81.07,-81.07,-81.01,-81.04,-81.1,-81.07,-80.91,-80.91,-80.79,-80.91,-80.98,-80.95,-80.88,-80.79,-80.98,-81.01,-80.98,-81.01,-80.79,-80.91,-80.88,-80.91,-80.85,-80.73,-80.7,-80.73,-80.7,-80.7,-80.91,-80.76,-80.85,-80.73,-80.76,-80.79,-80.79,-80.76,-80.79,-80.82,-80.79,-80.85,-80.88,-80.95,-80.73,-80.79,-80.95,-80.79,-80.95,-80.91,-80.82,-80.85,-80.98,-80.88,-80.88,-80.88,-80.91,-80.88,-80.98,-81.01,-80.91,-80.88,-80.82,-81.04,-80.95,-80.82,-80.91,-80.95,-80.88,-80.98,-80.91,-80.95,-80.85,-80.88,-80.82,-80.91,-80.88,-80.88,-80.88,-80.95,-80.91,-80.88,-80.76,-80.98,-80.91,-80.95,-80.98,-80.88,-80.88,-80.88,-80.88,-80.85,-81.1,-81.01,-80.95,-80.82,-80.98,-80.88,-80.95,-80.95,-80.98,-80.98,-80.95,-81.01,-81.01,-80.98,-80.88,-80.95,-80.88,-80.91,-80.82,-80.95,-80.95,-80.91,-80.91,-80.95,-80.88,-80.91,-80.85,-80.95,-80.91,-80.88,-80.98,-80.85,-81.01,-80.85,-80.95,-80.76,-80.82,-80.98,-80.79,-80.82,-81.04,-80.85,-80.91,-80.95,-80.88,-80.91,-80.95,-80.88,-80.91,-80.98,-81.07,-80.76,-80.98,-80.82,-81.04,-80.79,-80.98,-80.91,-80.98,-80.91,-80.76,-80.91,-80.91,-81.04,-81.01,-81.04,-80.95,-80.95,-81.07,-81.16,-81.1,-81.1,-80.98,-81.1,-81.01,-80.95,-81.04,-81.13,-81.1,-81.13,-81.1,-81.04,-81.04,-81.1,-81.13,-81.13,-81.19,-81.13,-81.1,-81.1,-81.19,-81.32,-81.13,-81.16,-81.13,-81.23,-81.1,-81.23,-81.26,-81.26,-81.13,-81.16,-81.1,-81.13,-81.07,-81.19,-81.19,-81.07,-81.16,-81.19,-81.07,-81.13,-81.07,-80.91,-81.07,-81.1,-81.16,-81.1,-81.07,-81.16,-80.98,-81.07,-81.07,-81.04,-80.98,-80.98,-80.88,-80.98,-81.07,-81.04,-80.91,-81.01,-81.07,-81.01,-80.91,-81.1,-80.95,-80.95,-81.01,-80.95,-81.01,-81.04,-80.95,-80.98,-81.04,-80.95,-81.04,-81.04,-80.88,-80.95,-80.91,-80.95,-81.01,-80.85,-80.95,-80.95,-80.91,-80.95,-81.01,-80.82,-81.01,-80.95,-81.01,-80.95,-80.95,-80.98,-80.98,-80.98,-80.88,-80.95,-80.91,-80.95,-80.98,-80.98,-80.82,-80.91,-80.91,-80.95,-80.82,-80.91,-81.04,-81.01,-81.04,-81.01,-80.98,-81.01,-81.04,-80.98,-81.04,-81.04,-81.04,-81.01,-81.19,-81.19,-81.16,-81.23,-81.19,-81.16,-81.1,-81.1,-81.26,-81.1,-81.19,-81.1,-81.16,-81.1,-81.16,-81.13,-81.04,-81.19,-81.23,-81.19,-81.1,-81.13,-81.07,-81.16,-81.13,-81.1,-81.07,-81.07,-81.23,-81.04,-81.16,-81.01,-81.23,-81.07,-81.23,-81.16,-81.13,-81.13,-81.1,-81.1,-81.13,-81.01,-81.19,-81.07,-81.1,-81.01,-81.07,-81.13,-81.19,-81.1,-81.13,-81.1,-81.13,-81.07,-81.13,-81.16,-81.04,-81.01,-81.1,-81.13,-81.01,-81.19,-81.01,-81.13,-81.07,-81.16,-81.13,-80.98,-81.1,-81.01,-81.04,-81.13,-81.16,-80.95,-81.07,-81.04,-81.01,-81.04,-81.1,-81.04,-81.1,-81.1,-81.07,-80.95,-80.88,-80.85,-80.98,-81.01,-81.07,-81.01,-80.98,-80.98,-80.95,-80.91,-81.13,-81.04,-81.23,-81.1,-81.01,-81.07,-81.04,-81.13,-81.1,-81.16,-80.91,-80.95,-81.19,-81.07,-81.01,-81.13,-81.19,-81.04,-81.13,-81.26,-81.07,-81.04,-81.1,-81.13,-81.1,-81.04,-81.1,-81.07,-81.1,-81.07,-81.01,-81.07,-81.04,-81.1,-81.01,-81.07,-81.04,-80.98,-81.07,-81.07,-80.98,-81.1,-81.07,-80.98,-81.04,-81.01,-80.91,-81.01,-80.95,-80.91,-80.98,-81.04,-80.98,-80.95,-80.95,-80.98,-81.01,-80.98,-81.04,-81.04,-81.07,-81.04,-81.01,-80.95,-81.07,-81.07,-81.04,-81.01,-81.04,-81.07,-81.07,-81.07,-80.95,-80.91,-81.01,-80.91,-80.91,-80.98,-81.07,-80.98,-80.98,-80.85,-80.95,-80.82,-80.91,-81.01,-80.98,-80.95,-80.98,-81.16,-80.98,-80.98,-80.82,-81.01,-80.95,-81.04,-80.88,-80.98,-81.01,-80.82,-80.98,-80.88,-80.95,-80.91,-80.85,-80.91,-80.95,-81.01,-80.91,-81.01,-81.01,-80.91,-80.98,-80.91,-80.91,-80.82,-80.98,-80.98,-80.95,-80.98,-81.07,-80.95,-80.98,-80.98,-80.95,-80.98,-80.95,-81.01,-80.85,-80.98,-80.98,-81.01,-80.91,-80.88,-80.82,-80.82,-80.91,-80.76,-80.91,-80.85,-80.98,-80.85,-80.79,-80.82,-80.76,-80.76,-80.88,-80.88,-80.85,-80.88,-80.73,-80.85,-80.82,-80.91,-80.91,-80.76,-80.82,-80.98,-80.82,-80.7,-80.82,-80.82,-81.01,-80.88,-80.95,-80.95,-80.98,-80.82,-80.79,-80.82,-80.88,-80.76,-80.95,-80.91,-80.79,-80.95,-81.04,-80.82,-80.98,-80.91,-80.82,-80.88,-81.07,-81.1,-80.98,-80.82,-80.88,-80.95,-80.95,-81.01,-81.04,-81.07,-81.01,-80.95,-80.98,-81.04,-81.04,-81.01,-81.07,-81.1,-80.95,-81.01,-80.95,-81.04,-81.01,-81.23,-81.13,-81.13,-80.95,-81.01,-80.91,-81.13,-80.91,-80.95,-81.1,-81.04,-81.1,-81.07,-81.04,-81.07,-81.01,-80.98,-81.1,-81.01,-81.16,-81.16,-81.07,-81.1,-80.95,-81.07,-81.01,-81.01,-80.98,-80.85,-80.95,-81.01,-80.95,-80.98,-80.88,-80.98,-80.95,-81.01,-80.95,-80.91,-80.88,-81.04,-80.85,-80.98,-80.79,-80.95,-80.85,-80.7,-80.82,-80.91,-80.95,-81.01,-80.91,-80.76,-80.91,-80.91,-80.79,-80.95,-80.76,-80.82,-80.91,-80.76,-81.01,-80.88,-80.82,-81.04,-80.85,-80.88,-80.82,-80.91,-80.88,-80.82,-80.82,-80.98,-80.82,-80.82,-80.85,-80.98,-80.95,-80.82,-80.85,-80.91,-80.95,-81.01,-80.91,-80.91,-80.88,-80.91,-80.82,-80.95,-80.91,-80.98,-80.76,-80.95,-80.88,-80.85,-80.91,-80.82,-80.91,-80.95,-80.95,-80.88,-80.98,-81.04,-80.88,-81.01,-81.1,-81.1,-81.1,-80.98,-80.91,-81.01,-80.85,-80.98,-80.98,-80.79,-81.16,-81.04,-81.01,-81.13,-81.04,-80.98,-81.07,-80.98,-81.1,-80.82,-80.91,-80.95,-81.01,-80.95,-80.91,-80.95,-80.95,-80.79,-80.88,-80.98,-80.82,-80.82,-80.88,-80.79,-80.98,-80.91,-80.88,-80.91,-80.76,-80.95,-80.82,-80.91,-80.76,-80.79,-80.91,-80.95,-80.91,-80.88,-80.98,-80.82,-80.95,-80.79,-80.82,-80.76,-80.85,-80.95,-80.85,-80.82,-80.82,-80.79,-80.95,-80.91,-80.85,-80.88,-81.01,-81.04,-80.79,-81.07,-80.91,-80.98,-80.88,-80.88,-80.95,-81.01,-80.88,-80.91,-80.91,-81.01,-81.07,-80.98,-80.88,-80.82,-80.95,-81.01,-80.95,-81.01,-80.98,-80.82,-81.01,-80.95,-81.04,-80.98,-80.95,-81.01,-81.07,-80.98,-81.04,-81.04,-80.98,-80.98,-80.95,-80.95,-81.01,-80.91,-80.88,-80.95,-80.85,-81.04,-80.98,-81.07,-80.95,-80.95,-80.85,-80.95,-80.88,-80.73,-80.76,-80.88,-80.79,-80.76,-80.76,-80.79,-80.79,-80.82,-80.76,-80.95,-80.88,-80.82,-80.91,-80.73,-80.95,-80.76,-80.73,-80.76,-80.6,-80.63,-80.73,-80.73,-80.76,-80.73,-80.73,-80.73,-80.73,-80.7,-80.82,-80.73,-80.7,-80.7,-80.88,-80.73,-80.79,-80.85,-80.67,-80.73,-80.91,-80.79,-80.63,-80.76,-80.79,-80.73,-80.79,-80.67,-80.67,-80.7,-80.73,-80.82,-80.73,-80.76,-80.88,-80.79,-80.76,-80.67,-80.91,-80.7,-80.67,-80.73,-80.7,-80.85,-80.76,-80.73,-80.82,-80.79,-80.82,-80.82,-80.82,-80.82,-80.67,-80.91,-80.76,-80.7,-80.82,-80.73,-80.79,-80.79,-80.82,-80.73,-80.79,-80.73,-80.91,-80.79,-80.76,-80.76,-80.82,-80.82,-80.82,-80.85,-80.82,-80.91,-80.91,-80.79,-80.98,-80.85,-80.85,-80.85,-80.76,-80.76,-80.76,-80.91,-80.95,-80.76,-80.79,-80.6,-80.73,-80.73,-80.7,-80.7,-80.76,-80.6,-80.76,-80.73,-80.76,-80.73,-80.67,-80.73,-79.17,-77.37,-75.94,-74.64,-73.49,-72.15,-71.09,-70.28,-69.29,-68.33,-67.49,-66.71,-65.87,-65.19,-64.5,-63.79,-63.1,-62.61,-61.89,-61.33,-60.77,-60.21,-59.71,-59.19,-58.69,-58.32,-57.69,-57.2,-56.64,-56.23,-55.74,-55.42,-55.08,-54.65,-54.21,-53.78,-53.31,-52.94,-52.47,-51.94,-51.66,-51.17,-50.61,-49.92,-49.15,-48.09,-45.04,29.75,23.13,-19.09,-47.25,-58.07,-60.65,-61.02,-60.65,-60.09,-59.37,-58.75,-58.19,-57.76,-57.48,-57.04,-56.57,-56.45,-56.36,-56.08,-55.8,-55.74,-55.55,-55.27,-55.27,-55.02,-54.9,-54.71,-54.43,-54.4,-54.21,-54.03,-53.81,-53.84,-53.47,-53.25,-53.37,-53.34,-53.28,-53.06,-53.0,-53.09,-53.03,-52.88,-52.6,-52.35,-52.22,-52.01,-51.85,-51.48,-51.57,-51.38,-51.29,-51.04,-50.89,-50.86,-50.64,-50.36,-50.26,-50.11,-50.05,-49.8,-49.52,-49.49,-49.33,-49.39,-49.27,-49.21,-49.18,-48.96,-48.99,-48.96,-48.77,-48.68,-48.65,-48.83,-48.83,-48.62,-48.62,-48.68,-48.43,-48.4,-48.24,-48.31,-48.21,-48.0,-48.15,-48.03,-47.9,-47.96,-47.84,-47.65,-47.68,-47.78,-47.93,-47.75,-47.9,-48.0,-47.93,-48.12,-47.87,-48.18,-47.87,-47.96,-48.12,-47.93,-47.93,-47.93,-48.06,-48.06,-48.24,-48.18,-48.34,-48.4,-48.37,-48.18,-48.28,-48.24,-48.31,-48.46,-48.37,-48.31,-48.31,-48.49,-48.65,-48.46,-48.62,-48.56,-48.65,-48.71,-48.65,-48.68,-48.87,-48.8,-48.87,-48.9,-48.93,-49.36,-49.08,-49.24,-49.3,-49.36,-49.46,-49.3,-49.36,-49.36,-49.67,-49.61,-49.71,-49.71,-50.08,-50.11,-50.17,-50.11,-50.36,-50.48,-50.67,-50.48,-50.36,-50.64,-50.58,-50.73,-50.76,-50.67,-50.54,-50.58,-50.54,-50.61,-50.64,-50.7,-50.82,-50.82,-50.98,-51.07,-50.92,-51.04,-51.29,-51.35,-51.17,-51.2,-51.41,-51.45,-51.41,-51.48,-51.54,-51.6,-51.6,-51.57,-51.6,-51.69,-51.73,-51.69,-51.73,-51.66,-51.69,-51.76,-51.69,-51.73,-51.79,-51.82,-51.97,-51.91,-51.94,-51.85,-52.07,-52.13,-52.07,-52.19,-52.35,-52.32,-52.32,-52.41,-52.66,-52.6,-52.72,-52.56,-52.6,-52.63,-52.75,-52.84,-52.81,-52.97,-52.97,-53.12,-53.12,-53.09,-53.19,-53.12,-53.16,-53.16,-53.22,-53.12,-53.25,-53.12,-53.34,-53.4,-53.37,-53.37,-53.44,-53.4,-53.25,-53.25,-53.53,-53.5,-53.56,-53.56,-53.72,-53.65,-53.75,-53.87,-53.75,-53.78,-53.68,-53.75,-53.75,-53.65,-53.62,-53.75,-53.75,-53.81,-53.62,-53.68,-53.68,-53.65,-53.68,-53.75,-53.9,-53.84,-53.81,-54.12,-53.96,-54.06,-54.18,-54.12,-54.18,-54.18,-54.21,-54.27,-54.43,-54.4,-54.4,-54.65,-54.55,-54.59,-54.65,-54.77,-54.77,-54.77,-54.83,-54.9,-55.05,-55.11,-55.08,-54.99,-55.11,-55.08,-55.15,-55.18,-55.3,-55.18,-55.3,-55.39,-55.33,-55.36,-55.33,-55.42,-55.33,-55.36,-55.46,-55.61,-55.46,-55.61,-55.61,-55.7,-55.64,-55.61,-55.61,-55.74,-55.67,-55.92,-55.8,-55.86,-55.83,-55.86,-55.8,-55.92,-55.92,-55.92,-56.08,-55.86,-56.11,-56.11,-56.11,-56.14,-56.2,-56.14,-56.2,-56.2,-56.14,-56.26,-56.26,-56.2,-56.23,-56.14,-56.17,-56.26,-56.14,-56.36,-56.36,-56.17,-56.23,-56.2,-56.39,-56.33,-56.33,-56.64,-56.54,-56.39,-56.42,-56.39,-56.54,-56.48,-56.42,-56.39,-56.54,-56.54,-56.57,-56.51,-56.57,-56.57,-56.61,-56.57,-56.64,-56.48,-56.51,-56.64,-56.39,-56.64,-56.64,-56.57,-56.7,-56.57,-56.57,-56.61,-56.61,-56.73,-56.51,-56.61,-56.67,-56.67,-56.76,-56.79,-56.85,-56.85,-56.89,-57.1,-57.04,-57.04,-57.07,-57.1,-57.17,-57.2,-57.2,-57.1,-57.13,-57.2,-57.04,-57.1,-57.17,-57.07,-57.2,-57.29,-57.29,-57.45,-57.29,-57.41,-57.41,-57.6,-57.29,-57.32,-57.51,-57.41,-57.51,-57.54,-57.66,-57.6,-57.63,-57.48,-57.57,-57.51,-57.54,-57.57,-57.54,-57.6,-57.63,-57.63,-57.73,-57.69,-57.6,-57.66,-57.69,-57.69,-57.63,-57.76,-57.69,-57.69,-57.66,-57.63,-57.66,-57.63,-57.45,-57.54,-57.54,-57.57,-57.51,-57.6,-57.51,-57.35,-57.51,-57.57,-57.41,-57.54,-57.45,-57.45,-57.54,-57.63,-57.6,-57.79,-57.73,-57.69,-57.66,-57.51,-57.69,-57.69,-57.66,-57.63,-57.82,-57.76,-57.69,-57.73,-57.66,-57.63,-57.76,-57.76,-57.76,-57.69,-57.76,-57.82,-57.79,-57.76,-57.85,-57.88,-57.91,-57.94,-57.79,-57.85,-57.88,-57.88,-57.91,-58.04,-57.91,-58.04,-58.1,-57.97,-58.07,-58.13,-58.16,-58.1,-58.1,-58.16,-58.1,-58.16,-58.13,-58.28,-58.22,-58.28,-58.22,-58.44,-58.32,-58.47,-58.6,-58.56,-58.6,-58.5,-58.6,-58.6,-58.5,-58.53,-58.75,-58.66,-58.75,-58.69,-58.75,-58.81,-58.69,-58.81,-59.03,-58.91,-58.81,-58.94,-58.94,-58.91,-59.03,-58.88,-58.81,-59.0,-59.0,-58.97,-59.06,-59.09,-58.97,-59.16,-59.03,-59.06,-59.06,-59.09,-59.22,-59.0,-59.06,-59.16,-59.09,-59.22,-59.12,-59.22,-59.09,-59.16,-59.34,-59.16,-59.25,-59.16,-59.22,-59.31,-59.28,-59.31,-59.37,-59.4,-59.37,-59.37,-59.37,-59.31,-59.4,-59.4,-59.43,-59.53,-59.43,-59.47,-59.47,-59.53,-59.56,-59.65,-59.62,-59.53,-59.43,-59.43,-59.59,-59.56,-59.59,-59.56,-59.53,-59.47,-59.56,-59.5,-59.43,-59.43,-59.56,-59.56,-59.56,-59.65,-59.47,-59.4,-59.43,-59.53,-59.53,-59.59,-59.56,-59.53,-59.56,-59.56,-59.65,-59.56,-59.62,-59.59,-59.5,-59.53,-59.56,-59.65,-59.4,-59.5,-59.62,-59.5,-59.71,-59.59,-59.59,-59.59,-59.71,-59.59,-59.71,-59.68,-59.62,-59.65,-59.62,-59.56,-59.71,-59.53,-59.56,-59.62,-59.62,-59.56,-59.53,-59.53,-59.56,-59.53,-59.4,-59.43,-59.5,-59.5,-59.53,-59.53,-59.53,-59.56,-59.43,-59.34,-59.34,-59.4,-59.37,-59.5,-59.4,-59.34,-59.47,-59.34,-59.43,-59.4,-59.4,-59.5,-59.43,-59.56,-59.43,-59.59,-59.53,-59.4,-59.47,-59.53,-59.5,-59.37,-59.56,-59.56,-59.47,-59.5,-59.56,-59.62,-59.53,-59.65,-59.59,-59.65,-59.68,-59.68,-59.75,-59.71,-59.65,-59.68,-59.65,-59.78,-59.71,-59.71,-59.71,-59.71,-59.62,-59.75,-59.71,-59.81,-59.81,-59.93,-59.81,-59.84,-59.84,-59.99,-59.84,-59.9,-59.81,-59.84,-59.84,-59.93,-59.84,-60.03,-60.03,-59.96,-59.9,-59.87,-59.99,-60.06,-60.06,-59.81,-59.87,-59.99,-59.96,-59.87,-59.99,-60.06,-59.96,-59.99,-60.09,-60.09,-60.06,-60.03,-60.12,-60.09,-60.03,-60.12,-60.15,-60.15,-60.18,-60.06,-60.12,-60.09,-60.09,-60.18,-60.06,-60.31,-60.18,-60.24,-60.15,-60.24,-60.15,-60.24,-60.15,-60.27,-60.31,-60.18,-60.18,-60.4,-60.4,-60.27,-60.31,-60.34,-60.31,-60.21,-60.24,-60.24,-60.31,-60.43,-60.4,-60.34,-60.4,-60.34,-60.37,-60.21,-60.37,-60.4,-60.49,-60.46,-60.31,-60.4,-60.37,-60.37,-60.34,-60.4,-60.31,-60.34,-60.4,-60.31,-60.27,-60.37,-60.37,-60.46,-60.34,-60.37,-60.43,-60.4,-60.52,-60.46,-60.58,-60.49,-60.49,-60.52,-60.46,-60.37,-60.52,-60.55,-60.55,-60.46,-60.37,-60.34,-60.49,-60.4,-60.43,-60.62,-60.52,-60.52,-60.62,-60.43,-60.65,-60.55,-60.62,-60.68,-60.62,-60.55,-60.55,-60.55,-60.62,-60.58,-60.52,-60.49,-60.43,-60.55,-60.58,-60.65,-60.49,-60.43,-60.55,-60.49,-60.55,-60.65,-60.52,-60.4,-60.4,-60.49,-60.55,-60.55,-60.43,-60.37,-60.49,-60.4,-60.58,-60.37,-60.62,-60.49,-60.46,-60.58,-60.43,-60.52,-60.43,-60.65,-60.68,-60.58,-60.55,-60.49,-60.55,-60.55,-60.52,-60.49,-60.52,-60.49,-60.68,-60.62,-60.71,-60.68,-60.65,-60.68,-60.71,-60.65,-60.65,-60.68,-60.65,-60.68,-60.68,-60.62,-60.68,-60.68,-60.68,-60.77,-60.68,-60.74,-60.74,-60.62,-60.9,-60.74,-60.8,-60.83,-60.83,-60.71,-60.93,-60.83,-60.93,-60.9,-60.99,-60.8,-60.8,-60.8,-60.77,-60.8,-60.77,-60.9,-60.77,-60.9,-61.02,-60.9,-60.96,-60.99,-61.02,-60.86,-61.18,-61.18,-61.02,-61.02,-61.18,-61.18,-61.08,-61.08,-61.11,-61.05,-61.08,-61.11,-60.99,-61.11,-61.02,-60.99,-61.02,-61.05,-61.11,-60.8,-60.9,-60.86,-60.83,-60.9,-60.93,-60.77,-60.99,-60.77,-60.77,-60.77,-60.77,-60.65,-60.83,-60.71,-60.8,-60.74,-60.83,-60.77,-60.77,-60.8,-60.58,-60.8,-60.68,-60.77,-60.77,-60.74,-60.74,-60.74,-60.71,-60.62,-60.68,-60.77,-60.68,-60.74,-60.65,-60.62,-60.8,-60.74,-60.86,-60.68,-60.68,-60.83,-60.83,-60.74,-60.8,-60.8,-60.83,-60.77,-60.86,-60.77,-60.83,-60.8,-60.96,-60.83,-60.9,-60.83,-60.9,-60.96,-60.96,-60.9,-60.93,-60.93,-60.86,-61.02,-60.93,-60.99,-60.96,-60.83,-60.9,-60.99,-61.08,-60.96,-61.11,-61.08,-61.02,-61.08,-61.08,-61.14,-61.18,-61.27,-61.24,-61.24,-61.42,-61.3,-61.24,-61.39,-61.36,-61.36,-61.27,-61.3,-61.33,-61.33,-61.42,-61.36,-61.36,-61.3,-61.42,-61.39,-61.39,-61.36,-61.42,-61.46,-61.42,-61.55,-61.58,-61.52,-61.27,-61.39,-61.49,-61.42,-61.49,-61.55,-61.49,-61.49,-61.55,-61.49,-61.42,-61.39,-61.33,-61.49,-61.55,-61.42,-61.52,-61.58,-61.52,-61.7,-61.52,-61.58,-61.61,-61.61,-61.58,-61.74,-61.52,-61.64,-61.61,-61.58,-61.58,-61.67,-61.61,-61.58,-61.58,-61.58,-61.64,-61.67,-61.7,-61.67,-61.55,-61.61,-61.7,-61.67,-61.49,-61.7,-61.64,-61.64,-61.61,-61.64,-61.61,-61.74,-61.67,-61.64,-61.55,-61.49,-61.74,-61.74,-61.7,-61.8,-61.7,-61.8,-61.83,-61.77,-61.8,-61.55,-61.77,-61.64,-61.74,-61.74,-61.64,-61.74,-61.8,-61.77,-61.86,-61.77,-61.92,-61.77,-61.95,-61.8,-61.83,-61.83,-61.83,-61.98,-61.8,-61.77,-61.86,-61.77,-61.77,-61.83,-61.83,-61.83,-61.83,-61.83,-61.92,-61.7,-61.74,-61.86,-61.77,-61.89,-61.83,-61.8,-61.86,-61.77,-61.8,-61.74,-61.8,-61.92,-61.83,-61.89,-61.77,-61.83,-61.86,-61.86,-62.05,-61.86,-61.77,-61.74,-61.8,-61.86,-61.83,-61.8,-61.83,-61.92,-61.86,-61.83,-61.89,-61.83,-61.77,-61.83,-61.8,-61.95,-61.86,-61.86,-61.86,-61.92,-61.98,-61.86,-61.83,-61.83,-61.92,-61.86,-61.89,-61.83,-61.95,-61.77,-61.95,-61.86,-61.89,-61.77,-61.95,-61.98,-61.98,-61.92,-61.92,-61.83,-61.8,-61.89,-61.86,-61.77,-61.83,-61.98,-61.92,-61.77,-62.01,-61.98,-61.83,-61.89,-61.95,-62.01,-61.89,-62.05,-61.89,-61.92,-62.01,-62.05,-62.08,-61.92,-61.86,-61.95,-62.01,-61.89,-61.83,-62.01,-62.08,-61.98,-61.98,-61.92,-61.86,-62.08,-61.92,-61.77,-61.86,-61.89,-61.77,-61.86,-61.95,-61.86,-61.89,-61.83,-61.7,-61.7,-61.67,-61.7,-61.8,-61.7,-61.83,-61.74,-61.7,-61.74,-61.8,-61.74,-61.67,-61.8,-61.7,-61.67,-61.74,-61.83,-61.74,-61.67,-61.64,-61.67,-61.74,-61.83,-61.83,-61.77,-61.7,-61.8,-61.83,-61.83,-61.74,-61.83,-61.83,-62.11,-61.95,-61.92,-62.05,-61.86,-61.89,-61.8,-61.83,-61.98,-61.86,-61.83,-61.83,-61.89,-62.01,-61.89,-61.98,-61.83,-61.86,-61.89,-61.86,-61.92,-62.01,-61.86,-62.01,-61.98,-61.92,-61.77,-61.95,-61.95,-61.98,-61.92,-61.95,-61.95,-62.01,-61.98,-61.86,-62.11,-62.05,-62.11,-61.92,-62.11,-62.11,-61.98,-62.05,-62.01,-62.14,-62.05,-62.17,-61.98,-62.11,-62.17,-62.17,-62.01,-62.08,-62.05,-62.08,-62.08,-61.89,-62.01,-62.05,-61.98,-62.14,-62.01,-62.08,-62.11,-62.08,-62.08,-62.01,-62.05,-61.95,-62.14,-62.05,-61.92,-62.01,-62.05,-62.01,-62.11,-62.01,-62.17,-62.01,-62.11,-62.11,-62.14,-62.08,-62.08,-61.95,-62.17,-62.05,-62.2,-61.95,-62.05,-62.05,-62.14,-62.05,-62.01,-62.14,-62.11,-62.05,-62.2,-62.01,-62.08,-62.11,-62.29,-62.14,-62.14,-62.11,-62.2,-62.14,-62.14,-61.92,-62.17,-62.14,-62.08,-62.14,-62.08,-62.05,-62.08,-61.98,-62.01,-61.95,-62.01,-62.2,-62.08,-62.11,-62.08,-62.14,-62.08,-62.17,-62.23,-62.01,-62.14,-62.01,-62.08,-62.11,-62.11,-62.14,-62.11,-62.08,-62.2,-62.11,-62.11,-62.05,-62.08,-62.14,-62.17,-62.08,-62.17,-62.26,-62.17,-62.05,-62.05,-62.17,-62.01,-62.01,-62.11,-61.98,-62.2,-62.01,-62.05,-61.98,-62.11,-62.05,-62.01,-62.08,-62.14,-62.14,-62.01,-62.01,-62.08,-62.11,-62.01,-62.05,-62.14,-62.11,-62.01,-62.23,-62.11,-61.98,-62.01,-62.11,-62.11,-62.05,-62.14,-62.08,-61.98,-62.05,-62.01,-62.08,-62.08,-61.98,-61.92,-62.11,-62.08,-61.98,-62.11,-62.14,-62.11,-62.2,-62.08,-62.11,-62.17,-62.23,-62.14,-62.23,-62.11,-62.14,-62.23,-62.29,-62.2,-62.14,-62.2,-62.33,-62.2,-62.33,-62.23,-62.26,-62.23,-62.17,-62.29,-62.33,-62.26,-62.23,-62.29,-62.23,-62.29,-62.29,-62.33,-62.23,-62.33,-62.36,-62.26,-62.36,-62.36,-62.23,-62.36,-62.39,-62.39,-62.42,-62.29,-62.42,-62.45,-62.45,-62.48,-62.42,-62.42,-62.48,-62.45,-62.45,-62.39,-62.45,-62.42,-62.51,-62.39,-62.54,-62.45,-62.39,-62.42,-62.51,-62.42,-62.42,-62.42,-62.48,-62.39,-62.45,-62.36,-62.36,-62.45,-62.42,-62.42,-62.29,-62.33,-62.26,-62.17,-62.29,-62.23,-62.36,-62.39,-62.2,-62.42,-62.39,-62.33,-62.42,-62.42,-62.33,-62.36,-62.48,-62.39,-62.29,-62.29,-62.29
Sweep_1,-90.0,-63.76,-63.72,-63.72,-63.76,-63.66,-63.69,-63.72,-63.72,-63.72,-63.82,-63.72,-63.72,-63.72,-63.79,-63.63,-63.66,-63.51,-63.57,-63.6,-63.72,-63.6,-63.57,-63.57,-63.69,-63.63,-63.63,-63.66,-63.63,-63.72,-63.66,-63.66,-63.66,-63.6,-63.63,-63.57,-63.69,-63.51,-63.66,-63.6,-63.76,-63.76,-63.54,-63.6,-63.69,-63.63,-63.69,-63.69,-63.63,-63.6,-63.69,-63.69,-63.63,-63.72,-63.72,-63.63,-63.66,-63.69,-63.6,-63.72,-63.63,-63.6,-63.6,-63.6,-63.6,-63.57,-63.63,-63.63,-63.57,-63.48,-63.57,-63.6,-63.6,-63.6,-63.79,-63.69,-63.72,-63.69,-63.72,-63.79,-63.63,-63.76,-63.6,-63.66,-63.66,-63.66,-63.6,-63.6,-63.66,-63.69,-63.63,-63.79,-63.76,-63.76,-63.72,-63.66,-63.66,-63.69,-63.6,-63.54,-63.57,-63.63,-63.6,-63.6,-63.69,-63.6,-63.63,-63.54,-63.57,-63.63,-63.54,-63.48,-63.41,-63.51,-63.51,-63.51,-63.44,-63.48,-63.51,-63.48,-63.41,-63.51,-63.54,-63.41,-63.38,-63.51,-63.48,-63.48,-63.48,-63.63,-63.41,-63.51,-63.41,-63.48,-63.44,-63.48,-63.54,-63.51,-63.54,-63.48,-63.54,-63.66,-63.63,-63.41,-63.48,-63.35,-63.54,-63.6,-63.51,-63.48,-63.57,-63.63,-63.51,-63.6,-63.44,-63.54,-63.38,-63.38,-63.51,-63.54,-63.44,-63.48,-63.54,-63.41,-63.54,-63.35,-63.54,-63.48,-63.51,-63.6,-63.51,-63.44,-63.44,-63.54,-63.41,-63.41,-63.48,-63.54,-63.48,-63.57,-63.57,-63.69,-63.57,-63.57,-63.48,-63.6,-63.57,-63.69,-63.57,-63.54,-63.6,-63.66,-63.57,-63.6,-63.66,-63.57,-63.6,-63.66,-63.63,-63.6,-63.66,-63.6,-63.66,-63.48,-63.57,-63.51,-63.57,-63.54,-63.54,-63.57,-63.57,-63.41,-63.41,-63.48,-63.48,-63.48,-63.38,-63.51,-63.51,-63.41,-63.48,-63.54,-63.41,-63.48,-63.6,-63.63,-63.54,-63.44,-63.51,-63.69,-63.54,-63.57,-63.57,-63.6,-63.57,-63.69,-63.63,-63.57,-63.6,-63.63,-63.82,-63.79,-63.82,-63.51,-63.66,-63.63,-63.6,-63.72,-63.6,-63.6,-63.57,-63.63,-63.63,-63.6,-63.72,-63.6,-63.76,-63.51,-63.66,-63.51,-63.76,-63.66,-63.63,-63.6,-63.6,-63.63,-63.72,-63.66,-63.6,-63.69,-63.69,-63.82,-63.72,-63.6,-63.82,-63.79,-63.72,-63.63,-63.66,-63.79,-63.63,-63.6,-63.6,-63.63,-63.63,-63.66,-63.76,-63.72,-63.63,-63.66,-63.69,-63.69,-63.79,-63.69,-63.82,-63.66,-63.69,-63.69,-63.63,-63.66,-63.66,-63.66,-63.54,-63.72,-63.72,-63.69,-63.54,-63.6,-63.66,-63.66,-63.41,-63.66,-63.69,-63.63,-63.54,-63.6,-63.51,-63.54,-63.66,-63.51,-63.57,-63.57,-63.54,-63.54,-63.6,-63.72,-63.63,-63.48,-63.51,-63.54,-63.54,-63.41,-63.6,-63.66,-63.57,-63.54,-63.57,-63.48,-63.57,-63.44,-63.44,-63.66,-63.41,-63.57,-63.54,-63.57,-63.48,-63.41,-63.41,-63.41,-63.57,-63.41,-63.35,-63.41,-63.54,-63.48,-63.6,-63.44,-63.48,-63.48,-63.48,-63.38,-63.48,-63.48,-63.51,-63.51,-63.57,-63.51,-63.41,-63.38,-63.51,-63.44,-63.57,-63.48,-63.63,-63.57,-63.41,-64.72,-66.24,-67.45,-68.54,-69.66,-70.72,-71.62,-72.65,-73.58,-74.36,-75.16,-76.16,-76.78,-77.62,-78.46,-79.2,-79.98,-80.73,-81.47,-82.13,-82.78,-83.31,-84.09,-84.74,-85.42,-85.95,-86.67,-87.19,-87.78,-88.47,-88.93,-89.59,-90.05,-90.55,-91.02,-91.58,-92.2,-92.57,-93.13,-93.54,-94.03,-94.5,-95.0,-95.52,-95.8,-96.21,-96.64,-97.05,-97.48,-97.95,-98.38,-98.79,-99.04,-99.44,-99.69,-100.13,-100.47,-100.68,-101.03,-101.18,-101.56,-101.9,-102.15,-102.39,-102.61,-102.92,-103.2,-103.42,-103.61,-103.79,-104.04,-104.29,-104.45,-104.45,-104.79,-104.94,-105.19,-105.25,-105.47,-105.47,-105.72,-105.75,-105.88,-106.06,-106.03,-106.16,-106.25,-106.37,-106.47,-106.47,-106.59,-106.62,-106.81,-106.72,-106.72,-106.78,-106.81,-106.56,-106.68,-106.84,-106.78,-106.68,-106.78,-106.65,-106.78,-106.68,-106.62,-106.56,-106.4,-106.5,-106.4,-106.16,-106.25,-106.06,-106.09,-106.03,-105.88,-105.78,-105.69,-105.44,-105.47,-105.19,-105.1,-104.94,-104.88,-104.79,-104.69,-104.51,-104.26,-104.23,-104.01,-104.01,-103.86,-103.67,-103.51,-103.39,-103.2,-102.99,-102.83,-102.58,-102.49,-102.36,-102.39,-102.02,-101.8,-101.71,-101.59,-101.34,-101.31,-101.03,-100.93,-100.84,-100.68,-100.56,-100.25,-100.09,-99.88,-99.78,-99.63,-99.35,-99.32,-99.01,-98.94,-98.85,-98.63,-98.54,-98.35,-98.07,-97.92,-97.73,-97.7,-97.55,-97.36,-97.08,-97.08,-96.74,-96.8,-96.58,-96.46,-96.27,-96.15,-95.99,-95.84,-95.87,-95.52,-95.52,-95.37,-95.18,-95.0,-94.87,-94.72,-94.72,-94.59,-94.41,-94.28,-94.19,-93.97,-93.88,-93.88,-93.75,-93.66,-93.35,-93.29,-93.22,-93.07,-93.07,-92.85,-92.66,-92.48,-92.39,-92.42,-92.17,-92.04,-91.89,-91.83,-91.73,-91.61,-91.64,-91.48,-91.36,-91.23,-91.05,-91.02,-90.83,-90.74,-90.71,-90.58,-90.4,-90.46,-90.21,-90.02,-90.08,-89.99,-89.93,-89.81,-89.53,-89.49,-89.43,-89.34,-89.25,-89.21,-89.0,-88.97,-88.93,-88.97,-88.69,-88.78,-88.72,-88.5,-88.5,-88.44,-88.28,-88.28,-88.19,-88.25,-88.22,-87.97,-87.94,-87.94,-87.66,-87.75,-87.69,-87.5,-87.47,-87.44,-87.47,-87.44,-87.26,-87.16,-87.16,-87.1,-86.98,-86.95,-86.85,-86.85,-86.73,-86.63,-86.6,-86.67,-86.51,-86.51,-86.45,-86.29,-86.42,-86.29,-86.11,-86.14,-85.98,-85.95,-85.95,-85.95,-85.95,-85.8,-85.8,-85.83,-85.8,-85.64,-85.55,-85.7,-85.61,-85.45,-85.45,-85.36,-85.24,-85.2,-85.3,-85.3,-85.24,-85.2,-85.08,-85.05,-84.99,-84.96,-85.02,-84.92,-84.89,-84.8,-84.77,-84.8,-84.74,-84.71,-84.71,-84.61,-84.61,-84.58,-84.55,-84.46,-84.46,-84.3,-84.37,-84.24,-84.46,-84.33,-84.18,-84.12,-83.99,-84.09,-84.09,-84.02,-83.96,-83.87,-83.84,-83.9,-83.87,-83.77,-83.71,-83.77,-83.71,-83.68,-83.62,-83.62,-83.68,-83.56,-83.59,-83.59,-83.53,-83.59,-83.56,-83.49,-83.4,-83.49,-83.31,-83.37,-83.31,-83.34,-83.34,-83.28,-83.21,-83.28,-83.12,-83.15,-83.15,-83.09,-83.15,-83.06,-83.15,-83.09,-83.06,-82.97,-83.0,-83.09,-83.03,-83.0,-83.03,-82.97,-83.0,-82.81,-82.81,-82.9,-82.9,-82.87,-82.87,-82.72,-82.69,-82.78,-82.72,-82.75,-82.62,-82.72,-82.62,-82.59,-82.59,-82.59,-82.59,-82.53,-82.66,-82.72,-82.69,-82.66,-82.56,-82.5,-82.53,-82.56,-82.5,-82.34,-82.38,-82.5,-82.41,-82.44,-82.25,-82.34,-82.16,-82.22,-82.19,-82.19,-82.03,-82.1,-82.06,-82.16,-82.06,-82.1,-82.06,-82.03,-82.03,-81.91,-81.97,-81.79,-81.79,-81.85,-81.91,-81.82,-81.79,-81.94,-81.75,-81.79,-81.72,-81.6,-81.75,-81.66,-81.63,-81.69,-81.82,-81.79,-81.63,-81.63,-81.63,-81.66,-81.66,-81.57,-81.69,-81.47,-81.6,-81.6,-81.57,-81.54,-81.54,-81.51,-81.51,-81.47,-81.32,-81.51,-81.47,-81.47,-81.44,-81.29,-81.29,-81.41,-81.26,-81.32,-81.38,-81.23,-81.38,-81.38,-81.32,-81.16,-81.29,-81.19,-81.23,-81.26,-81.13,-81.26,-81.16,-81.16,-81.1,-81.13,-81.19,-81.23,-81.23,-81.13,-81.13,-81.19,-81.16,-81.23,-81.26,-81.26,-81.23,-81.07,-81.1,-81.23,-81.07,-81.23,-81.16,-81.16,-81.07,-81.01,-81.04,-80.98,-81.01,-81.13,-81.04,-80.88,-80.79,-80.88,-80.91,-80.82,-80.82,-80.73,-80.76,-80.6,-80.7,-80.79,-80.6,-80.67,-80.6,-80.6,-80.57,-80.6,-80.51,-80.48,-80.51,-80.57,-80.45,-80.6,-80.57,-80.6,-80.54,-80.6,-80.45,-80.57,-80.57,-80.51,-80.51,-80.57,-80.45,-80.45,-80.54,-80.42,-80.54,-80.63,-80.57,-80.45,-80.54,-80.6,-80.45,-80.45,-80.54,-80.54,-80.39,-80.45,-80.45,-80.54,-80.48,-80.45,-80.26,-80.39,-80.42,-80.36,-80.32,-80.32,-80.48,-80.42,-80.45,-80.39,-80.32,-80.39,-80.42,-80.32,-80.29,-80.39,-80.36,-80.39,-80.36,-80.32,-80.39,-80.51,-80.42,-80.48,-80.39,-80.36,-80.51,-80.39,-80.36,-80.32,-80.32,-80.29,-80.23,-80.32,-80.29,-80.42,-80.32,-80.29,-80.45,-80.29,-80.29,-80.26,-80.26,-80.26,-80.23,-80.23,-80.29,-80.26,-80.14,-80.23,-80.17,-79.92,-80.14,-80.11,-80.04,-80.01,-80.08,-80.17,-79.98,-80.01,-79.86,-79.98,-79.95,-79.92,-79.92,-79.89,-79.76,-79.86,-80.04,-79.92,-79.89,-79.83,-79.76,-79.92,-79.83,-79.89,-79.83,-79.83,-79.73,-79.76,-79.86,-79.76,-79.83,-79.98,-79.83,-79.76,-79.76,-79.76,-79.83,-79.98,-79.89,-79.76,-79.8,-79.76,-79.61,-79.55,-79.73,-79.67,-79.67,-79.67,-79.67,-79.67,-79.64,-79.83,-79.8,-79.58,-79.7,-79.67,-79.64,-79.67,-79.73,-79.7,-79.48,-79.61,-79.67,-79.7,-79.8,-79.64,-79.7,-79.73,-79.7,-79.7,-79.73,-79.73,-79.89,-79.8,-79.76,-79.67,-79.73,-79.67,-79.73,-79.86,-79.8,-79.76,-79.7,-79.76,-79.83,-79.73,-79.7,-79.7,-79.76,-79.76,-79.67,-79.86,-79.67,-79.61,-79.67,-79.67,-79.58,-79.7,-79.58,-79.55,-79.61,-79.52,-79.64,-79.58,-79.58,-79.61,-79.48,-79.55,-79.55,-79.42,-79.61,-79.45,-79.45,-79.55,-79.45,-79.58,-79.42,-79.45,-79.39,-79.42,-79.39,-79.48,-79.52,-79.55,-79.55,-79.48,-79.45,-79.48,-79.52,-79.52,-79.58,-79.52,-79.52,-79.48,-79.52,-79.52,-79.58,-79.58,-79.58,-79.45,-79.55,-79.55,-79.61,-79.58,-79.61,-79.55,-79.48,-79.48,-79.64,-79.55,-79.58,-79.55,-79.45,-79.52,-79.58,-79.55,-79.64,-79.55,-79.55,-79.52,-79.64,-79.52,-79.7,-79.64,-79.45,-79.61,-79.61,-79.52,-79.61,-79.48,-79.55,-79.52,-79.55,-79.64,-79.8,-79.67,-79.7,-79.58,-79.8,-79.7,-79.64,-79.61,-79.58,-79.61,-79.55,-79.64,-79.58,-79.7,-79.58,-79.73,-79.52,-79.58,-79.55,-79.58,-79.61,-79.45,-79.52,-79.48,-79.42,-79.45,-79.48,-79.48,-79.27,-79.45,-79.58,-79.39,-79.33,-79.27,-79.33,-79.42,-79.3,-79.3,-79.3,-79.27,-79.2,-79.27,-79.3,-79.14,-79.27,-79.3,-79.27,-79.27,-79.33,-79.3,-79.27,-79.24,-79.3,-79.2,-79.3,-79.39,-79.24,-79.3,-79.3,-79.52,-79.36,-79.36,-79.45,-79.36,-79.36,-79.42,-79.39,-79.42,-79.2,-79.27,-79.33,-79.3,-79.33,-79.24,-79.42,-79.3,-79.33,-79.36,-79.17,-79.24,-79.36,-79.42,-79.42,-79.45,-79.48,-79.24,-79.33,-79.3,-79.42,-79.36,-79.33,-79.33,-79.39,-79.39,-79.48,-79.45,-79.33,-79.39,-79.39,-79.52,-79.55,-79.45,-79.48,-79.55,-79.48,-79.55,-79.42,-79.42,-79.48,-79.58,-79.52,-79.55,-79.48,-79.42,-79.45,-79.48,-79.52,-79.45,-79.52,-79.48,-79.55,-79.58,-79.48,-79.45,-79.48,-79.52,-79.39,-79.45,-79.42,-79.48,-79.39,-79.48,-79.33,-79.36,-79.39,-79.52,-79.45,-79.39,-79.3,-79.33,-79.27,-79.45,-79.39,-79.33,-79.42,-79.3,-79.3,-79.33,-79.27,-79.39,-79.39,-79.33,-79.3,-79.33,-79.33,-79.39,-79.33,-79.45,-79.3,-79.39,-79.33,-79.33,-79.42,-79.33,-79.27,-79.36,-79.33,-79.42,-79.3,-79.3,-79.36,-79.48,-79.45,-79.39,-79.33,-79.36,-79.3,-79.42,-79.27,-79.3,-79.33,-79.42,-79.42,-79.42,-79.45,-79.42,-79.33,-79.39,-79.27,-79.39,-79.36,-79.39,-79.33,-79.39,-79.3,-79.27,-79.33,-79.42,-79.24,-79.52,-79.48,-79.33,-79.39,-79.27,-79.42,-79.45,-79.55,-79.45,-79.36,-79.58,-79.42,-79.39,-79.42,-79.42,-79.55,-79.33,-79.45,-79.3,-79.24,-79.45,-79.42,-79.3,-79.17,-79.27,-79.24,-79.24,-79.42,-79.33,-79.52,-79.33,-79.27,-79.27,-79.27,-79.36,-79.33,-79.33,-79.3,-79.27,-79.36,-79.33,-79.39,-79.2,-79.33,-79.24,-79.24,-79.33,-79.17,-79.42,-79.33,-79.11,-79.27,-79.24,-79.33,-79.24,-79.24,-79.39,-79.39,-79.39,-79.33,-79.33,-79.3,-79.33,-79.33,-79.27,-79.33,-79.2,-79.3,-79.33,-79.2,-79.24,-79.39,-79.33,-79.11,-79.27,-79.42,-79.39,-79.39,-79.48,-79.36,-79.48,-79.27,-79.45,-79.36,-79.45,-79.45,-79.52,-79.52,-79.48,-79.55,-79.52,-79.55,-79.58,-79.55,-79.48,-79.52,-79.45,-79.52,-79.42,-79.48,-79.48,-79.61,-79.52,-79.55,-79.52,-79.64,-79.48,-79.55,-79.58,-79.52,-79.52,-79.52,-79.48,-79.58,-79.58,-79.52,-79.52,-79.39,-79.45,-79.48,-79.52,-79.55,-79.61,-79.48,-79.52,-79.45,-79.52,-79.52,-79.45,-79.42,-79.42,-79.2,-79.33,-79.33,-79.45,-79.48,-79.45,-79.42,-79.42,-79.39,-79.42,-79.33,-79.39,-79.39,-79.39,-79.36,-79.33,-79.39,-79.39,-79.36,-79.2,-79.39,-79.42,-79.27,-79.3,-79.2,-79.42,-79.39,-79.48,-79.3,-79.36,-79.33,-79.42,-79.33,-79.52,-79.39,-79.45,-79.3,-79.42,-79.24,-79.33,-79.39,-79.42,-79.42,-79.3,-79.3,-79.33,-79.33,-79.48,-79.39,-79.3,-79.33,-79.27,-79.39,-79.3,-79.42,-79.42,-79.39,-79.2,-79.33,-79.42,-79.42,-79.45,-79.39,-79.42,-79.33,-79.55,-79.48,-79.48,-79.42,-79.36,-79.3,-79.39,-79.39,-79.39,-79.39,-79.36,-79.52,-79.52,-79.42,-79.45,-79.39,-79.52,-79.48,-79.3,-79.45,-79.45,-79.39,-79.48,-79.42,-79.45,-79.42,-79.42,-79.45,-79.36,-79.27,-79.3,-79.39,-79.42,-79.39,-79.39,-79.36,-79.42,-79.42,-79.45,-79.39,-79.33,-79.39,-79.27,-79.45,-79.3,-79.33,-79.27,-79.42,-79.48,-79.55,-79.39,-79.33,-79.3,-79.33,-79.42,-79.36,-79.36,-79.3,-79.27,-79.33,-79.27,-79.27,-79.3,-79.45,-79.33,-79.3,-79.39,-79.39,-79.48,-79.39,-79.42,-79.3,-79.36,-79.27,-79.36,-79.33,-79.42,-79.45,-79.39,-79.36,-79.33,-79.39,-79.27,-79.3,-79.27,-79.36,-79.36,-79.27,-79.27,-79.27,-79.33,-79.39,-79.14,-79.3,-79.24,-79.27,-79.2,-78.83,-79.3,-79.14,-79.2,-79.36,-79.33,-79.3,-79.27,-79.24,-79.39,-79.33,-79.24,-79.39,-79.39,-79.33,-79.27,-79.45,-79.42,-79.3,-79.39,-79.39,-79.39,-79.27,-79.27,-79.42,-79.33,-79.33,-79.36,-79.45,-79.33,-79.2,-79.36,-79.24,-79.39,-79.42,-79.24,-79.24,-79.2,-79.08,-79.17,-79.17,-79.14,-79.2,-79.27,-79.14,-79.08,-79.14,-79.05,-79.11,-79.14,-79.2,-79.08,-79.3,-79.24,-79.08,-79.17,-79.17,-79.14,-79.17,-79.14,-79.24,-79.08,-79.08,-79.2,-79.08,-79.14,-79.14,-79.05,-79.2,-79.2,-79.14,-79.17,-79.11,-79.14,-79.17,-79.17,-79.3,-79.24,-79.36,-79.27,-79.24,-79.33,-79.2,-79.24,-79.11,-79.2,-79.14,-79.17,-79.27,-79.2,-79.14,-79.11,-79.42,-79.3,-79.39,-79.17,-79.24,-79.36,-79.3,-79.33,-79.3,-79.3,-79.45,-79.33,-79.33,-79.2,-79.39,-79.33,-79.33,-79.27,-79.45,-79.24,-79.3,-79.33,-79.42,-79.39,-79.33,-79.2,-79.2,-79.33,-79.3,-79.33,-79.42,-79.24,-79.3,-79.33,-79.33,-79.3,-79.3,-79.3,-79.17,-79.27,-79.27,-79.17,-79.11,-79.14,-79.08,-79.14,-79.2,-79.17,-79.17,-79.14,-79.08,-79.05,-79.14,-78.99,-79.17,-79.02,-79.02,-79.08,-79.08,-79.17,-79.02,-79.2,-79.17,-79.14,-79.24,-79.2,-79.2,-79.2,-79.05,-79.2,-79.17,-79.14,-79.17,-79.02,-79.2,-79.3,-79.11,-79.14,-79.17,-79.2,-79.14,-79.2,-79.14,-79.17,-79.2,-79.14,-79.17,-79.05,-79.3,-79.17,-79.33,-79.17,-79.17,-79.14,-79.17,-79.14,-79.11,-79.02,-79.17,-79.05,-79.14,-79.14,-79.17,-79.14,-79.05,-79.14,-79.14,-79.08,-79.17,-79.05,-79.24,-79.27,-79.2,-79.27,-79.2,-79.2,-79.24,-79.27,-79.24,-79.2,-79.27,-79.2,-79.36,-79.39,-79.36,-79.27,-79.3,-79.36,-79.48,-79.33,-79.3,-79.39,-79.33,-79.33,-79.39,-79.39,-79.27,-79.36,-79.3,-79.24,-79.27,-79.17,-79.3,-79.27,-79.33,-79.24,-79.27,-79.27,-79.24,-79.27,-79.39,-79.2,-79.24,-79.17,-79.24,-79.24,-79.24,-79.24,-79.3,-79.3,-79.27,-79.3,-79.3,-79.33,-79.33,-79.33,-79.33,-79.24,-79.39,-79.3,-79.24,-79.3,-79.3,-79.2,-79.3,-79.3,-79.2,-79.27,-79.2,-79.24,-79.36,-79.27,-79.33,-79.2,-79.45,-79.3,-79.36,-79.33,-79.27,-79.24,-79.36,-79.2,-79.27,-79.27,-79.27,-79.14,-79.24,-79.24,-79.08,-79.24,-79.17,-79.2,-79.2,-79.2,-79.24,-79.2,-79.24,-79.24,-79.24,-79.27,-79.33,-79.3,-79.33,-79.24,-79.42,-79.27,-79.3,-79.33,-79.39,-79.27,-79.17,-79.33,-79.24,-79.24,-79.27,-79.33,-79.2,-79.27,-79.27,-79.27,-79.3,-79.3,-79.27,-79.2,-79.11,-79.17,-79.2,-79.27,-79.05,-79.17,-79.3,-79.2,-79.11,-79.11,-79.27,-79.2,-79.2,-79.17,-79.2,-79.24,-79.11,-79.14,-79.14,-79.24,-79.17,-79.05,-79.2,-79.27,-79.08,-79.24,-79.11,-79.17,-79.11,-79.2,-79.27,-79.27,-79.17,-79.2,-79.17,-79.2,-79.2,-79.24,-79.2,-79.36,-79.14,-79.17,-79.11,-79.08,-79.08,-79.24,-79.2,-79.27,-79.17,-79.3,-79.24,-79.3,-79.27,-79.24,-79.3,-79.36,-79.24,-79.33,-79.33,-79.17,-79.42,-79.39,-79.24,-79.27,-79.39,-79.24,-79.2,-79.24,-79.33,-79.33,-79.33,-79.3,-79.39,-79.39,-79.27,-79.24,-79.27,-79.3,-79.42,-79.48,-79.42,-79.48,-79.42,-79.39,-79.33,-79.2,-79.3,-79.3,-79.27,-79.42,-79.42,-79.3,-79.33,-79.33,-79.39,-79.36,-79.17,-79.3,-79.27,-79.27,-79.33,-79.36,-79.33,-79.33,-79.3,-79.42,-79.33,-79.24,-79.39,-79.33,-79.42,-79.3,-79.45,-79.27,-79.33,-79.39,-79.36,-79.2,-79.3,-79.27,-79.24,-79.27,-79.2,-79.2,-79.27,-79.2,-79.39,-79.3,-79.33,-79.33,-79.3,-79.27,-79.27,-79.2,-79.14,-79.27,-79.17,-79.08,-79.11,-79.2,-79.27,-79.24,-79.2,-79.17,-79.14,-79.36,-79.17,-79.24,-79.17,-79.08,-79.24,-79.17,-79.24,-79.17,-79.17,-79.11,-79.11,-79.24,-79.24,-78.96,-79.17,-79.08,-79.14,-79.05,-79.11,-79.17,-79.08,-79.11,-79.14,-79.08,-79.14,-79.14,-79.2,-79.14,-79.14,-79.17,-79.11,-79.27,-79.17,-79.14,-79.24,-79.17,-79.36,-79.27,-79.27,-79.42,-79.24,-79.3,-79.27,-79.3,-79.2,-79.3,-79.24,-79.3,-79.3,-79.3,-79.27,-79.2,-79.33,-79.3,-79.27,-79.27,-79.24,-79.24,-79.27,-79.2,-79.24,-79.24,-79.24,-79.27,-79.27,-79.2,-79.3,-79.14,-79.17,-79.11,-79.17,-79.24,-79.14,-79.05,-79.17,-79.17,-79.14,-79.14,-79.08,-79.08,-79.11,-79.27,-79.24,-79.08,-79.08,-79.14,-78.96,-79.24,-79.11,-79.14,-79.14,-79.08,-79.08,-78.99,-79.08,-79.14,-79.14,-79.11,-79.17,-79.14,-79.11,-79.02,-78.99,-78.89,-79.05,-79.08,-79.11,-79.14,-79.14,-78.96,-79.08,-79.08,-79.24,-79.05,-79.11,-79.17,-79.11,-79.14,-79.14,-79.2,-79.17,-79.05,-79.08,-79.05,-79.08,-79.11,-79.11,-79.24,-79.17,-79.08,-79.08,-79.08,-79.02,-79.24,-79.08,-79.14,-79.2,-79.08,-79.27,-79.24,-79.02,-79.14,-79.14,-78.99,-79.11,-79.24,-79.11,-79.17,-79.14,-79.2,-79.02,-79.14,-79.08,-79.17,-79.33,-79.17,-79.2,-79.14,-79.02,-79.02,-79.02,-79.08,-79.05,-79.05,-78.99,-79.27,-79.08,-79.08,-79.2,-79.08,-79.11,-79.02,-78.99,-78.93,-79.05,-78.96,-78.96,-78.99,-78.99,-79.02,-78.89,-79.08,-78.96,-78.83,-79.08,-78.99,-78.89,-78.93,-79.02,-78.96,-78.96,-78.99,-79.08,-78.93,-79.08,-78.96,-79.08,-78.99,-78.99,-79.02,-79.08,-78.96,-79.11,-79.14,-79.14,-79.08,-79.02,-78.99,-79.02,-79.05,-79.02,-78.96,-79.05,-79.02,-79.17,-79.08,-79.27,-79.14,-79.05,-79.14,-79.02,-79.17,-79.08,-79.2,-79.14,-79.2,-79.24,-79.17,-79.24,-79.2,-79.17,-79.27,-79.17,-79.3,-79.39,-79.33,-79.27,-79.17,-79.3,-79.3,-79.48,-79.27,-79.3,-79.33,-79.36,-79.27,-79.33,-79.3,-79.27,-79.27,-79.39,-79.33,-79.2,-79.3,-79.24,-79.24,-79.27,-79.33,-79.24,-79.24,-79.24,-79.24,-79.24,-79.27,-79.24,-79.3,-79.27,-79.33,-79.27,-79.36,-79.27,-79.33,-79.27,-79.39,-79.24,-79.24,-79.17,-79.2,-79.3,-79.27,-79.27,-79.2,-79.14,-79.33,-79.3,-79.39,-79.17,-79.11,-79.27,-79.27,-79.24,-79.27,-79.27,-79.42,-79.3,-79.42,-79.14,-79.2,-79.33,-79.2,-79.27,-79.2,-79.33,-79.42,-79.36,-79.48,-79.3,-79.14,-79.33,-79.27,-79.2,-79.39,-79.3,-79.42,-79.24,-79.36,-79.33,-79.33,-79.3,-79.17,-79.14,-79.33,-79.33,-79.27,-79.2,-79.24,-79.27,-79.24,-79.39,-79.33,-79.36,-79.27,-79.24,-79.2,-79.2,-79.17,-79.33,-79.33,-79.33,-79.24,-79.3,-79.39,-79.33,-79.24,-79.14,-79.2,-79.27,-79.3,-79.33,-79.3,-79.2,-79.33,-79.27,-79.2,-79.14,-79.3,-79.2,-79.14,-79.17,-79.27,-79.2,-79.11,-79.08,-79.08,-79.05,-79.14,-79.11,-79.17,-79.05,-78.99,-79.14,-79.17,-79.08,-78.99,-79.02,-79.05,-78.96,-78.99,-78.89,-79.02,-79.08,-79.05,-78.93,-78.93,-79.08,-79.05,-78.99,-79.02,-78.93,-78.99,-78.99,-78.99,-78.93,-79.02,-79.02,-79.08,-79.02,-79.11,-79.14,-79.02,-79.08,-79.02,-79.08,-79.11,-79.11,-79.08,-79.14,-79.02,-79.05,-79.05,-79.11,-79.14,-78.86,-79.08,-79.14,-79.02,-79.11,-79.08,-79.08,-79.08,-79.02,-79.05,-79.02,-78.99,-79.11,-79.17,-78.96,-79.05,-79.14,-78.96,-78.93,-78.99,-79.02,-78.99,-79.02,-79.11,-79.08,-79.05,-79.05,-78.89,-78.99,-79.11,-79.11,-79.11,-79.17,-79.14,-79.05,-78.99,-78.99,-79.14,-79.05,-79.17,-79.08,-79.14,-79.08,-78.96,-79.08,-79.02,-79.08,-79.11,-79.08,-78.99,-78.99,-79.05,-79.05,-79.11,-78.96,-78.93,-78.96,-78.99,-79.08,-79.02,-78.96,-78.99,-78.99,-78.96,-78.96,-78.99,-79.11,-78.83,-78.93,-79.02,-79.08,-78.89,-79.08,-78.93,-78.96,-79.02,-79.08,-78.96,-78.96,-78.99,-78.89,-78.96,-78.96,-78.93,-79.08,-78.86,-78.86,-78.96,-79.05,-78.83,-79.08,-78.89,-79.02,-78.99,-79.02,-79.05,-79.02,-78.96,-78.99,-78.96,-78.89,-78.93,-78.96,-78.96,-79.05,-78.93,-78.96,-78.93,-79.05,-78.99,-78.96,-78.93,-78.8,-79.02,-78.89,-79.05,-79.08,-79.05,-78.83,-78.83,-78.99,-79.05,-78.99,-79.02,-79.05,-78.83,-78.96,-79.11,-79.02,-79.02,-79.02,-79.02,-79.11,-79.02,-78.93,-78.96,-78.96,-78.96,-79.05,-78.96,-78.99,-78.93,-78.93,-79.02,-79.11,-78.93,-78.99,-78.96,-78.93,-78.96,-79.02,-78.83,-79.11,-78.83,-78.89,-78.96,-79.02,-78.93,-78.89,-78.93,-78.93,-78.8,-78.93,-78.8,-78.93,-78.89,-78.77,-78.93,-78.83,-78.93,-78.86,-78.8,-78.96,-78.93,-78.83,-78.96,-78.77,-78.71,-78.89,-78.89,-78.8,-78.89,-78.89,-78.71,-78.71,-78.86,-78.71,-78.83,-78.93,-78.89,-78.89,-78.8,-78.99,-78.96,-78.89,-78.99,-79.02,-78.77,-78.86,-78.96,-78.93,-78.83,-78.96,-78.8,-78.99,-78.96,-78.96,-78.8,-78.8,-78.96,-78.86,-78.89,-78.96,-78.83,-78.96,-78.96,-78.86,-78.99,-78.93,-78.99,-78.93,-78.89,-78.93,-79.02,-78.99,-79.02,-78.99,-78.96,-78.93,-78.89,-79.05,-78.96,-79.02,-78.93,-79.05,-79.05,-79.02,-78.93,-79.05,-78.83,-79.11,-79.02,-78.96,-78.99,-78.99,-78.93,-78.83,-79.02,-78.99,-78.8,-78.83,-78.77,-78.89,-78.96,-78.96,-78.83,-78.86,-78.83,-78.77,-78.83,-78.93,-78.83,-78.8,-78.89,-78.93,-78.77,-78.8,-78.74,-78.77,-78.83,-78.8,-78.93,-78.8,-78.71,-78.8,-78.86,-78.8,-78.83,-78.86,-78.83,-78.86,-78.83,-78.74,-78.89,-78.96,-78.83,-78.8,-78.8,-78.89,-78.96,-78.89,-78.83,-78.89,-78.86,-78.83,-78.83,-78.74,-78.8,-78.99,-78.93,-78.89,-78.93,-78.8,-78.96,-78.93,-79.02,-78.93,-78.83,-78.89,-78.77,-78.93,-78.89,-79.02,-78.86,-78.83,-78.77,-78.99,-78.99,-78.96,-78.99,-79.14,-79.08,-79.08,-79.14,-79.14,-79.27,-79.2,-79.05,-79.14,-79.14,-79.3,-79.14,-79.24,-79.08,-79.2,-79.14,-79.17,-79.08,-79.17,-79.02,-79.11,-79.14,-78.93,-79.11,-78.99,-79.11,-79.08,-79.08,-79.11,-79.02,-79.17,-79.05,-79.14,-79.08,-79.08,-79.2,-78.96,-79.11,-79.08,-79.11,-79.11,-79.02,-79.02,-79.08,-79.08,-79.02,-79.02,-79.08,-79.05,-78.96,-79.17,-79.02,-78.96,-78.93,-79.02,-78.93,-79.08,-79.08,-79.08,-78.96,-79.05,-78.96,-78.99,-78.93,-78.83,-78.96,-78.99,-78.99,-79.08,-79.05,-79.05,-79.08,-78.99,-79.02,-79.02,-79.02,-79.02,-78.93,-79.05,-79.05,-78.96,-79.17,-78.77,-78.93,-79.05,-79.05,-78.96,-79.05,-78.89,-79.02,-78.93,-78.96,-78.96,-78.99,-78.93,-79.02,-79.05,-79.2,-79.11,-79.05,-79.11,-79.14,-79.08,-79.02,-79.08,-79.08,-79.17,-78.99,-79.05,-79.08,-78.99,-79.05,-78.99,-79.08,-79.05,-78.89,-79.08,-78.99,-78.93,-78.99,-78.96,-78.96,-79.02,-78.96,-78.93,-78.93,-79.05,-78.99,-78.89,-78.93,-78.89,-78.96,-78.8,-78.93,-78.93,-78.93,-78.96,-78.83,-78.83,-78.74,-78.86,-78.8,-78.77,-78.8,-78.83,-78.83,-78.77,-78.96,-78.8,-78.74,-78.89,-78.83,-78.61,-78.77,-78.93,-78.93,-78.89,-78.99,-78.8,-78.83,-78.83,-78.89,-78.89,-78.83,-78.86,-78.77,-78.8,-78.83,-79.02,-78.77,-78.71,-78.8,-78.93,-79.02,-78.86,-78.93,-78.93,-78.99,-78.83,-78.93,-78.93,-79.02,-78.96,-79.08,-78.99,-79.14,-79.11,-79.02,-78.99,-78.96,-78.99,-79.05,-79.02,-78.93,-78.93,-79.02,-78.99,-78.96,-79.11,-78.93,-78.89,-78.89,-78.93,-79.02,-78.89,-79.02,-78.99,-78.96,-79.02,-79.02,-79.08,-79.05,-79.02,-79.05,-79.08,-79.14,-79.08,-78.93,-78.96,-79.14,-79.05,-79.14,-78.99,-79.02,-79.02,-78.96,-79.02,-79.02,-78.93,-78.99,-78.99,-78.99,-78.99,-79.02,-78.96,-78.86,-78.93,-78.93,-78.8,-78.89,-78.83,-78.93,-78.96,-78.89,-78.86,-78.96,-78.8,-78.86,-78.93,-78.77,-78.83,-78.93,-78.93,-78.86,-78.83,-78.83,-78.93,-78.89,-78.99,-78.93,-78.99,-78.93,-78.83,-78.96,-78.77,-78.89,-78.99,-78.96,-78.86,-78.96,-78.96,-78.83,-79.02,-79.08,-79.11,-79.05,-78.96,-78.93,-79.08,-79.14,-79.11,-79.11,-79.11,-79.08,-79.14,-79.2,-79.08,-79.02,-79.11,-79.08,-78.96,-79.08,-79.08,-79.14,-79.08,-79.11,-78.96,-79.27,-79.14,-79.05,-79.02,-79.14,-79.17,-79.05,-79.11,-79.14,-79.17,-79.11,-79.2,-79.27,-79.17,-79.17,-79.14,-79.17,-79.14,-79.2,-79.14,-79.2,-79.05,-79.24,-79.14,-79.14,-79.27,-79.27,-79.24,-79.17,-79.14,-79.2,-79.17,-79.27,-79.11,-79.11,-79.2,-79.27,-79.14,-79.24,-79.14,-79.05,-79.11,-78.96,-79.14,-78.96,-79.11,-79.08,-79.08,-79.11,-78.99,-79.02,-79.11,-79.02,-78.93,-79.02,-79.02,-79.11,-79.2,-79.11,-79.08,-79.17,-79.02,-79.11,-79.11,-79.02,-79.11,-79.05,-78.96,-79.11,-78.99,-79.02,-79.08,-79.08,-79.08,-79.14,-79.02,-79.17,-79.11,-79.14,-79.14,-79.02,-79.05,-79.11,-79.08,-79.17,-79.17,-79.05,-78.99,-79.05,-79.11,-78.96,-79.11,-78.96,-78.99,-78.93,-79.05,-78.93,-78.93,-79.08,-79.08,-79.05,-78.99,-78.99,-78.96,-79.14,-78.96,-79.14,-79.11,-79.17,-79.08,-78.99,-79.11,-79.2,-78.99,-79.08,-79.05,-79.08,-79.05,-79.08,-79.17,-79.2,-79.2,-79.11,-79.2,-79.24,-79.11,-79.14,-79.17,-79.14,-79.11,-79.05,-79.08,-79.08,-79.05,-78.93,-79.02,-78.99,-78.99,-78.96,-79.08,-79.11,-79.11,-79.08,-79.17,-78.93,-78.99,-79.08,-79.05,-79.05,-79.11,-78.96,-78.96,-79.05,-79.08,-79.05,-79.02,-78.93,-79.02,-79.02,-79.05,-79.02,-78.96,-79.08,-78.93,-78.93,-79.02,-78.99,-78.99,-79.08,-79.08,-78.96,-79.02,-79.02,-78.99,-79.08,-78.99,-79.05,-78.99,-79.05,-79.08,-78.96,-78.96,-78.99,-79.05,-78.99,-79.11,-79.08,-79.08,-78.99,-79.08,-79.11,-79.05,-79.05,-79.02,-79.17,-79.08,-78.99,-79.14,-79.05,-79.14,-79.08,-79.05,-79.11,-79.27,-79.14,-79.02,-79.11,-79.14,-79.14,-79.11,-79.11,-79.2,-79.14,-79.14,-79.14,-79.27,-79.17,-79.14,-79.08,-79.17,-79.17,-79.08,-79.11,-79.11,-79.2,-79.11,-79.08,-79.14,-79.11,-79.02,-79.08,-79.17,-79.11,-79.02,-79.05,-79.11,-79.11,-78.99,-79.14,-78.89,-78.89,-79.02,-78.96,-78.93,-78.89,-78.96,-79.14,-78.93,-78.96,-78.8,-78.93,-79.05,-78.99,-79.11,-79.08,-78.96,-79.08,-79.08,-78.96,-78.99,-79.08,-78.89,-78.99,-79.05,-78.89,-79.02,-78.99,-78.93,-78.99,-78.96,-79.02,-78.96,-79.05,-78.99,-79.08,-78.99,-79.02,-79.02,-79.08,-79.02,-79.08,-79.02,-79.02,-79.02,-78.99,-79.02,-78.93,-78.96,-79.11,-78.99,-79.02,-79.05,-78.96,-79.05,-78.89,-78.93,-78.96,-78.89,-78.89,-78.99,-79.02,-79.11,-79.02,-78.99,-79.02,-79.02,-79.11,-79.14,-79.08,-79.14,-79.24,-79.08,-79.11,-79.24,-79.11,-79.08,-78.96,-79.24,-79.11,-79.11,-79.11,-79.14,-79.11,-79.11,-79.02,-79.2,-79.02,-79.08,-79.2,-78.99,-79.11,-79.14,-79.14,-79.11,-79.05,-79.11,-78.96,-78.99,-79.11,-79.02,-78.96,-78.99,-79.02,-78.99,-78.99,-79.02,-78.96,-78.99,-79.02,-78.89,-78.89,-79.02,-79.02,-78.89,-78.89,-79.05,-79.02,-78.96,-78.89,-78.83,-78.93,-78.93,-78.96,-78.96,-78.96,-79.02,-78.83,-78.86,-78.96,-78.89,-78.96,-78.83,-78.99,-79.02,-78.99,-78.99,-78.83,-78.89,-78.99,-79.05,-79.02,-79.02,-78.99,-78.93,-78.99,-78.99,-78.96,-78.93,-78.89,-78.93,-79.05,-79.08,-79.02,-78.96,-79.05,-78.93,-78.99,-79.08,-78.99,-79.08,-79.02,-78.96,-78.99,-78.99,-79.11,-79.05,-79.08,-79.05,-79.11,-78.99,-78.99,-79.17,-79.11,-79.08,-79.11,-79.05,-79.08,-79.02,-79.02,-78.96,-79.02,-79.02,-78.93,-79.02,-79.02,-78.96,-79.02,-78.93,-78.96,-78.93,-78.96,-79.05,-78.86,-78.96,-78.86,-78.86,-78.8,-78.8,-78.86,-78.89,-78.93,-78.8,-78.96,-78.86,-78.93,-78.68,-78.86,-78.83,-78.99,-78.74,-78.8,-78.86,-78.8,-78.86,-79.02,-78.89,-79.11,-79.02,-78.99,-78.83,-79.02,-78.96,-78.96,-78.99,-79.2,-78.89,-78.99,-79.11,-79.02,-78.99,-78.96,-78.96,-78.96,-79.02,-79.02,-79.08,-79.08,-78.99,-78.89,-78.99,-79.08,-78.96,-78.96,-79.05,-79.08,-78.99,-78.99,-78.99,-79.05,-79.05,-78.89,-79.02,-79.05,-79.08,-79.11,-79.11,-79.14,-79.14,-78.93,-78.99,-78.99,-79.05,-79.14,-79.05,-79.08,-78.93,-79.05,-78.99,-78.93,-79.05,-79.02,-78.93,-78.96,-79.02,-79.11,-79.05,-78.99,-78.93,-78.89,-79.11,-78.89,-78.96,-79.02,-78.93,-78.89,-78.96,-78.8,-78.99,-78.93,-78.8,-78.89,-78.77,-78.93,-78.74,-78.99,-78.8,-78.86,-78.8,-78.83,-78.86,-78.8,-78.86,-78.8,-78.8,-78.83,-78.8,-78.86,-78.77,-78.93,-78.8,-78.8,-78.74,-78.93,-78.8,-78.83,-78.71,-78.83,-78.8,-78.89,-78.8,-78.86,-78.8,-78.83,-78.93,-78.77,-78.8,-78.89,-78.83,-78.83,-78.93,-78.86,-78.8,-78.83,-78.93,-78.83,-78.77,-78.68,-78.86,-78.89,-78.86,-78.89,-78.74,-78.74,-78.96,-78.93,-78.83,-78.86,-78.83,-78.96,-78.93,-79.08,-78.8,-78.89,-78.74,-78.86,-78.89,-78.93,-78.93,-78.99,-79.02,-78.89,-78.77,-78.83,-78.99,-78.86,-78.93,-78.83,-78.96,-78.89,-78.96,-78.93,-78.89,-79.08,-78.99,-78.99,-79.05,-79.02,-79.14,-78.96,-79.08,-78.96,-78.8,-79.08,-79.11,-78.99,-79.05,-78.96,-78.89,-78.99,-78.89,-78.96,-78.89,-78.86,-78.89,-78.89,-78.99,-78.93,-78.83,-78.89,-78.74,-78.86,-78.86,-78.89,-78.89,-78.83,-78.93,-78.93,-78.93,-78.86,-78.74,-78.96,-78.99,-78.74,-78.89,-78.89,-78.83,-78.93,-78.89,-78.83,-78.8,-78.8,-78.83,-78.77,-78.86,-79.02,-78.93,-78.83,-78.86,-78.99,-78.96,-78.74,-78.99,-78.93,-78.93,-78.93,-78.96,-78.93,-78.8,-78.89,-79.11,-79.02,-78.96,-78.99,-78.96,-78.96,-78.96,-78.83,-78.99,-78.96,-78.96,-78.96,-78.93,-79.02,-78.83,-78.96,-78.93,-79.08,-79.05,-78.99,-78.89,-79.05,-79.02,-79.2,-79.02,-79.08,-78.99,-78.99,-78.96,-78.96,-78.93,-78.93,-78.99,-79.08,-78.99,-78.99,-79.02,-78.96,-79.2,-78.96,-78.93,-78.89,-78.99,-78.93,-79.11,-78.93,-78.89,-78.99,-78.93,-78.93,-78.96,-78.83,-78.89,-78.83,-78.93,-78.74,-79.08,-78.89,-78.93,-78.83,-78.93,-78.8,-78.77,-78.89,-78.83,-78.83,-78.74,-78.8,-78.89,-78.83,-78.8,-78.71,-78.89,-78.71,-78.8,-78.99,-78.89,-78.77,-78.83,-78.83,-78.8,-78.77,-78.8,-78.96,-78.77,-78.86,-78.83,-78.74,-78.8,-78.61,-78.8,-78.83,-78.83,-78.89,-78.77,-78.74,-78.89,-78.83,-78.99,-78.93,-78.93,-78.77,-78.96,-78.86,-78.8,-78.83,-78.83,-78.89,-78.71,-78.86,-78.86,-78.77,-78.77,-78.8,-78.86,-78.8,-78.8,-78.96,-78.83,-78.77,-78.74,-78.77,-78.8,-78.83,-78.86,-78.83,-78.74,-78.86,-78.74,-78.83,-78.74,-78.74,-78.93,-78.99,-78.8,-78.74,-78.89,-78.89,-78.83,-78.8,-78.83,-78.74,-78.83,-78.74,-78.99,-78.83,-78.89,-78.71,-78.86,-78.77,-78.61,-78.74,-78.74,-78.71,-78.77,-78.8,-78.77,-78.58,-78.58,-78.65,-78.68,-78.68,-78.65,-78.77,-78.8,-78.77,-78.74,-78.77,-78.58,-78.71,-78.55,-78.74,-78.68,-78.71,-78.68,-78.71,-78.77,-78.68,-78.68,-78.8,-78.8,-78.74,-78.71,-78.8,-78.77,-78.74,-78.65,-78.77,-78.74,-78.68,-78.61,-78.77,-78.68,-78.68,-78.83,-78.71,-78.65,-78.55,-78.52,-78.68,-78.65,-78.65,-78.74,-78.55,-78.52,-78.52,-78.58,-78.65,-78.55,-78.58,-78.61,-78.61,-78.68,-78.74,-78.65,-78.55,-78.61,-78.68,-78.49,-78.68,-78.8,-78.68,-78.65,-78.68,-78.61,-78.58,-78.71,-78.71,-78.65,-78.61,-78.74,-78.77,-78.55,-78.74,-78.65,-78.65,-78.46,-78.65,-78.68,-78.74,-78.65,-78.68,-78.68,-78.71,-78.58,-78.58,-78.65,-78.61,-78.55,-78.61,-78.61,-78.55,-78.55,-78.68,-78.52,-78.55,-78.58,-78.65,-78.61,-78.55,-78.65,-78.46,-78.58,-78.55,-78.55,-78.46,-78.55,-78.55,-78.52,-78.49,-78.43,-78.49,-78.52,-78.49,-78.55,-78.49,-78.49,-78.52,-78.46,-78.46,-78.4,-78.4,-78.52,-78.55,-78.49,-78.46,-78.58,-78.58,-78.46,-78.58,-78.58,-78.43,-78.49,-78.49,-78.58,-78.49,-78.61,-78.58,-78.65,-78.55,-78.46,-78.71,-78.68,-78.52,-78.49,-78.58,-78.43,-78.58,-78.61,-78.52,-78.52,-78.46,-78.68,-78.52,-78.52,-78.58,-78.55,-78.52,-78.55,-78.55,-78.77,-78.65,-78.61,-78.61,-78.68,-78.71,-78.71,-78.61,-78.68,-78.68,-78.77,-78.74,-78.89,-78.8,-78.68,-78.77,-78.89,-78.68,-78.77,-78.89,-78.71,-78.74,-78.74,-78.77,-78.68,-78.71,-78.71,-78.65,-78.77,-78.74,-78.68,-78.74,-78.74,-78.58,-78.74,-78.61,-78.71,-78.71,-78.68,-78.58,-78.71,-78.68,-78.68,-78.61,-78.49,-78.55,-78.55,-78.37,-78.55,-78.4,-78.46,-78.43,-78.43,-78.4,-78.46,-78.46,-78.43,-78.46,-78.43,-78.46,-78.49,-78.4,-78.46,-78.37,-78.46,-78.33,-78.46,-78.49,-78.33,-78.55,-78.61,-78.49,-78.55,-78.52,-78.49,-78.55,-78.49,-78.49,-78.65,-78.49,-78.46,-78.52,-78.52,-78.37,-78.55,-78.52,-78.43,-78.61,-78.55,-78.58,-78.61,-78.65,-78.65,-78.65,-78.46,-78.55,-78.4,-78.61,-78.58,-78.58,-78.61,-78.68,-78.61,-78.58,-78.61,-78.58,-78.58,-78.65,-78.71,-78.71,-78.68,-78.68,-78.71,-78.8,-78.71,-78.68,-78.74,-78.71,-78.71,-78.74,-78.83,-78.83,-78.8,-78.74,-78.8,-78.74,-78.65,-78.74,-78.61,-78.71,-78.71,-78.71,-78.52,-78.65,-78.65,-78.65,-78.68,-78.68,-78.71,-78.74,-78.74,-78.68,-78.65,-78.65,-78.58,-78.68,-78.68,-78.65,-78.55,-78.49,-78.58,-78.61,-78.49,-78.61,-78.71,-78.52,-78.49,-78.65,-78.55,-78.61,-78.58,-78.58,-78.55,-78.58,-78.58,-78.55,-78.58,-78.43,-78.52,-78.52,-78.52,-78.55,-78.61,-78.55,-78.52,-78.61,-78.49,-78.55,-78.52,-78.43,-78.52,-78.58,-78.52,-78.52,-78.43,-78.52,-78.58,-78.61,-78.61,-78.61,-78.65,-78.52,-78.61,-78.58,-78.61,-78.61,-78.46,-78.52,-78.55,-78.65,-78.55,-78.55,-78.58,-78.61,-78.58,-78.71,-78.77,-78.68,-78.68,-78.77,-78.71,-78.61,-78.68,-78.71,-78.65,-78.71,-78.86,-78.55,-78.8,-78.68,-78.61,-78.61,-78.49,-78.68,-78.61,-78.65,-78.74,-78.68,-78.65,-78.55,-78.52,-78.65,-78.46,-78.43,-78.46,-78.49,-78.46,-78.4,-78.49,-78.46,-78.43,-78.49,-78.4,-78.46,-78.46,-78.49,-78.52,-78.46,-78.58,-78.4,-78.4,-78.55,-78.52,-78.49,-78.61,-78.55,-78.52,-78.52,-78.46,-78.4,-78.52,-78.52,-78.52,-78.55,-78.49,-78.49,-78.61,-78.49,-78.46,-78.65,-78.58,-78.61,-78.58,-78.46,-78.49,-78.46,-78.49,-78.43,-78.55,-78.58,-78.65,-78.46,-78.52,-78.52,-78.65,-78.43,-78.52,-78.55,-78.46,-78.43,-78.43,-78.46,-78.55,-78.55,-78.52,-78.43,-78.46,-78.49,-78.46,-78.61,-78.49,-78.55,-78.55,-78.58,-78.46,-78.46,-78.49,-78.49,-78.71,-78.58,-78.55,-78.58,-78.55,-78.55,-78.61,-78.71,-78.49,-78.58,-78.71,-78.58,-78.55,-78.65,-78.58,-78.58,-78.55,-78.65,-78.52,-78.55,-78.46,-78.58,-78.43,-78.4,-78.49,-78.33,-78.4,-78.43,-78.43,-78.46,-78.33,-78.37,-78.49,-78.46,-78.37,-78.43,-78.43,-78.46,-78.3,-78.3,-78.3,-78.37,-78.46,-78.46,-78.27,-78.49,-78.46,-78.49,-78.49,-78.43,-78.46,-78.46,-78.49,-78.58,-78.61,-78.49,-78.58,-78.55,-78.52,-78.61,-78.55,-78.58,-78.65,-78.8,-78.71,-78.77,-78.68,-78.68,-78.68,-78.68,-78.65,-78.58,-78.61,-78.61,-78.55,-78.74,-78.52,-78.58,-78.68,-78.65,-78.58,-78.68,-78.77,-78.8,-78.68,-78.68,-78.65,-78.68,-78.71,-78.71,-78.71,-78.71,-78.74,-78.71,-78.61,-78.71,-78.68,-78.83,-78.68,-78.83,-78.68,-78.77,-78.68,-78.68,-78.65,-78.65,-78.74,-78.68,-78.89,-78.61,-78.77,-78.74,-78.71,-78.74,-78.71,-78.77,-78.61,-78.68,-78.74,-78.68,-78.68,-78.71,-78.52,-78.61,-78.58,-78.68,-78.55,-78.65,-78.46,-78.58,-78.61,-78.61,-78.68,-78.55,-78.55,-78.55,-78.58,-78.58,-78.46,-78.52,-78.49,-78.52,-78.55,-78.52,-78.55,-78.49,-78.55,-78.52,-78.55,-78.55,-78.68,-78.65,-78.65,-78.65,-78.58,-78.43,-78.58,-78.68,-78.65,-78.61,-78.65,-78.77,-78.61,-78.77,-78.74,-78.58,-78.65,-78.65,-78.58,-78.68,-78.55,-78.61,-78.8,-78.52,-78.71,-78.65,-78.68,-78.74,-78.61,-78.71,-78.55,-78.71,-78.74,-78.77,-78.61,-78.71,-78.65,-78.68,-78.68,-78.68,-78.61,-78.55,-78.68,-78.65,-78.65,-78.61,-78.86,-78.74,-78.65,-78.61,-78.58,-78.68,-78.86,-78.86,-78.74,-78.68,-78.71,-78.8,-78.83,-78.74,-78.89,-78.77,-78.74,-78.74,-78.74,-78.77,-78.83,-78.77,-78.74,-78.83,-78.83,-78.74,-78.8,-78.68,-78.65,-78.58,-78.68,-78.55,-78.68,-78.65,-78.61,-78.58,-78.58,-78.65,-78.58,-78.61,-78.58,-78.49,-78.55,-78.49,-78.43,-78.46,-78.58,-78.58,-78.46,-78.52,-78.65,-78.68,-78.58,-78.52,-78.49,-78.61,-78.49,-78.52,-78.46,-78.52,-78.58,-78.55,-78.71,-78.58,-78.58,-78.65,-78.55,-78.55,-78.68,-78.58,-78.65,-78.55,-78.55,-78.49,-78.49,-78.55,-78.68,-78.58,-78.65,-78.43,-78.58,-78.58,-78.65,-78.61,-78.58,-78.68,-78.68,-78.65,-78.58,-78.61,-78.61,-78.61,-78.68,-78.74,-78.61,-78.61,-78.68,-78.58,-78.65,-78.65,-78.58,-78.71,-78.68,-78.61,-78.74,-78.68,-78.74,-78.71,-78.74,-78.61,-78.74,-78.71,-78.68,-78.8,-78.8,-78.55,-78.68,-78.68,-78.77,-78.58,-78.61,-78.71,-78.71,-78.8,-78.68,-78.83,-78.74,-78.8,-78.68,-78.74,-78.71,-78.71,-78.71,-78.74,-78.8,-78.61,-78.68,-78.74,-78.8,-78.71,-78.68,-78.71,-78.65,-78.77,-78.86,-78.8,-78.74,-78.77,-78.77,-78.83,-78.83,-78.77,-78.71,-78.74,-78.68,-78.71,-78.8,-78.58,-78.61,-78.65,-78.74,-78.74,-78.68,-78.74,-78.61,-78.74,-78.61,-78.65,-78.74,-78.58,-78.77,-78.74,-78.65,-78.68,-78.71,-78.8,-78.93,-78.74,-78.68,-78.77,-78.83,-78.93,-78.71,-78.83,-78.8,-78.83,-78.77,-78.86,-78.89,-78.71,-78.86,-78.83,-78.77,-78.8,-78.74,-78.89,-78.8,-78.8,-78.71,-78.83,-78.93,-78.99,-78.96,-78.83,-78.71,-78.86,-78.8,-78.93,-78.83,-78.83,-78.93,-78.96,-78.89,-78.93,-79.02,-78.77,-78.93,-78.89,-78.93,-78.89,-78.93,-78.96,-78.89,-78.93,-78.93,-78.96,-78.89,-78.83,-78.77,-78.77,-78.74,-78.65,-78.74,-78.83,-78.83,-78.8,-78.77,-78.8,-78.71,-78.68,-78.65,-78.68,-78.74,-78.65,-78.52,-78.33,-78.4,-78.46,-78.58,-78.49,-78.49,-78.33,-78.58,-78.71,-78.65,-78.61,-78.58,-78.55,-78.49,-78.58,-78.58,-78.52,-78.58,-78.61,-78.52,-78.58,-78.55,-78.58,-78.49,-78.58,-78.68,-78.46,-78.68,-78.65,-78.61,-78.68,-78.55,-78.65,-78.68,-78.68,-78.77,-78.55,-78.61,-78.8,-78.71,-78.74,-78.74,-78.68,-78.74,-78.71,-78.71,-78.74,-78.8,-78.52,-78.74,-78.65,-78.71,-78.68,-78.68,-78.74,-78.71,-78.74,-78.8,-78.71,-78.77,-78.74,-78.71,-78.8,-78.83,-78.83,-78.8,-78.89,-78.8,-78.77,-78.71,-78.71,-78.86,-78.77,-78.71,-78.77,-78.71,-78.8,-78.83,-78.83,-78.65,-78.77,-78.8,-78.71,-78.74,-78.65,-78.71,-78.71,-78.65,-78.77,-78.61,-78.55,-78.58,-78.71,-78.68,-78.61,-78.46,-78.46,-78.61,-78.68,-78.65,-78.65,-78.74,-78.52,-78.58,-78.55,-78.52,-78.46,-78.55,-78.58,-78.61,-78.74,-78.65,-78.58,-78.68,-78.46,-78.55,-78.68,-78.55,-78.61,-78.55,-78.58,-78.58,-78.58,-78.52,-78.61,-78.55,-78.61,-78.58,-78.61,-78.65,-78.61,-78.58,-78.49,-78.65,-78.52,-78.61,-78.55,-78.61,-78.58,-78.58,-78.46,-78.55,-78.52,-78.43,-78.58,-78.55,-78.55,-78.55,-78.46,-78.4,-78.37,-78.46,-78.52,-78.46,-78.52,-78.46,-78.46,-78.46,-78.58,-78.65,-78.65,-78.49,-78.52,-78.68,-78.61,-78.55,-78.55,-78.58,-78.61,-78.8,-78.65,-78.52,-78.61,-78.68,-78.68,-78.49,-78.65,-78.71,-78.4,-78.58,-78.55,-78.58,-78.61,-78.52,-78.49,-78.52,-78.52,-78.55,-78.55,-78.55,-78.46,-78.55,-78.55,-78.46,-78.52,-78.46,-78.33,-78.49,-78.52,-78.49,-78.43,-78.4,-78.49,-78.49,-78.33,-78.55,-78.52,-78.46,-78.55,-78.27,-78.4,-78.55,-78.52,-78.49,-78.43,-78.49,-78.37,-78.43,-78.43,-78.46,-78.55,-78.61,-78.46,-78.46,-78.61,-78.55,-78.52,-78.49,-78.49,-78.46,-78.61,-78.52,-78.46,-78.61,-78.55,-78.58,-78.61,-78.61,-78.58,-78.52,-78.58,-78.55,-78.52,-78.65,-78.61,-78.58,-78.61,-78.61,-78.52,-78.71,-78.68,-78.58,-78.77,-78.68,-78.77,-78.71,-78.8,-78.68,-78.74,-78.65,-78.68,-78.61,-78.74,-78.77,-78.68,-78.77,-78.77,-78.74,-78.77,-78.68,-78.68,-78.68,-78.71,-78.65,-78.61,-78.74,-78.8,-78.74,-78.65,-78.83,-78.55,-78.65,-78.68,-78.61,-78.65,-78.61,-78.71,-78.68,-78.61,-78.58,-78.58,-78.55,-78.74,-78.52,-78.68,-78.49,-78.58,-78.65,-78.58,-78.55,-78.52,-78.52,-78.55,-78.61,-78.58,-78.55,-78.52,-78.68,-78.52,-78.74,-78.52,-78.58,-78.74,-78.71,-78.71,-78.74,-78.74,-78.58,-78.61,-78.49,-78.65,-78.61,-78.58,-78.68,-78.65,-78.65,-78.65,-78.68,-78.74,-78.61,-78.65,-78.83,-78.68,-78.68,-78.68,-78.55,-78.71,-78.8,-78.8,-78.4,-78.61,-78.58,-78.68,-78.71,-78.61,-78.65,-78.49,-78.74,-78.55,-78.61,-78.55,-78.58,-78.68,-78.68,-78.65,-78.58,-78.61,-78.58,-78.71,-78.8,-78.71,-78.89,-78.96,-78.8,-78.68,-78.68,-78.89,-78.68,-78.77,-78.8,-78.83,-78.74,-78.71,-78.77,-78.77,-78.8,-78.93,-78.8,-78.77,-78.71,-78.74,-78.74,-78.74,-78.68,-78.74,-78.61,-78.74,-78.68,-78.71,-78.65,-78.61,-78.71,-78.74,-78.71,-78.52,-78.65,-78.58,-78.61,-78.61,-78.58,-78.55,-78.55,-78.61,-78.61,-78.52,-78.61,-78.58,-78.52,-78.65,-78.68,-78.61,-78.61,-78.46,-78.46,-78.55,-78.68,-78.61,-78.65,-78.55,-78.77,-78.61,-78.74,-78.58,-78.68,-78.61,-78.68,-78.65,-78.65,-78.65,-78.68,-78.65,-78.61,-78.71,-78.71,-78.71,-78.71,-78.65,-78.8,-78.74,-78.65,-78.68,-78.68,-78.74,-78.71,-78.71,-78.68,-78.8,-78.8,-78.68,-78.58,-78.74,-78.83,-78.74,-78.68,-78.77,-78.71,-78.77,-78.89,-78.74,-78.99,-77.53,-75.97,-74.92,-73.67,-72.83,-71.9,-70.94,-70.07,-69.29,-68.6,-67.83,-67.08,-66.46,-65.84,-65.19,-64.69,-63.97,-63.44,-62.95,-62.42,-61.89,-61.33,-60.99,-60.34,-59.87,-59.56,-59.31,-58.72,-58.28,-57.91,-57.54,-57.23,-56.92,-56.39,-56.05,-55.7,-55.42,-54.9,-54.55,-54.12,-53.75,-53.4,-53.16,-52.75,-52.35,-52.07,-51.73,-51.07,-50.64,-49.92,-49.3,-48.87,-47.06,5.25,32.39,-10.79,-42.12,-57.04,-60.34,-60.71,-60.43,-59.87,-59.28,-58.88,-58.44,-58.19,-58.0,-57.57,-57.38,-57.13,-57.01,-56.82,-56.57,-56.61,-56.33,-56.11,-56.11,-56.02,-55.92,-55.8,-55.77,-55.7,-55.58,-55.46,-55.33,-55.27,-55.3,-54.99,-54.83,-54.77,-54.8,-54.55,-54.68,-54.59,-54.71,-54.4,-54.4,-54.37,-54.4,-54.24,-54.21,-54.06,-54.09,-54.03,-54.06,-53.99,-53.96,-53.93,-53.84,-53.87,-53.81,-53.72,-53.72,-53.62,-53.65,-53.5,-53.4,-53.37,-53.28,-53.19,-53.09,-52.88,-52.81,-52.78,-52.81,-52.78,-52.66,-52.66,-52.69,-52.53,-52.63,-52.56,-52.32,-52.25,-52.41,-52.13,-52.19,-52.16,-52.07,-51.94,-51.88,-51.82,-51.85,-51.79,-51.91,-51.63,-51.85,-51.69,-51.48,-51.6,-51.38,-51.38,-51.32,-51.2,-50.76,-50.89,-50.98,-50.86,-50.64,-50.7,-50.73,-50.73,-50.64,-50.54,-50.61,-50.58,-50.64,-50.61,-50.61,-50.51,-50.42,-50.58,-50.58,-50.54,-50.51,-50.54,-50.42,-50.42,-50.33,-50.45,-50.39,-50.3,-50.17,-50.2,-50.08,-50.17,-49.98,-50.14,-50.14,-50.3,-50.17,-50.39,-50.42,-50.36,-50.36,-50.39,-50.33,-50.39,-50.36,-50.7,-50.76,-50.7,-50.82,-50.64,-50.67,-50.7,-50.64,-50.79,-50.67,-50.86,-50.7,-50.79,-50.82,-50.67,-50.89,-50.92,-50.7,-50.64,-50.61,-50.82,-50.86,-50.73,-50.73,-50.7,-50.82,-50.82,-50.67,-50.61,-50.89,-50.98,-51.01,-50.89,-51.04,-51.07,-51.1,-51.04,-51.07,-50.95,-51.01,-50.73,-50.82,-50.79,-50.95,-50.86,-50.89,-50.89,-51.17,-51.1,-51.1,-51.26,-51.29,-51.35,-51.38,-51.48,-51.48,-51.38,-51.41,-51.6,-51.66,-51.73,-51.66,-51.63,-51.69,-51.82,-52.01,-52.04,-52.04,-51.94,-51.91,-52.07,-51.91,-52.1,-52.1,-51.97,-52.29,-52.29,-52.22,-52.22,-52.19,-52.16,-52.29,-52.32,-52.32,-52.35,-52.41,-52.38,-52.32,-52.44,-52.47,-52.63,-52.66,-52.75,-52.78,-52.84,-52.84,-53.06,-53.03,-53.12,-53.09,-53.22,-53.12,-53.31,-53.44,-53.28,-53.34,-53.4,-53.44,-53.5,-53.62,-53.56,-53.59,-53.65,-53.53,-53.87,-53.84,-53.9,-53.87,-53.78,-53.93,-53.93,-54.06,-53.9,-53.93,-54.15,-54.03,-54.06,-54.18,-54.24,-54.4,-54.31,-54.27,-54.24,-54.31,-54.31,-54.43,-54.24,-54.34,-54.49,-54.37,-54.4,-54.27,-54.46,-54.46,-54.46,-54.65,-54.62,-54.65,-54.62,-54.74,-54.71,-54.74,-54.65,-54.74,-54.87,-54.77,-54.83,-54.83,-54.8,-54.87,-54.96,-55.02,-54.96,-54.93,-55.08,-55.11,-55.02,-55.18,-55.11,-55.15,-55.3,-55.08,-55.24,-55.18,-55.27,-55.21,-55.27,-55.27,-55.39,-55.33,-55.33,-55.55,-55.46,-55.58,-55.55,-55.64,-55.61,-55.61,-55.58,-55.67,-55.64,-55.67,-55.58,-55.7,-55.7,-55.77,-55.67,-55.83,-55.8,-55.83,-55.86,-56.02,-55.86,-56.11,-56.02,-56.11,-56.08,-56.02,-56.14,-56.08,-56.3,-56.33,-56.33,-56.23,-56.3,-56.3,-56.39,-56.3,-56.33,-56.54,-56.42,-56.42,-56.48,-56.3,-56.42,-56.54,-56.57,-56.57,-56.3,-56.64,-56.45,-56.51,-56.57,-56.51,-56.57,-56.33,-56.48,-56.57,-56.51,-56.67,-56.57,-56.73,-56.73,-56.7,-56.79,-56.73,-56.64,-56.73,-56.79,-56.79,-56.85,-56.89,-56.98,-56.95,-56.89,-56.92,-56.95,-57.04,-56.89,-56.95,-56.95,-56.89,-56.95,-57.04,-56.89,-57.01,-56.98,-56.92,-56.95,-56.92,-57.17,-57.17,-57.07,-56.98,-57.07,-57.1,-57.04,-57.26,-57.07,-57.01,-57.04,-57.07,-57.07,-56.98,-57.01,-57.1,-57.13,-57.13,-57.1,-57.1,-57.29,-57.26,-57.26,-57.26,-57.35,-57.38,-57.29,-57.51,-57.45,-57.51,-57.41,-57.6,-57.57,-57.35,-57.54,-57.45,-57.57,-57.45,-57.63,-57.63,-57.63,-57.66,-57.82,-57.66,-57.85,-57.79,-57.79,-57.82,-57.73,-57.79,-57.69,-57.69,-57.79,-57.6,-57.66,-57.73,-57.54,-57.63,-57.79,-57.73,-57.76,-57.79,-57.82,-57.73,-57.76,-57.76,-57.66,-57.66,-57.85,-57.82,-57.73,-57.57,-57.54,-57.76,-57.6,-57.76,-57.66,-57.73,-57.76,-57.69,-57.73,-57.79,-57.82,-57.85,-57.88,-57.91,-57.88,-58.0,-57.97,-57.82,-58.1,-57.94,-58.1,-57.91,-58.0,-58.1,-58.04,-58.16,-58.1,-58.19,-58.22,-58.25,-58.16,-58.13,-58.16,-58.22,-58.13,-58.19,-58.1,-58.16,-58.22,-58.22,-58.13,-58.19,-58.35,-58.19,-58.25,-58.28,-58.28,-58.41,-58.32,-58.32,-58.44,-58.35,-58.44,-58.38,-58.28,-58.32,-58.41,-58.38,-58.25,-58.38,-58.38,-58.41,-58.41,-58.44,-58.38,-58.41,-58.38,-58.35,-58.38,-58.47,-58.63,-58.5,-58.5,-58.56,-58.6,-58.63,-58.5,-58.63,-58.63,-58.63,-58.56,-58.53,-58.47,-58.5,-58.56,-58.38,-58.6,-58.53,-58.53,-58.47,-58.47,-58.38,-58.44,-58.5,-58.44,-58.38,-58.32,-58.35,-58.28,-58.38,-58.38,-58.56,-58.35,-58.35,-58.38,-58.38,-58.44,-58.53,-58.44,-58.41,-58.47,-58.56,-58.53,-58.6,-58.69,-58.63,-58.5,-58.56,-58.53,-58.78,-58.75,-58.72,-58.69,-58.66,-58.72,-58.72,-58.78,-58.78,-58.78,-58.91,-58.84,-58.81,-58.81,-59.0,-58.88,-58.88,-58.84,-58.88,-59.0,-58.97,-59.0,-58.97,-58.91,-58.88,-58.91,-58.94,-59.09,-59.09,-59.03,-59.06,-59.06,-59.03,-59.09,-59.06,-59.09,-59.03,-59.06,-59.0,-59.09,-59.09,-59.06,-59.09,-59.03,-59.19,-59.03,-59.06,-59.09,-59.06,-59.06,-59.09,-59.06,-59.16,-59.19,-59.12,-59.06,-59.19,-59.12,-59.06,-59.0,-59.0,-58.97,-58.94,-59.03,-59.09,-59.03,-59.25,-59.09,-59.25,-59.12,-59.09,-59.12,-59.16,-59.12,-59.09,-59.19,-59.22,-59.22,-59.28,-59.12,-59.16,-59.19,-59.31,-59.31,-59.19,-59.22,-59.22,-59.19,-59.22,-59.22,-59.19,-59.16,-59.12,-59.28,-59.19,-59.37,-59.28,-59.56,-59.47,-59.31,-59.5,-59.43,-59.5,-59.53,-59.62,-59.56,-59.62,-59.56,-59.68,-59.62,-59.59,-59.56,-59.62,-59.65,-59.68,-59.71,-59.78,-59.62,-59.68,-59.71,-59.75,-59.65,-59.68,-59.68,-59.84,-59.75,-59.75,-59.78,-59.84,-59.81,-59.78,-59.87,-59.81,-59.81,-59.93,-59.96,-59.81,-59.93,-59.9,-60.03,-59.84,-59.96,-59.99,-59.93,-60.09,-60.09,-60.12,-60.06,-60.03,-60.03,-60.18,-60.15,-60.06,-60.12,-60.18,-60.18,-60.15,-60.12,-60.15,-60.21,-60.15,-60.12,-60.27,-59.99,-60.12,-60.06,-60.27,-60.18,-60.21,-60.27,-60.31,-60.31,-60.43,-60.31,-60.4,-60.34,-60.24,-60.31,-60.37,-60.27,-60.34,-60.15,-60.21,-60.18,-60.27,-60.27,-60.24,-60.37,-60.37,-60.34,-60.21,-60.27,-60.18,-60.27,-60.27,-60.21,-60.27,-60.4,-60.34,-60.31,-60.49,-60.31,-60.34,-60.34,-60.46,-60.52,-60.43,-60.58,-60.43,-60.46,-60.65,-60.62,-60.58,-60.65,-60.58,-60.55,-60.55,-60.65,-60.58,-60.65,-60.71,-60.71,-60.58,-60.55,-60.77,-60.71,-60.58,-60.8,-60.74,-60.65,-60.68,-60.65,-60.83,-60.68,-60.68,-60.77,-60.71,-60.8,-60.8,-60.8,-60.77,-60.77,-60.74,-60.77,-60.8,-60.71,-60.74,-60.68,-60.77,-60.62,-60.62,-60.77,-60.65,-60.62,-60.74,-60.68,-60.71,-60.58,-60.77,-60.58,-60.68,-60.8,-60.74,-60.62,-60.71,-60.74,-60.8,-60.74,-60.77,-60.71,-60.83,-60.65,-60.71,-60.68,-60.74,-60.74,-60.8,-60.77,-60.71,-60.71,-60.71,-60.68,-60.65,-60.65,-60.74,-60.62,-60.74,-60.55,-60.62,-60.77,-60.77,-60.83,-60.62,-60.8,-60.74,-60.71,-60.71,-60.8,-60.8,-60.77,-60.68,-60.9,-60.83,-60.99,-60.83,-60.86,-60.74,-60.8,-60.93,-60.99,-60.93,-61.02,-60.96,-61.05,-60.99,-60.99,-60.9,-61.05,-60.99,-60.96,-61.02,-60.99,-60.83,-60.83,-60.9,-61.02,-60.9,-60.99,-60.93,-61.08,-60.93,-60.99,-61.02,-61.11,-61.14,-61.11,-61.18,-61.11,-61.18,-61.21,-61.18,-61.18,-61.21,-61.24,-61.33,-61.27,-61.33,-61.3,-61.27,-61.39,-61.3,-61.3,-61.3,-61.36,-61.3,-61.3,-61.21,-61.39,-61.33,-61.33,-61.18,-61.3,-61.21,-61.08,-61.11,-61.05,-61.18,-61.14,-61.3,-61.05,-61.11,-61.18,-61.08,-61.18,-61.18,-61.18,-61.14,-61.11,-61.11,-61.24,-61.24,-61.21,-61.14,-61.21,-61.21,-61.3,-61.24,-61.36,-61.27,-61.27,-61.14,-61.24,-61.05,-61.24,-61.27,-61.27,-61.18,-61.27,-61.27,-61.3,-61.21,-61.18,-61.24,-61.3,-61.24,-61.11,-61.33,-61.24,-61.18,-61.27,-61.27,-61.21,-61.24,-61.21,-61.3,-61.27,-61.24,-61.27,-61.14,-61.21,-61.18,-61.14,-61.11,-61.36,-61.21,-61.27,-61.21,-61.18,-61.08,-61.27,-61.14,-61.24,-61.18,-61.3,-61.18,-61.27,-61.21,-61.24,-61.18,-61.21,-61.27,-61.14,-61.14,-61.18,-61.14,-61.24,-61.11,-61.08,-61.05,-61.24,-61.11,-61.11,-61.11,-61.14,-61.18,-61.11,-61.18,-61.27,-61.18,-61.21,-61.11,-61.14,-61.11,-61.08,-61.05,-61.21,-61.14,-61.14,-61.24,-61.11,-61.14,-61.14,-61.05,-61.18,-61.11,-61.14,-61.11,-61.05,-61.11,-61.11,-61.11,-61.08,-60.99,-61.21,-61.21,-61.18,-61.24,-61.18,-61.18,-61.14,-61.14,-61.27,-61.05,-61.08,-61.11,-61.18,-61.14,-61.05,-61.08,-61.14,-61.05,-61.27,-61.27,-61.08,-61.24,-61.11,-61.27,-61.24,-61.18,-61.21,-61.3,-61.33,-61.18,-61.3,-61.3,-61.33,-61.3,-61.46,-61.3,-61.39,-61.42,-61.36,-61.36,-61.3,-61.42,-61.36,-61.49,-61.3,-61.39,-61.24,-61.21,-61.24,-61.27,-61.27,-61.27,-61.3,-61.18,-61.36,-61.18,-61.21,-61.39,-61.33,-61.36,-61.36,-61.36,-61.39,-61.24,-61.33,-61.39,-61.27,-61.52,-61.36,-61.39,-61.42,-61.3,-61.27,-61.49,-61.49,-61.55,-61.55,-61.52,-61.52,-61.42,-61.33,-61.27,-61.18,-61.36,-61.3,-61.27,-61.27,-61.27,-61.39,-61.42,-61.27,-61.3,-61.3,-61.39,-61.55,-61.36,-61.21,-61.42,-61.39,-61.39,-61.42,-61.46,-61.42,-61.49,-61.58,-61.52,-61.49,-61.42,-61.67,-61.55,-61.58,-61.49,-61.39,-61.42,-61.42,-61.39,-61.39,-61.55,-61.39,-61.27,-61.49,-61.46,-61.39,-61.55,-61.39,-61.46,-61.64,-61.58,-61.58,-61.55,-61.58,-61.58,-61.64,-61.61,-61.61,-61.67,-61.7,-61.64,-61.77,-61.67,-61.52,-61.58,-61.61,-61.61,-61.67,-61.67,-61.64,-61.67,-61.58,-61.7,-61.74,-61.77,-61.67,-61.64,-61.77,-61.83,-61.55,-61.77,-61.58,-61.86,-61.64,-61.74,-61.86,-61.7,-61.77,-61.83,-61.92,-61.86,-61.8,-61.8,-61.77,-61.7,-61.8,-61.8,-61.8,-61.83,-61.86,-61.58,-61.83,-61.77,-61.77,-61.7,-61.86,-61.67,-61.86,-61.77,-61.83,-61.7,-61.77,-61.64,-61.83,-61.7,-61.74,-61.77,-61.8,-61.77,-61.58,-61.61,-61.7,-61.7,-61.61,-61.7,-61.55,-61.67,-61.7,-61.64,-61.67,-61.7,-61.7,-61.67,-61.61,-61.67,-61.8,-61.67,-61.58,-61.67,-61.61,-61.52,-61.67,-61.61,-61.55,-61.61,-61.67,-61.58,-61.67,-61.64,-61.64,-61.61,-61.64,-61.67,-61.55,-61.7,-61.61,-61.61,-61.58,-61.7,-61.64,-61.67,-61.58,-61.67,-61.61,-61.64,-61.67,-61.55,-61.67,-61.49,-61.7,-61.55,-61.7,-61.58,-61.52,-61.67,-61.7,-61.55,-61.58,-61.67,-61.7,-61.77,-61.7,-61.61,-61.77,-61.77,-61.7,-61.67,-61.64,-61.55,-61.52,-61.74,-61.67,-61.58,-61.74,-61.58,-61.67,-61.55,-61.52,-61.74,-61.61,-61.67,-61.58,-61.55,-61.58,-61.58,-61.55,-61.52,-61.49,-61.55,-61.55,-61.55,-61.55,-61.49,-61.52,-61.52,-61.42,-61.33,-61.39,-61.55,-61.39,-61.33,-61.42,-61.49,-61.49,-61.49,-61.46,-61.52,-61.33,-61.27,-61.36,-61.36,-61.49,-61.49,-61.55,-61.49,-61.36,-61.39,-61.58,-61.39,-61.39,-61.33,-61.55,-61.42,-61.21,-61.42,-61.33,-61.33,-61.27,-61.24,-61.3,-61.14,-61.24,-61.27,-61.3,-61.24,-61.3,-61.33,-61.27,-61.36,-61.24,-61.3,-61.24,-61.36,-61.36,-61.49,-61.33,-61.21,-61.3,-61.36,-61.3,-61.36,-61.33,-61.24,-61.33,-61.33,-61.42,-61.36,-61.33,-61.39,-61.42,-61.46,-61.36,-61.36,-61.33,-61.36,-61.49,-61.3,-61.42,-61.24,-61.3,-61.33,-61.3,-61.46,-61.49,-61.27,-61.42,-61.27,-61.39,-61.36,-61.36,-61.27,-61.33,-61.18,-61.39,-61.36,-61.39,-61.39,-61.36,-61.33,-61.39,-61.36,-61.36,-61.42,-61.49,-61.39,-61.55,-61.42,-61.39,-61.55,-61.27,-61.52,-61.36,-61.52,-61.42,-61.55,-61.58,-61.55,-61.52,-61.61,-61.52,-61.55,-61.46,-61.55,-61.58,-61.58,-61.61,-61.52,-61.64,-61.64,-61.58,-61.52,-61.58,-61.64,-61.55,-61.49,-61.49,-61.49,-61.46,-61.58,-61.55,-61.7,-61.67,-61.55,-61.49,-61.55,-61.58,-61.58,-61.67,-61.7,-61.55,-61.64,-61.55,-61.52,-61.42,-61.39,-61.46,-61.58,-61.49,-61.55,-61.39,-61.61,-61.55,-61.64,-61.58,-61.74,-61.64,-61.7,-61.74,-61.67,-61.58,-61.61,-61.74,-61.64,-61.67,-61.64,-61.74,-61.67,-61.67,-61.74,-61.61,-61.74,-61.83,-61.83,-61.86,-61.67,-61.64,-61.74,-61.83,-61.74,-61.86,-61.77,-61.77,-61.8,-61.98,-61.89
Sweep_2,-70.0,-63.41,-63.44,-63.44,-63.26,-63.41,-63.32,-63.32,-63.29,-63.29,-63.23,-63.32,-63.17,-63.23,-63.38,-63.32,-63.23,-63.32,-63.38,-63.26,-63.29,-63.44,-63.2,-63.26,-63.26,-63.1,-63.29,-63.35,-63.26,-63.2,-63.23,-63.23,-63.26,-63.17,-63.17,-63.26,-63.26,-63.41,-63.32,-63.32,-63.23,-63.29,-63.41,-63.23,-63.2,-63.2,-63.29,-63.26,-63.26,-63.29,-63.23,-63.29,-63.26,-63.2,-63.2,-63.23,-63.29,-63.35,-63.38,-63.29,-63.38,-63.26,-63.23,-63.23,-63.26,-63.29,-63.29,-63.2,-63.2,-63.2,-63.2,-63.17,-63.13,-63.17,-63.07,-63.07,-63.23,-63.26,-63.17,-63.17,-63.1,-63.07,-63.32,-63.29,-63.2,-63.23,-63.23,-63.23,-63.17,-63.17,-63.29,-63.29,-63.29,-63.17,-63.32,-63.17,-63.35,-63.26,-63.26,-63.07,-63.26,-63.07,-63.04,-63.23,-63.2,-63.1,-63.23,-63.1,-63.01,-63.07,-63.13,-63.2,-63.17,-63.13,-63.17,-63.13,-63.23,-63.1,-63.1,-63.07,-63.04,-63.04,-63.13,-63.07,-63.17,-63.07,-63.1,-62.92,-63.2,-63.04,-63.1,-63.1,-63.17,-63.07,-63.01,-63.07,-63.17,-63.17,-63.17,-63.1,-63.1,-63.13,-63.17,-63.17,-63.07,-63.07,-63.01,-63.07,-63.07,-63.01,-63.04,-63.01,-63.1,-63.23,-62.98,-63.1,-63.13,-63.13,-63.17,-63.13,-63.26,-63.2,-63.17,-63.07,-63.01,-63.04,-62.92,-63.01,-63.01,-63.1,-63.07,-63.01,-62.98,-62.98,-63.04,-63.1,-63.01,-63.04,-63.07,-63.01,-62.89,-63.07,-63.13,-63.04,-63.07,-63.07,-63.13,-63.07,-63.04,-63.04,-63.07,-63.2,-63.1,-63.07,-63.13,-63.01,-63.1,-63.17,-63.1,-63.01,-63.07,-63.07,-63.07,-63.07,-63.1,-63.1,-63.01,-63.07,-63.2,-63.04,-63.1,-63.1,-63.2,-63.1,-63.1,-63.13,-63.01,-62.98,-63.01,-63.01,-63.04,-63.01,-62.98,-63.04,-62.85,-62.92,-62.89,-62.95,-62.82,-62.85,-62.79,-62.89,-62.85,-62.89,-62.92,-62.89,-62.82,-62.85,-62.98,-62.85,-62.95,-63.01,-62.92,-63.01,-62.89,-63.01,-63.1,-62.95,-63.13,-62.98,-63.04,-62.98,-62.95,-63.01,-62.98,-62.89,-62.92,-63.04,-62.85,-63.01,-63.13,-63.17,-63.07,-63.1,-63.07,-63.1,-63.17,-63.17,-63.1,-63.13,-63.17,-63.17,-63.13,-63.1,-63.26,-63.13,-63.1,-63.23,-63.1,-63.13,-63.04,-63.17,-63.2,-63.13,-63.29,-63.26,-63.1,-63.13,-63.26,-63.13,-63.17,-63.2,-63.26,-63.04,-63.2,-63.23,-63.17,-63.1,-63.13,-63.13,-63.26,-62.98,-63.17,-63.07,-62.92,-63.1,-63.01,-63.01,-62.98,-63.07,-63.01,-63.01,-62.98,-63.01,-63.04,-63.13,-63.01,-62.95,-62.95,-63.1,-63.07,-63.1,-63.07,-63.07,-63.01,-63.07,-63.01,-62.85,-63.04,-62.92,-62.89,-63.01,-63.04,-63.01,-63.13,-63.01,-62.85,-62.92,-62.82,-62.82,-63.04,-63.01,-63.01,-63.01,-62.98,-63.1,-63.1,-63.04,-63.04,-63.07,-63.1,-63.01,-63.07,-63.07,-63.07,-63.1,-63.04,-63.1,-63.04,-62.92,-62.89,-63.01,-62.85,-62.89,-62.82,-63.04,-62.82,-62.85,-62.79,-62.79,-62.82,-62.98,-62.89,-62.95,-62.85,-62.95,-62.73,-63.88,-65.0,-66.06,-66.96,-67.8,-68.54,-69.29,-70.13,-70.69,-71.5,-72.24,-72.74,-73.33,-73.98,-74.79,-75.26,-75.75,-76.44,-77.0,-77.62,-78.05,-78.52,-79.02,-79.55,-80.01,-80.57,-80.98,-81.44,-81.85,-82.44,-82.75,-83.21,-83.59,-84.05,-84.46,-84.92,-85.33,-85.7,-86.11,-86.39,-86.91,-87.07,-87.57,-87.85,-88.25,-88.53,-88.81,-89.15,-89.43,-89.9,-90.08,-90.43,-90.8,-91.11,-91.36,-91.67,-91.95,-92.14,-92.54,-92.76,-92.85,-93.1,-93.41,-93.63,-93.85,-94.13,-94.31,-94.65,-94.75,-95.06,-95.15,-95.52,-95.65,-95.84,-95.99,-96.12,-96.21,-96.4,-96.64,-96.67,-96.89,-97.11,-97.05,-97.48,-97.39,-97.64,-97.64,-97.7,-97.95,-98.1,-98.17,-98.23,-98.42,-98.42,-98.57,-98.6,-98.66,-98.76,-98.85,-98.85,-98.88,-98.85,-99.07,-98.98,-99.1,-99.07,-99.25,-99.13,-99.29,-99.22,-99.47,-99.29,-99.35,-99.25,-99.53,-99.32,-99.38,-99.29,-99.44,-99.32,-99.38,-99.35,-99.22,-99.35,-99.22,-99.19,-99.19,-99.04,-99.04,-99.01,-98.94,-98.88,-98.76,-98.79,-98.6,-98.48,-98.6,-98.48,-98.35,-98.38,-98.38,-98.23,-98.17,-98.01,-97.98,-97.89,-97.95,-97.64,-97.58,-97.64,-97.39,-97.39,-97.23,-97.27,-97.05,-97.11,-96.92,-96.95,-96.64,-96.58,-96.49,-96.58,-96.3,-96.33,-96.08,-96.18,-96.15,-95.9,-95.84,-95.71,-95.65,-95.52,-95.43,-95.31,-95.12,-95.03,-95.03,-94.97,-94.9,-94.69,-94.65,-94.5,-94.22,-94.19,-94.03,-93.88,-93.81,-93.75,-93.5,-93.47,-93.35,-93.22,-93.16,-92.98,-92.98,-92.82,-92.57,-92.57,-92.48,-92.45,-92.23,-92.2,-91.98,-91.98,-91.89,-91.76,-91.61,-91.55,-91.48,-91.39,-91.42,-91.14,-91.08,-90.99,-90.92,-90.83,-90.77,-90.49,-90.52,-90.49,-90.27,-90.21,-90.18,-90.05,-90.02,-89.9,-89.81,-89.68,-89.53,-89.43,-89.28,-89.25,-89.03,-88.97,-88.9,-88.9,-88.62,-88.53,-88.5,-88.56,-88.19,-88.16,-88.06,-88.03,-87.85,-87.91,-87.78,-87.72,-87.6,-87.6,-87.5,-87.29,-87.29,-87.16,-87.07,-86.98,-86.98,-86.88,-86.7,-86.67,-86.6,-86.45,-86.42,-86.48,-86.42,-86.17,-86.14,-86.11,-86.07,-86.01,-85.8,-85.73,-85.73,-85.73,-85.61,-85.55,-85.39,-85.24,-85.39,-85.24,-85.24,-85.17,-85.08,-85.11,-84.96,-84.86,-84.83,-84.8,-84.8,-84.74,-84.49,-84.49,-84.43,-84.24,-84.33,-84.21,-84.18,-84.3,-84.18,-84.09,-84.02,-83.87,-83.93,-83.87,-83.81,-83.77,-83.81,-83.71,-83.65,-83.62,-83.65,-83.62,-83.49,-83.46,-83.31,-83.4,-83.31,-83.34,-83.18,-83.28,-83.09,-83.12,-83.15,-82.97,-83.06,-82.97,-82.87,-82.81,-82.69,-82.75,-82.56,-82.72,-82.69,-82.69,-82.47,-82.41,-82.38,-82.25,-82.38,-82.34,-82.16,-82.19,-82.1,-81.88,-82.0,-81.75,-81.75,-81.88,-81.75,-81.79,-81.57,-81.6,-81.63,-81.54,-81.54,-81.41,-81.51,-81.35,-81.38,-81.47,-81.32,-81.26,-81.19,-81.16,-81.16,-81.1,-81.16,-81.07,-81.1,-80.91,-80.91,-81.1,-80.88,-80.88,-80.88,-80.76,-80.73,-80.73,-80.7,-80.6,-80.73,-80.6,-80.63,-80.48,-80.54,-80.48,-80.67,-80.57,-80.39,-80.48,-80.29,-80.29,-80.36,-80.17,-80.26,-80.45,-80.2,-80.14,-80.17,-80.2,-80.26,-80.17,-80.23,-80.14,-80.26,-80.08,-80.08,-80.17,-80.04,-80.04,-80.11,-79.98,-80.17,-80.01,-80.11,-79.95,-80.04,-79.89,-79.98,-79.95,-79.98,-79.76,-79.92,-79.8,-79.76,-79.76,-79.67,-79.76,-79.64,-79.67,-79.7,-79.61,-79.61,-79.55,-79.52,-79.48,-79.42,-79.52,-79.33,-79.39,-79.42,-79.3,-79.39,-79.24,-79.33,-79.33,-79.3,-79.27,-79.2,-79.24,-79.05,-79.2,-79.27,-79.14,-79.14,-79.2,-79.27,-79.17,-79.08,-79.17,-79.27,-79.02,-78.99,-78.8,-78.89,-78.99,-78.93,-79.02,-78.93,-79.11,-78.86,-78.93,-78.89,-78.96,-78.89,-79.05,-78.8,-78.89,-78.77,-78.89,-78.89,-78.77,-78.8,-78.83,-78.8,-78.8,-78.77,-78.71,-78.71,-78.71,-78.74,-78.77,-78.65,-78.71,-78.71,-78.68,-78.68,-78.71,-78.68,-78.71,-78.74,-78.71,-78.74,-78.68,-78.77,-78.74,-78.49,-78.61,-78.71,-78.65,-78.58,-78.74,-78.65,-78.74,-78.58,-78.49,-78.61,-78.46,-78.49,-78.61,-78.52,-78.55,-78.43,-78.61,-78.61,-78.33,-78.55,-78.58,-78.43,-78.37,-78.33,-78.43,-78.24,-78.3,-78.37,-78.3,-78.15,-78.4,-78.27,-78.21,-78.27,-78.18,-78.24,-78.24,-78.12,-78.09,-78.12,-78.15,-78.02,-78.09,-78.05,-78.05,-78.05,-78.05,-78.02,-77.96,-78.05,-78.02,-78.05,-78.02,-78.12,-78.12,-78.15,-78.05,-78.02,-78.05,-78.02,-78.09,-77.96,-78.09,-78.05,-77.99,-77.96,-78.12,-77.99,-78.02,-77.96,-77.81,-77.87,-77.96,-78.05,-78.05,-77.99,-77.96,-77.93,-77.99,-77.93,-77.87,-78.02,-77.74,-77.78,-77.87,-77.9,-77.87,-77.9,-77.78,-77.84,-77.96,-77.74,-77.87,-77.78,-77.81,-77.81,-77.81,-77.78,-77.9,-77.84,-77.81,-77.74,-77.74,-77.87,-77.84,-77.71,-77.9,-77.71,-77.74,-77.74,-77.81,-77.84,-77.78,-77.74,-77.74,-77.74,-77.81,-77.84,-77.74,-77.74,-77.59,-77.65,-77.78,-77.68,-77.78,-77.62,-77.56,-77.68,-77.65,-77.62,-77.68,-77.68,-77.68,-77.78,-77.59,-77.56,-77.53,-77.62,-77.43,-77.46,-77.37,-77.4,-77.34,-77.31,-77.43,-77.4,-77.5,-77.37,-77.43,-77.22,-77.37,-77.43,-77.46,-77.37,-77.37,-77.37,-77.34,-77.4,-77.18,-77.34,-77.46,-77.28,-77.31,-77.28,-77.22,-77.34,-77.28,-77.15,-77.31,-77.37,-77.37,-77.34,-77.28,-77.43,-77.25,-77.34,-77.31,-77.25,-77.31,-77.34,-77.22,-77.31,-77.18,-77.25,-77.28,-77.18,-77.31,-77.34,-77.09,-77.34,-77.22,-77.28,-77.37,-77.34,-77.28,-77.34,-77.22,-77.25,-77.22,-77.28,-77.28,-77.18,-77.18,-77.18,-77.15,-77.28,-77.18,-77.31,-77.25,-77.34,-77.28,-77.34,-77.22,-77.15,-77.28,-77.15,-77.22,-77.25,-77.09,-77.25,-77.18,-77.22,-77.15,-77.12,-76.97,-77.15,-77.03,-77.09,-77.03,-77.25,-77.06,-77.03,-77.03,-77.0,-77.03,-77.12,-76.97,-76.9,-76.97,-76.97,-77.12,-77.03,-76.97,-76.97,-77.06,-76.97,-76.97,-77.0,-77.06,-77.0,-76.94,-76.97,-76.97,-76.94,-77.0,-77.06,-77.0,-77.0,-77.09,-77.0,-77.06,-77.0,-77.06,-76.87,-76.84,-76.84,-76.9,-76.94,-76.81,-76.87,-76.97,-76.94,-76.94,-76.94,-76.9,-76.94,-76.97,-76.94,-76.94,-76.81,-76.84,-76.78,-76.78,-76.81,-76.94,-76.9,-76.94,-77.0,-76.81,-76.94,-76.9,-76.94,-76.84,-77.06,-77.06,-76.97,-77.03,-76.94,-76.87,-77.03,-77.09,-76.87,-76.97,-77.12,-77.0,-77.15,-77.09,-77.03,-77.06,-76.97,-77.09,-77.25,-77.12,-77.03,-77.22,-77.06,-77.22,-77.15,-77.18,-77.15,-77.18,-77.03,-77.0,-77.12,-77.12,-76.97,-76.97,-77.09,-76.97,-77.09,-76.94,-76.94,-77.03,-76.9,-76.78,-76.84,-76.84,-76.9,-76.87,-76.9,-76.9,-76.75,-76.9,-76.81,-76.72,-76.75,-76.97,-76.78,-76.69,-76.72,-76.72,-76.84,-76.84,-76.75,-76.87,-76.84,-76.84,-76.78,-76.9,-76.84,-76.72,-76.75,-76.81,-77.0,-76.75,-76.69,-76.78,-76.69,-76.81,-76.84,-76.84,-76.78,-76.97,-76.87,-76.87,-76.75,-76.87,-76.84,-76.9,-76.75,-76.69,-76.94,-76.78,-76.87,-77.0,-76.94,-76.87,-76.84,-76.84,-76.84,-77.0,-76.9,-76.97,-76.81,-76.81,-76.81,-76.72,-76.94,-76.87,-76.87,-76.94,-76.94,-77.0,-77.09,-76.97,-77.0,-76.81,-76.87,-77.0,-76.87,-76.78,-77.0,-76.97,-76.94,-76.84,-77.0,-76.94,-77.06,-76.84,-77.0,-77.06,-77.0,-77.0,-76.81,-76.9,-76.81,-76.72,-76.78,-76.75,-76.84,-76.9,-76.81,-76.78,-76.78,-76.9,-76.75,-76.9,-76.84,-76.9,-76.94,-76.75,-76.72,-76.75,-76.94,-76.72,-76.78,-76.78,-76.75,-76.81,-76.69,-76.78,-76.97,-76.84,-76.94,-76.9,-76.97,-76.97,-76.84,-76.84,-77.0,-76.81,-76.97,-77.0,-76.97,-76.9,-77.0,-76.9,-76.81,-77.0,-76.75,-77.06,-77.03,-76.97,-77.03,-76.97,-77.03,-76.97,-77.0,-76.97,-77.0,-77.03,-76.94,-76.97,-76.9,-77.15,-77.12,-76.94,-77.09,-77.12,-77.15,-77.22,-77.18,-77.18,-77.25,-77.15,-77.12,-77.12,-77.12,-77.15,-77.12,-77.25,-77.15,-77.22,-77.22,-77.22,-77.25,-77.12,-77.12,-77.18,-77.22,-77.25,-77.34,-77.28,-77.18,-77.22,-77.28,-77.34,-77.22,-77.25,-77.22,-77.15,-77.22,-77.22,-77.18,-77.25,-77.12,-77.18,-77.18,-77.22,-77.34,-77.31,-77.25,-77.09,-77.18,-77.12,-77.15,-77.25,-77.15,-77.12,-77.12,-77.12,-77.03,-77.0,-77.06,-77.12,-77.12,-77.06,-77.09,-77.15,-77.06,-77.09,-77.03,-77.06,-77.22,-77.25,-77.18,-77.12,-77.09,-77.12,-77.0,-77.09,-77.15,-77.18,-77.12,-77.06,-77.09,-77.22,-77.22,-77.12,-77.12,-77.09,-77.15,-77.09,-77.12,-77.22,-77.22,-77.25,-77.22,-77.28,-77.28,-77.25,-77.18,-77.28,-77.22,-77.18,-77.18,-77.28,-77.12,-77.15,-77.15,-77.15,-77.22,-77.28,-77.25,-77.25,-77.15,-77.31,-77.06,-77.22,-77.22,-77.22,-77.18,-77.31,-77.18,-77.25,-77.18,-77.28,-77.31,-77.15,-77.28,-77.22,-77.18,-77.18,-77.34,-77.28,-77.34,-77.06,-77.18,-77.15,-77.18,-77.25,-77.22,-77.06,-77.22,-77.22,-77.15,-77.25,-77.18,-77.09,-77.22,-77.09,-77.12,-76.97,-77.09,-77.18,-77.18,-77.12,-77.12,-76.94,-77.03,-77.03,-77.09,-77.03,-77.03,-77.09,-77.0,-77.09,-77.15,-77.0,-77.09,-77.09,-77.09,-77.22,-77.09,-77.09,-77.06,-77.15,-77.18,-77.12,-77.25,-77.18,-77.03,-77.15,-77.34,-77.28,-77.22,-77.25,-77.12,-77.22,-77.25,-77.22,-77.09,-77.18,-77.18,-77.15,-77.28,-77.12,-77.18,-77.25,-77.25,-77.12,-77.25,-77.18,-77.25,-77.12,-77.15,-77.12,-77.09,-77.25,-77.15,-77.22,-77.18,-77.31,-77.25,-77.15,-77.34,-77.31,-77.22,-77.28,-77.25,-77.31,-77.37,-77.25,-77.22,-77.25,-77.31,-77.25,-77.22,-77.22,-77.28,-77.34,-77.18,-77.12,-77.28,-77.15,-77.15,-77.25,-77.22,-77.12,-77.18,-77.18,-77.22,-77.18,-77.15,-77.15,-77.09,-77.03,-77.06,-77.15,-77.09,-77.06,-77.22,-77.15,-77.25,-77.22,-77.0,-77.12,-77.06,-77.03,-77.0,-77.12,-77.12,-77.0,-77.0,-77.12,-77.18,-77.09,-77.06,-77.0,-76.94,-76.97,-76.94,-77.0,-76.9,-76.97,-77.0,-76.97,-76.94,-76.9,-76.94,-77.06,-77.18,-77.12,-77.03,-77.03,-77.15,-77.09,-77.06,-77.09,-77.09,-77.22,-77.15,-77.18,-77.22,-77.12,-77.06,-77.06,-77.15,-77.12,-77.03,-77.15,-77.12,-77.22,-77.18,-77.12,-77.09,-77.18,-77.15,-77.18,-77.12,-77.18,-77.18,-77.15,-77.18,-77.22,-77.25,-77.18,-77.31,-77.28,-77.22,-77.22,-77.31,-77.4,-77.28,-77.34,-77.25,-77.34,-77.28,-77.4,-77.4,-77.28,-77.43,-77.43,-77.31,-77.31,-77.25,-77.25,-77.34,-77.28,-77.31,-77.25,-77.22,-77.34,-77.22,-77.31,-77.28,-77.37,-77.28,-77.25,-77.22,-77.18,-77.12,-77.28,-77.15,-77.25,-77.12,-77.15,-77.15,-77.09,-77.03,-77.09,-77.18,-77.06,-77.09,-77.09,-77.15,-77.18,-77.06,-77.09,-77.06,-77.12,-77.03,-77.18,-77.15,-77.15,-77.15,-77.06,-77.0,-77.09,-77.03,-77.09,-76.97,-77.03,-77.03,-77.03,-77.06,-77.18,-77.15,-77.06,-77.15,-77.09,-77.0,-77.09,-77.03,-77.15,-77.12,-77.15,-77.18,-77.0,-77.03,-77.09,-76.97,-77.06,-77.12,-77.18,-77.09,-77.06,-77.15,-77.03,-77.09,-77.03,-77.15,-77.12,-77.15,-77.15,-77.22,-77.28,-77.25,-77.15,-77.28,-77.34,-77.09,-77.31,-77.31,-77.15,-77.12,-77.25,-77.25,-77.12,-77.25,-77.25,-77.03,-77.15,-77.25,-77.22,-77.25,-77.18,-77.31,-77.12,-77.34,-77.18,-77.22,-77.22,-77.09,-77.22,-77.15,-77.25,-77.22,-77.12,-77.12,-77.18,-77.25,-77.31,-77.15,-77.0,-77.09,-77.09,-77.09,-77.18,-77.06,-77.22,-77.15,-77.06,-77.18,-77.15,-77.09,-77.12,-77.22,-77.18,-77.06,-77.12,-77.15,-77.06,-77.03,-77.15,-77.18,-77.09,-77.12,-77.18,-77.0,-77.0,-77.12,-77.12,-77.12,-77.18,-76.97,-77.03,-77.09,-77.18,-77.0,-77.06,-76.9,-77.09,-77.12,-77.15,-77.15,-77.22,-77.22,-77.18,-77.15,-77.15,-77.18,-77.03,-77.06,-77.12,-77.18,-77.03,-77.0,-77.22,-77.15,-77.25,-77.15,-77.03,-77.15,-77.15,-77.12,-77.22,-77.22,-77.25,-77.15,-77.28,-77.18,-77.25,-77.18,-77.15,-77.28,-77.22,-77.09,-77.25,-77.34,-77.18,-77.18,-77.18,-77.18,-77.22,-77.09,-77.09,-77.25,-77.22,-77.25,-77.15,-77.09,-77.34,-77.12,-77.12,-77.15,-77.18,-77.18,-77.12,-77.06,-77.06,-77.06,-76.94,-77.18,-77.06,-77.12,-77.0,-77.03,-77.12,-76.97,-77.03,-77.0,-77.09,-77.09,-77.03,-76.97,-76.94,-77.12,-77.03,-77.0,-77.0,-77.0,-77.09,-77.12,-77.06,-76.97,-77.06,-76.94,-77.0,-77.03,-77.15,-77.09,-77.15,-77.06,-77.09,-77.15,-77.12,-77.12,-77.09,-77.18,-77.12,-77.18,-77.22,-77.12,-77.25,-77.18,-77.09,-77.12,-77.18,-77.06,-77.09,-77.09,-77.03,-77.25,-77.06,-77.18,-77.15,-77.15,-77.22,-77.22,-77.25,-77.18,-77.22,-77.15,-77.18,-77.22,-77.25,-77.31,-77.18,-77.22,-77.31,-77.37,-77.22,-77.31,-77.34,-77.46,-77.25,-77.34,-77.31,-77.31,-77.25,-77.31,-77.37,-77.31,-77.25,-77.28,-77.31,-77.18,-77.37,-77.34,-77.46,-77.28,-77.34,-77.31,-77.15,-77.18,-77.31,-77.34,-77.31,-77.25,-77.34,-77.18,-77.12,-77.06,-77.31,-77.18,-77.18,-77.22,-77.22,-77.18,-77.22,-77.15,-77.09,-77.09,-77.12,-77.03,-77.18,-77.06,-77.18,-77.09,-77.06,-77.12,-77.09,-77.15,-77.15,-76.9,-77.12,-77.12,-77.06,-77.18,-77.12,-77.12,-77.15,-77.06,-77.0,-77.12,-77.0,-77.18,-77.12,-77.15,-77.06,-76.97,-77.18,-77.03,-77.06,-77.09,-77.03,-77.09,-77.12,-77.18,-77.03,-77.18,-77.09,-77.12,-77.15,-77.09,-77.12,-77.12,-77.09,-77.15,-77.15,-77.03,-77.12,-77.18,-77.09,-77.06,-77.15,-77.22,-77.09,-77.25,-77.12,-77.09,-77.0,-77.12,-77.09,-77.15,-77.09,-77.18,-77.09,-77.09,-77.15,-77.22,-77.09,-77.18,-77.18,-77.25,-77.15,-77.09,-77.09,-77.15,-77.03,-77.12,-77.09,-77.18,-77.18,-77.15,-77.18,-77.18,-77.15,-77.18,-77.06,-77.06,-77.15,-77.18,-77.15,-77.18,-77.12,-77.03,-77.12,-77.06,-77.0,-76.94,-77.09,-76.97,-77.06,-77.06,-77.03,-77.0,-76.94,-76.9,-77.06,-77.0,-77.03,-76.87,-77.06,-77.0,-77.03,-77.0,-76.97,-77.03,-77.06,-77.09,-77.03,-77.03,-77.09,-77.06,-76.97,-77.0,-77.12,-77.03,-77.06,-77.09,-77.03,-77.03,-77.09,-76.97,-77.06,-77.03,-77.12,-77.0,-77.15,-76.94,-77.12,-77.03,-77.0,-77.03,-77.12,-77.15,-77.15,-77.09,-77.12,-77.09,-77.09,-77.03,-77.18,-77.15,-77.25,-77.12,-77.18,-77.22,-77.18,-77.12,-77.28,-77.28,-77.09,-77.28,-77.22,-77.25,-77.22,-77.22,-77.12,-77.12,-77.12,-77.25,-77.22,-77.25,-77.18,-77.22,-77.12,-77.25,-77.22,-77.18,-77.15,-77.15,-77.18,-77.09,-77.18,-77.28,-77.09,-77.12,-77.12,-77.18,-77.09,-77.15,-77.06,-77.09,-77.06,-77.09,-77.03,-77.0,-77.0,-76.97,-76.97,-77.09,-77.03,-77.09,-77.18,-77.09,-77.06,-77.03,-77.06,-77.06,-77.09,-77.0,-77.12,-77.09,-77.06,-77.0,-77.06,-76.97,-76.94,-77.0,-77.06,-77.03,-77.09,-77.03,-76.97,-77.06,-76.9,-77.03,-77.12,-77.09,-77.09,-76.97,-77.06,-77.0,-77.03,-76.9,-76.97,-77.12,-76.97,-76.94,-77.15,-77.06,-76.84,-76.97,-77.09,-77.15,-77.0,-76.97,-77.0,-77.09,-77.09,-77.06,-77.06,-77.09,-77.03,-76.97,-77.0,-77.06,-77.12,-77.09,-77.06,-77.12,-77.18,-77.06,-77.06,-77.18,-77.09,-77.06,-77.18,-77.25,-77.06,-77.09,-77.09,-77.15,-77.12,-77.09,-77.03,-77.15,-76.94,-77.0,-77.09,-76.97,-76.9,-76.97,-76.94,-76.94,-77.0,-76.84,-77.06,-77.03,-77.06,-76.94,-76.9,-76.9,-76.94,-76.84,-77.03,-77.0,-77.06,-77.0,-76.97,-77.0,-77.0,-77.06,-76.87,-76.9,-76.87,-76.97,-77.0,-77.0,-77.0,-76.87,-76.84,-77.03,-77.0,-76.94,-76.97,-77.09,-76.97,-77.09,-77.0,-77.03,-77.0,-76.97,-76.9,-76.94,-77.03,-76.9,-77.15,-77.03,-77.03,-77.0,-76.94,-77.09,-77.03,-77.0,-77.03,-76.97,-76.97,-77.06,-77.0,-76.97,-77.0,-76.84,-77.03,-76.97,-76.97,-77.12,-76.9,-76.9,-77.09,-77.22,-77.03,-77.03,-77.09,-77.09,-77.09,-77.15,-77.12,-77.09,-77.09,-77.0,-77.06,-77.15,-77.15,-77.15,-77.09,-77.15,-77.12,-77.22,-77.15,-77.15,-77.18,-77.09,-77.06,-77.22,-77.12,-77.12,-77.15,-77.12,-77.12,-77.22,-77.03,-77.0,-77.06,-77.18,-77.09,-77.15,-77.12,-77.12,-77.09,-77.09,-77.12,-77.03,-77.03,-77.09,-77.09,-76.9,-77.0,-77.06,-76.84,-77.15,-77.03,-76.97,-76.84,-77.03,-76.97,-76.9,-76.97,-76.97,-77.03,-76.97,-77.0,-77.0,-77.0,-76.87,-76.9,-77.06,-77.03,-77.12,-77.03,-76.72,-76.87,-77.03,-76.97,-77.09,-77.09,-77.03,-76.97,-77.03,-77.09,-77.03,-76.94,-77.0,-77.0,-76.97,-76.87,-77.0,-76.94,-77.0,-77.15,-77.06,-77.12,-77.0,-77.0,-77.03,-77.03,-76.94,-77.0,-76.9,-77.15,-77.12,-77.15,-77.15,-77.03,-77.18,-77.12,-77.03,-77.06,-77.12,-77.15,-77.15,-77.25,-77.18,-77.18,-77.25,-77.12,-77.31,-77.09,-77.22,-77.18,-77.09,-77.12,-77.22,-77.18,-77.28,-77.06,-77.12,-77.06,-77.06,-77.12,-76.97,-77.06,-76.84,-77.03,-77.06,-76.94,-76.9,-77.0,-76.87,-76.94,-76.97,-76.94,-76.97,-76.94,-76.84,-76.97,-77.0,-76.97,-76.94,-76.84,-76.97,-76.94,-76.87,-76.9,-76.84,-76.9,-76.81,-76.9,-76.78,-76.84,-76.81,-76.94,-76.87,-77.06,-76.94,-76.78,-77.06,-76.9,-76.75,-76.9,-76.97,-76.94,-77.06,-76.87,-76.9,-76.94,-76.9,-76.97,-76.97,-76.94,-76.9,-76.94,-76.9,-76.97,-76.97,-76.84,-76.78,-76.9,-76.9,-76.81,-76.9,-76.97,-76.94,-76.84,-76.9,-76.75,-76.84,-76.9,-76.9,-76.78,-76.75,-76.87,-76.78,-76.84,-77.0,-76.94,-76.84,-76.9,-76.97,-76.94,-76.9,-76.87,-76.9,-77.06,-77.0,-76.81,-77.03,-77.0,-77.03,-77.06,-76.97,-77.03,-76.97,-77.0,-77.12,-76.94,-77.0,-77.12,-77.06,-76.94,-77.0,-77.0,-76.97,-77.03,-77.0,-76.9,-77.03,-76.94,-76.9,-77.0,-77.06,-76.87,-76.94,-76.97,-76.97,-76.75,-76.97,-76.97,-76.97,-76.9,-76.84,-76.84,-76.87,-76.87,-76.87,-76.87,-76.9,-76.84,-77.0,-76.75,-76.9,-76.84,-76.94,-76.94,-76.97,-76.78,-76.81,-76.72,-76.75,-76.81,-76.97,-76.9,-76.75,-76.81,-76.84,-76.84,-76.87,-76.84,-76.78,-76.84,-76.94,-76.97,-76.94,-76.78,-76.9,-76.87,-76.69,-76.97,-76.84,-76.94,-76.94,-76.9,-76.9,-76.87,-77.03,-77.06,-76.94,-76.84,-76.78,-76.94,-76.87,-77.03,-76.94,-77.03,-76.94,-77.12,-77.03,-76.97,-77.0,-76.9,-77.03,-76.97,-77.0,-76.97,-76.9,-77.06,-76.94,-76.94,-76.97,-76.94,-76.81,-77.0,-76.9,-76.94,-76.94,-76.94,-76.87,-76.84,-77.0,-76.81,-76.81,-76.94,-76.87,-76.87,-76.81,-76.87,-76.97,-76.9,-76.69,-76.9,-76.84,-76.94,-76.84,-76.87,-76.75,-76.84,-76.66,-76.72,-76.75,-76.62,-76.75,-76.81,-76.87,-76.87,-76.84,-76.75,-76.78,-76.69,-76.78,-76.81,-76.78,-76.78,-76.78,-76.69,-76.9,-76.9,-76.72,-76.66,-76.66,-76.62,-76.69,-76.72,-76.75,-76.72,-76.72,-76.75,-76.75,-76.69,-76.75,-76.78,-76.69,-76.69,-76.69,-76.75,-76.66,-76.69,-76.66,-76.72,-76.69,-76.75,-76.75,-76.84,-76.78,-76.9,-76.81,-76.75,-76.78,-76.78,-76.9,-76.9,-76.84,-76.87,-76.75,-76.97,-76.9,-76.94,-76.84,-77.06,-76.9,-77.03,-76.9,-76.97,-76.81,-76.97,-76.87,-76.84,-76.9,-76.9,-76.97,-76.84,-76.84,-76.9,-76.94,-76.94,-76.87,-76.72,-76.75,-76.84,-76.87,-76.72,-76.66,-76.81,-76.84,-76.75,-76.75,-76.78,-76.69,-76.66,-76.62,-76.66,-76.66,-76.69,-76.53,-76.59,-76.59,-76.62,-76.66,-76.69,-76.69,-76.62,-76.62,-76.59,-76.59,-76.62,-76.59,-76.62,-76.66,-76.59,-76.62,-76.62,-76.69,-76.66,-76.75,-76.59,-76.72,-76.81,-76.59,-76.75,-76.75,-76.9,-76.84,-76.75,-76.69,-76.87,-76.75,-76.72,-76.72,-76.84,-76.75,-76.78,-76.78,-76.81,-76.81,-76.84,-76.94,-76.66,-76.78,-76.69,-76.78,-76.75,-76.66,-76.81,-76.84,-76.87,-76.78,-76.72,-76.78,-76.9,-76.81,-76.66,-76.72,-76.84,-76.69,-76.81,-76.81,-76.72,-77.03,-76.9,-76.9,-76.94,-76.9,-76.87,-76.84,-77.0,-76.9,-76.78,-76.87,-76.87,-76.87,-76.78,-76.81,-76.75,-77.0,-76.81,-76.69,-76.87,-76.87,-76.78,-76.9,-76.69,-76.72,-76.72,-76.66,-76.75,-76.72,-76.87,-76.66,-76.69,-76.72,-76.62,-76.59,-76.72,-76.66,-76.62,-76.53,-76.53,-76.53,-76.66,-76.59,-76.62,-76.72,-76.59,-76.5,-76.72,-76.69,-76.59,-76.5,-76.47,-76.47,-76.56,-76.59,-76.66,-76.56,-76.69,-76.66,-76.66,-76.69,-76.69,-76.72,-76.72,-76.59,-76.78,-76.75,-76.78,-76.75,-76.62,-76.66,-76.69,-76.72,-76.72,-76.69,-76.78,-76.78,-76.69,-76.75,-76.69,-76.87,-76.84,-76.72,-76.9,-76.75,-76.87,-76.84,-76.81,-76.97,-76.94,-77.0,-77.06,-77.03,-77.0,-76.97,-76.97,-76.97,-77.09,-77.06,-77.0,-77.15,-77.18,-77.0,-77.12,-77.09,-77.12,-77.15,-77.12,-77.09,-77.12,-77.18,-77.15,-77.03,-77.31,-77.18,-77.15,-77.22,-77.15,-77.18,-77.18,-77.15,-77.0,-77.12,-77.18,-77.22,-77.09,-77.15,-77.15,-77.06,-77.03,-77.09,-77.0,-77.06,-77.12,-77.0,-77.09,-76.97,-77.15,-77.0,-77.0,-77.09,-76.81,-77.03,-77.0,-77.0,-76.81,-77.0,-76.94,-76.94,-76.87,-76.94,-77.0,-77.09,-76.97,-77.0,-77.0,-77.0,-76.9,-76.87,-77.06,-77.0,-76.9,-77.03,-77.0,-76.97,-77.06,-77.0,-77.03,-77.09,-77.06,-76.9,-77.0,-76.81,-76.94,-76.9,-76.97,-76.97,-76.94,-76.97,-76.97,-76.94,-76.87,-76.81,-76.94,-76.87,-76.84,-76.78,-76.94,-76.72,-76.78,-76.78,-76.75,-76.9,-76.72,-76.78,-76.84,-76.94,-76.84,-76.94,-76.87,-76.9,-76.94,-77.03,-76.94,-76.78,-76.94,-76.66,-76.97,-76.75,-76.81,-76.84,-76.78,-76.94,-76.94,-76.75,-76.69,-76.84,-76.78,-76.75,-76.62,-76.72,-76.78,-76.78,-76.62,-76.66,-76.69,-76.59,-76.59,-76.62,-76.66,-76.72,-76.66,-76.62,-76.66,-76.56,-76.72,-76.59,-76.62,-76.53,-76.69,-76.66,-76.66,-76.72,-76.69,-76.53,-76.72,-76.66,-76.66,-76.69,-76.78,-76.72,-76.66,-76.62,-76.69,-76.69,-76.75,-76.69,-76.72,-76.75,-76.62,-76.59,-76.53,-76.59,-76.75,-76.62,-76.66,-76.62,-76.62,-76.62,-76.72,-76.78,-76.72,-76.75,-76.75,-76.62,-76.62,-76.72,-76.75,-76.59,-76.72,-76.69,-76.62,-76.69,-76.66,-76.59,-76.81,-76.62,-76.78,-76.75,-76.62,-76.72,-76.75,-76.62,-76.69,-76.72,-76.72,-76.72,-76.62,-76.66,-76.75,-76.75,-76.75,-76.78,-76.84,-76.69,-76.78,-76.81,-76.78,-76.78,-76.84,-76.9,-76.84,-76.69,-76.62,-76.78,-76.84,-76.78,-76.75,-76.9,-76.75,-76.87,-76.84,-76.81,-76.9,-76.84,-76.72,-76.78,-76.78,-76.81,-76.81,-76.84,-76.84,-76.81,-76.75,-76.75,-76.78,-76.97,-76.78,-76.78,-76.87,-76.72,-76.78,-76.78,-76.75,-76.78,-76.78,-76.72,-76.78,-76.75,-76.78,-76.78,-76.84,-76.69,-76.84,-76.81,-76.94,-76.84,-76.69,-76.97,-77.03,-76.84,-76.9,-76.81,-76.75,-76.84,-76.81,-76.97,-76.78,-76.9,-76.9,-76.97,-77.06,-77.03,-76.94,-76.84,-76.81,-76.81,-76.84,-76.97,-76.9,-76.97,-76.97,-76.81,-76.94,-76.9,-76.97,-76.97,-76.81,-76.97,-76.97,-76.97,-77.06,-77.09,-77.06,-77.03,-76.97,-77.0,-77.12,-77.22,-77.09,-77.12,-77.15,-77.15,-77.18,-77.28,-77.28,-77.18,-77.12,-77.18,-77.22,-77.22,-77.22,-77.22,-77.18,-77.31,-77.18,-77.25,-77.22,-77.22,-77.34,-77.22,-77.18,-77.34,-77.25,-77.15,-77.15,-77.15,-77.15,-77.28,-77.22,-77.22,-77.12,-77.22,-77.18,-77.06,-77.22,-77.18,-77.15,-77.09,-77.12,-77.15,-77.15,-77.09,-77.12,-77.15,-77.09,-77.12,-77.09,-77.09,-77.12,-77.09,-77.22,-77.06,-77.12,-77.03,-77.03,-77.12,-77.12,-77.09,-77.12,-77.18,-77.09,-77.15,-77.22,-77.25,-77.18,-77.15,-77.18,-77.15,-77.12,-77.18,-77.09,-77.25,-77.12,-77.09,-77.09,-77.03,-77.09,-77.0,-77.15,-77.09,-77.06,-77.06,-77.03,-77.09,-77.0,-76.94,-76.9,-76.97,-77.06,-77.03,-76.9,-77.15,-76.97,-77.09,-77.18,-77.06,-77.12,-77.25,-77.18,-77.03,-77.09,-77.03,-77.09,-77.03,-77.09,-76.97,-77.03,-77.06,-77.15,-77.0,-77.09,-77.12,-77.18,-77.09,-77.12,-77.09,-77.0,-77.15,-77.18,-76.97,-77.15,-77.06,-77.0,-77.03,-77.03,-77.0,-77.03,-77.06,-77.06,-77.06,-77.0,-77.03,-77.0,-76.97,-77.03,-77.0,-76.97,-76.94,-77.0,-76.97,-76.94,-76.9,-76.84,-76.84,-77.03,-76.9,-76.94,-76.87,-77.03,-76.9,-76.81,-76.87,-76.94,-76.87,-76.94,-76.87,-76.84,-76.81,-76.81,-76.84,-76.69,-76.87,-77.0,-76.97,-76.9,-76.97,-76.81,-76.9,-76.78,-76.87,-76.87,-76.78,-76.84,-76.75,-76.81,-76.75,-76.75,-76.72,-76.81,-76.72,-76.78,-76.78,-76.78,-76.69,-76.72,-76.78,-76.78,-76.75,-76.9,-76.69,-76.75,-76.78,-76.9,-76.75,-76.84,-76.87,-76.78,-76.94,-76.78,-76.94,-76.75,-76.75,-76.87,-76.9,-76.94,-76.97,-76.75,-76.78,-76.78,-77.0,-76.66,-76.78,-76.75,-76.72,-76.75,-76.72,-76.69,-76.72,-76.69,-76.16,-76.62,-76.69,-76.56,-76.62,-76.72,-76.69,-76.72,-76.62,-76.5,-76.62,-76.56,-76.69,-76.62,-76.62,-76.56,-76.53,-76.5,-76.53,-76.44,-76.44,-76.47,-76.47,-76.41,-76.41,-76.53,-76.56,-76.47,-76.41,-76.41,-76.44,-76.47,-76.38,-76.5,-76.59,-76.44,-76.5,-76.35,-76.59,-76.47,-76.56,-76.44,-76.5,-76.5,-76.53,-76.56,-76.5,-76.62,-76.59,-76.47,-76.5,-76.47,-76.38,-76.5,-76.56,-76.62,-76.62,-76.47,-76.56,-76.56,-76.5,-76.53,-76.53,-76.44,-76.44,-76.47,-76.47,-76.44,-76.53,-76.53,-76.47,-76.47,-76.59,-76.53,-76.59,-76.53,-76.53,-76.5,-76.53,-76.59,-76.69,-76.72,-76.69,-76.59,-76.69,-76.72,-76.72,-76.59,-76.5,-76.69,-76.72,-76.66,-76.75,-76.56,-76.59,-76.59,-76.59,-76.5,-76.59,-76.56,-76.5,-76.53,-76.47,-76.62,-76.53,-76.5,-76.56,-76.47,-76.47,-76.56,-76.38,-76.47,-76.41,-76.56,-76.38,-76.5,-76.31,-76.56,-76.38,-76.44,-76.41,-76.31,-76.5,-76.44,-76.41,-76.56,-76.53,-76.5,-76.53,-76.53,-76.59,-76.53,-76.5,-76.53,-76.47,-76.5,-76.56,-76.5,-76.66,-76.56,-76.56,-76.56,-76.62,-76.5,-76.59,-76.53,-76.03,-76.56,-76.62,-76.53,-76.62,-76.66,-76.56,-76.59,-76.5,-76.5,-76.53,-76.59,-76.62,-76.62,-76.56,-76.66,-76.47,-76.41,-76.53,-76.53,-76.62,-76.5,-76.66,-76.47,-76.66,-76.56,-76.62,-76.75,-76.53,-76.59,-76.59,-76.75,-76.59,-76.72,-76.72,-76.62,-76.59,-76.66,-76.75,-76.69,-76.72,-76.72,-76.69,-76.59,-76.75,-76.72,-76.69,-76.75,-76.66,-76.56,-76.56,-76.59,-76.5,-76.66,-76.62,-76.62,-76.59,-76.56,-76.62,-76.59,-76.53,-76.53,-76.47,-76.5,-76.56,-76.53,-76.56,-76.47,-76.41,-76.47,-76.44,-76.5,-76.44,-76.53,-76.59,-76.5,-76.56,-76.41,-76.31,-76.41,-76.35,-76.47,-76.44,-76.47,-76.31,-76.47,-76.38,-76.44,-76.31,-76.5,-76.47,-76.35,-76.41,-76.53,-76.44,-76.41,-76.53,-76.44,-76.35,-76.38,-76.35,-76.41,-76.5,-76.28,-76.44,-76.5,-76.38,-76.44,-76.47,-76.41,-76.35,-76.41,-76.47,-76.47,-76.41,-76.47,-76.44,-76.53,-76.53,-76.53,-76.47,-76.44,-76.53,-76.59,-76.59,-76.59,-76.5,-76.62,-76.56,-76.72,-76.62,-76.59,-76.5,-76.59,-76.53,-76.75,-76.62,-76.72,-76.69,-76.78,-76.75,-76.75,-76.72,-76.66,-76.62,-76.81,-76.81,-76.72,-76.72,-76.72,-76.56,-76.66,-76.72,-76.62,-76.59,-76.69,-76.69,-76.72,-76.62,-76.69,-76.66,-76.62,-76.72,-76.62,-76.53,-76.69,-76.66,-76.69,-76.59,-76.62,-76.66,-76.69,-76.66,-76.72,-76.69,-76.72,-76.59,-76.69,-76.66,-76.59,-76.72,-76.66,-76.69,-76.66,-76.56,-76.66,-76.62,-76.72,-76.75,-76.53,-76.5,-76.56,-76.59,-76.62,-76.56,-76.62,-76.62,-76.62,-76.66,-76.75,-76.72,-76.53,-76.5,-76.75,-76.62,-76.5,-76.53,-76.62,-76.72,-76.59,-76.56,-76.5,-76.5,-76.53,-76.62,-76.59,-76.47,-76.59,-76.62,-76.56,-76.66,-76.56,-76.56,-76.56,-76.53,-76.47,-76.56,-76.75,-76.53,-76.66,-76.62,-76.59,-76.66,-76.62,-76.56,-76.66,-76.62,-76.56,-76.44,-76.62,-76.66,-76.72,-76.69,-76.5,-76.53,-76.69,-76.62,-76.66,-76.62,-76.69,-76.5,-76.66,-76.5,-76.56,-76.5,-76.53,-76.59,-76.59,-76.38,-76.59,-76.53,-76.5,-76.5,-76.41,-76.35,-76.53,-76.53,-76.47,-76.35,-76.35,-76.35,-76.53,-76.53,-76.47,-76.44,-76.44,-76.47,-76.47,-76.41,-76.47,-76.59,-76.53,-76.53,-76.59,-76.31,-76.62,-76.5,-76.56,-76.47,-76.5,-76.41,-76.47,-76.47,-76.47,-76.47,-76.47,-76.59,-76.35,-76.53,-76.53,-76.47,-76.5,-76.41,-76.44,-76.31,-76.44,-76.31,-76.38,-76.53,-76.35,-76.41,-76.38,-76.44,-76.5,-76.35,-76.22,-76.41,-76.35,-76.5,-76.59,-76.41,-76.41,-76.41,-76.5,-76.35,-76.44,-76.47,-76.41,-76.44,-76.38,-76.5,-76.47,-76.53,-76.66,-76.47,-76.47,-76.59,-76.56,-76.59,-76.53,-76.53,-76.62,-76.56,-76.56,-76.66,-76.59,-76.53,-76.53,-76.56,-76.5,-76.5,-76.47,-76.59,-76.62,-76.38,-76.59,-76.59,-76.41,-76.56,-76.53,-76.5,-76.56,-76.44,-76.47,-76.5,-76.41,-76.44,-76.5,-76.35,-76.41,-76.47,-76.35,-76.47,-76.41,-76.44,-76.35,-76.47,-76.35,-76.31,-76.31,-76.5,-76.53,-76.31,-76.47,-76.5,-76.44,-76.56,-76.47,-76.28,-76.38,-76.47,-76.41,-76.47,-76.5,-76.31,-76.44,-76.47,-76.44,-76.44,-76.41,-76.38,-76.41,-76.5,-76.5,-76.47,-76.56,-76.44,-76.47,-76.44,-76.56,-76.69,-76.47,-76.53,-76.56,-76.59,-76.5,-76.47,-76.56,-76.5,-76.47,-76.5,-76.5,-76.56,-76.59,-76.5,-76.41,-76.66,-76.44,-76.47,-76.53,-76.59,-76.59,-76.59,-76.75,-76.44,-76.53,-76.56,-76.66,-76.59,-76.44,-76.56,-76.47,-76.41,-76.5,-76.59,-76.66,-76.72,-76.56,-76.62,-76.47,-76.69,-76.53,-76.56,-76.53,-76.53,-76.66,-76.62,-76.5,-76.59,-76.53,-76.47,-76.59,-76.56,-76.47,-76.53,-76.56,-76.62,-76.47,-76.41,-76.53,-76.44,-76.5,-76.56,-76.44,-76.47,-76.56,-76.47,-76.38,-76.38,-76.47,-76.44,-76.53,-76.38,-76.47,-76.41,-76.47,-76.53,-76.56,-76.53,-76.62,-76.56,-76.53,-76.59,-76.56,-76.56,-76.47,-76.62,-76.44,-76.62,-76.5,-76.59,-76.62,-76.5,-76.56,-76.56,-76.47,-76.5,-76.47,-76.62,-76.56,-76.5,-76.56,-76.47,-76.5,-76.47,-76.59,-76.56,-76.56,-76.53,-76.53,-76.56,-76.44,-76.59,-76.56,-76.59,-76.53,-76.59,-76.66,-76.72,-76.59,-76.62,-76.62,-76.66,-76.66,-76.62,-76.72,-76.59,-76.62,-76.5,-76.53,-76.53,-76.56,-76.56,-76.59,-76.66,-76.47,-76.66,-76.56,-76.62,-76.47,-76.47,-76.5,-76.66,-76.56,-76.53,-76.59,-76.5,-76.47,-76.56,-76.35,-76.35,-76.53,-76.44,-76.41,-76.47,-76.53,-76.31,-76.31,-76.41,-76.44,-76.47,-76.38,-76.44,-76.38,-76.35,-76.41,-76.5,-76.35,-76.28,-76.38,-76.41,-76.31,-76.44,-76.31,-76.28,-76.28,-76.35,-76.31,-76.44,-76.44,-76.35,-76.41,-76.22,-76.25,-76.47,-76.31,-76.35,-76.28,-76.31,-76.35,-76.25,-76.22,-76.35,-76.35,-76.44,-76.31,-76.31,-76.47,-76.31,-76.38,-76.35,-76.44,-76.38,-76.41,-76.35,-76.47,-76.28,-76.47,-76.31,-76.5,-76.56,-76.47,-76.5,-76.53,-76.44,-76.44,-76.44,-76.5,-76.47,-76.35,-76.41,-76.44,-76.41,-76.41,-76.41,-76.53,-76.53,-76.53,-76.53,-76.53,-76.5,-76.44,-76.41,-76.53,-76.53,-76.5,-76.53,-76.47,-76.62,-76.47,-76.53,-76.53,-76.44,-76.56,-76.44,-76.47,-76.59,-76.47,-76.5,-76.5,-76.47,-76.47,-76.44,-76.47,-76.41,-76.56,-76.28,-76.41,-76.38,-76.44,-76.44,-76.44,-76.25,-76.25,-76.41,-76.35,-76.28,-76.35,-76.41,-76.31,-76.35,-76.31,-76.28,-76.22,-76.41,-76.28,-76.25,-76.22,-76.31,-76.22,-76.35,-76.41,-76.31,-76.35,-76.35,-76.35,-76.41,-76.31,-76.5,-76.5,-76.28,-76.41,-76.41,-76.35,-76.41,-76.28,-76.5,-76.44,-76.38,-76.41,-76.38,-76.44,-76.35,-76.53,-76.35,-76.35,-76.47,-76.44,-76.31,-76.35,-76.25,-76.28,-76.31,-76.22,-76.31,-76.28,-76.44,-76.22,-76.35,-76.31,-76.44,-76.25,-76.44,-76.31,-76.44,-76.35,-76.41,-76.41,-76.47,-76.47,-76.5,-76.31,-76.53,-76.41,-76.5,-76.53,-76.41,-76.5,-76.35,-76.41,-76.44,-76.44,-76.35,-76.35,-76.41,-76.28,-76.35,-76.19,-76.16,-76.31,-76.31,-76.25,-76.35,-76.35,-76.19,-76.31,-76.22,-76.22,-76.25,-76.25,-76.35,-76.28,-76.28,-76.25,-76.19,-76.28,-76.22,-76.35,-76.28,-76.22,-76.28,-76.16,-76.38,-76.31,-76.44,-76.47,-76.35,-76.41,-76.16,-76.28,-76.47,-76.28,-76.5,-76.38,-76.35,-76.28,-76.38,-76.31,-76.35,-76.47,-76.44,-76.31,-76.44,-76.38,-76.38,-76.44,-76.47,-76.53,-76.44,-76.28,-76.38,-76.44,-76.38,-76.35,-76.44,-76.31,-76.41,-76.5,-76.41,-76.44,-76.47,-76.38,-76.41,-76.47,-76.5,-76.47,-76.31,-76.5,-76.5,-76.41,-76.59,-76.59,-76.44,-76.44,-76.53,-76.56,-76.5,-76.41,-76.44,-76.35,-76.59,-76.44,-76.53,-76.44,-76.56,-76.41,-76.44,-76.59,-76.41,-76.44,-76.44,-76.56,-76.41,-76.41,-76.41,-76.35,-76.41,-76.41,-76.31,-76.28,-76.31,-76.38,-76.44,-76.38,-76.31,-76.35,-76.35,-76.35,-76.28,-76.25,-76.22,-76.31,-76.22,-76.35,-76.31,-76.38,-76.22,-76.28,-76.25,-76.28,-76.35,-76.25,-76.25,-76.28,-76.41,-76.38,-76.25,-76.35,-76.35,-76.44,-76.28,-76.38,-76.5,-76.44,-76.44,-76.5,-76.41,-76.35,-76.44,-76.38,-76.47,-76.47,-76.38,-76.44,-76.47,-76.5,-76.53,-76.56,-76.56,-76.56,-76.47,-76.5,-76.5,-76.59,-76.69,-76.53,-76.59,-76.53,-76.56,-76.56,-76.59,-76.62,-76.47,-76.53,-76.56,-76.66,-76.59,-76.5,-76.56,-76.5,-76.47,-76.56,-76.47,-76.56,-76.53,-76.53,-76.47,-76.47,-76.56,-76.44,-76.53,-76.5,-76.41,-76.35,-76.44,-76.5,-76.44,-76.41,-76.41,-76.44,-76.41,-76.28,-76.38,-76.31,-76.47,-76.35,-76.31,-76.31,-76.41,-76.38,-76.31,-76.31,-76.47,-76.5,-76.5,-76.47,-76.47,-76.28,-76.47,-76.41,-76.5,-76.47,-76.35,-76.41,-76.31,-76.28,-76.5,-76.25,-76.5,-76.35,-76.47,-76.35,-76.44,-76.35,-76.44,-76.38,-76.44,-76.35,-76.53,-76.44,-76.5,-76.35,-76.44,-76.44,-76.5,-76.5,-76.41,-76.5,-76.47,-76.5,-76.53,-76.56,-76.53,-76.41,-76.53,-76.5,-76.62,-76.62,-76.5,-76.56,-76.53,-76.53,-76.66,-76.56,-76.59,-76.47,-76.53,-76.44,-76.56,-76.53,-76.53,-76.47,-76.47,-76.47,-76.5,-76.56,-76.53,-76.5,-76.5,-76.56,-76.62,-76.62,-76.41,-76.56,-76.66,-76.62,-76.53,-76.44,-76.5,-76.66,-76.47,-76.5,-76.69,-76.5,-76.56,-76.47,-76.66,-76.59,-76.47,-76.56,-76.53,-76.5,-76.5,-76.5,-76.31,-76.41,-76.41,-76.53,-76.35,-76.47,-76.47,-76.53,-76.56,-76.5,-76.35,-76.56,-76.59,-76.53,-76.5,-76.41,-76.44,-76.56,-76.44,-76.53,-76.38,-76.5,-76.5,-76.44,-76.56,-76.62,-76.5,-76.53,-76.59,-76.53,-76.47,-76.56,-76.47,-76.59,-76.59,-76.53,-76.66,-76.5,-76.53,-76.53,-76.62,-76.56,-76.62,-76.59,-76.31,-76.59,-76.47,-76.56,-76.47,-76.56,-76.44,-76.5,-76.59,-76.5,-76.47,-76.56,-76.38,-76.5,-76.47,-76.59,-76.44,-76.53,-76.53,-76.66,-76.53,-76.62,-76.56,-76.56,-76.72,-76.62,-76.47,-76.56,-76.47,-76.62,-76.53,-76.59,-76.53,-76.62,-76.66,-76.62,-76.59,-76.56,-76.69,-76.62,-76.56,-76.66,-76.66,-76.62,-76.59,-76.53,-76.59,-76.53,-76.44,-76.75,-76.62,-76.59,-76.62,-76.62,-76.66,-76.56,-76.66,-76.66,-76.59,-76.56,-76.56,-76.66,-76.72,-76.69,-76.56,-76.56,-76.56,-76.62,-76.59,-76.56,-76.56,-76.5,-76.5,-76.5,-76.47,-76.53,-76.5,-76.47,-76.31,-76.47,-76.41,-76.5,-76.47,-76.53,-76.5,-76.53,-76.5,-76.62,-76.38,-76.35,-76.47,-76.28,-76.41,-76.53,-76.47,-76.53,-76.47,-76.35,-76.41,-76.47,-76.59,-76.53,-76.44,-76.41,-76.44,-76.28,-76.31,-76.5,-76.41,-76.44,-76.53,-76.35,-76.35,-76.35,-76.44,-76.35,-76.47,-76.47,-76.44,-76.44,-76.35,-76.41,-76.31,-76.28,-76.41,-76.47,-76.35,-76.44,-76.5,-76.47,-76.41,-76.56,-76.41,-76.44,-76.44,-76.5,-76.56,-76.56,-76.56,-76.5,-76.38,-76.56,-76.59,-76.5,-76.53,-76.53,-76.53,-76.53,-76.56,-76.44,-76.53,-76.53,-76.47,-76.53,-76.59,-76.66,-76.59,-76.53,-76.56,-76.5,-76.47,-76.5,-76.47,-76.47,-76.59,-76.5,-76.53,-76.41,-76.56,-76.47,-76.35,-76.53,-76.47,-76.47,-76.44,-76.44,-76.5,-76.35,-76.5,-76.47,-76.5,-76.56,-76.35,-76.59,-76.44,-76.47,-76.53,-76.47,-76.44,-76.66,-76.44,-76.44,-76.44,-76.59,-76.47,-76.53,-76.47,-76.53,-76.53,-76.62,-76.5,-76.47,-76.5,-76.41,-76.66,-76.56,-76.41,-76.47,-76.47,-76.5,-76.56,-76.59,-76.62,-76.66,-76.56,-76.56,-76.59,-76.59,-76.53,-76.72,-76.56,-76.53,-76.53,-76.69,-76.59,-76.69,-76.59,-76.72,-76.69,-76.59,-76.69,-76.72,-76.69,-76.66,-76.69,-76.66,-76.66,-76.72,-76.59,-76.56,-76.69,-76.78,-76.72,-76.59,-76.78,-76.62,-76.81,-76.66,-76.66,-76.72,-76.72,-76.62,-76.66,-76.66,-76.62,-76.66,-76.66,-76.75,-76.53,-76.59,-76.62,-76.62,-76.53,-76.53,-76.59,-76.53,-76.56,-76.56,-76.66,-76.5,-76.53,-76.59,-76.66,-76.62,-76.47,-76.5,-76.5,-76.47,-76.53,-76.59,-76.41,-76.5,-76.56,-76.5,-76.41,-76.44,-76.47,-76.5,-76.31,-76.38,-76.41,-76.44,-76.41,-76.53,-76.44,-76.56,-76.5,-76.44,-76.47,-76.44,-76.44,-76.31,-76.47,-76.47,-76.47,-76.41,-76.38,-76.53,-76.35,-76.5,-76.47,-76.47,-76.5,-76.5,-76.5,-76.5,-76.44,-76.53,-76.35,-76.59,-76.5,-76.44,-76.41,-76.35,-76.44,-76.44,-76.41,-76.47,-76.47,-76.28,-76.38,-76.41,-76.35,-76.53,-76.47,-76.53,-76.53,-76.53,-76.59,-76.47,-76.5,-76.44,-76.44,-76.53,-76.41,-76.5,-76.38,-76.53,-76.44,-76.56,-76.5,-76.59,-76.47,-76.59,-76.59,-76.53,-76.53,-76.53,-76.59,-76.59,-76.44,-76.44,-76.38,-76.35,-76.44,-76.44,-76.47,-76.5,-76.35,-76.35,-76.31,-76.47,-76.35,-76.28,-76.41,-76.25,-76.41,-76.25,-76.35,-76.35,-76.38,-76.31,-76.41,-76.31,-76.38,-76.44,-76.28,-76.31,-76.53,-76.35,-76.35,-76.47,-76.53,-76.41,-76.41,-76.35,-76.35,-76.38,-76.31,-76.31,-76.28,-76.35,-76.41,-76.5,-76.5,-76.44,-76.53,-76.47,-76.47,-76.5,-76.47,-76.44,-76.47,-76.41,-76.35,-76.44,-76.31,-76.28,-76.41,-76.35,-76.44,-76.44,-76.56,-76.44,-76.5,-76.44,-76.5,-76.47,-76.38,-76.28,-76.25,-76.35,-76.41,-76.5,-76.44,-76.53,-76.56,-76.35,-76.53,-76.53,-76.53,-76.5,-76.44,-76.5,-76.5,-76.5,-76.5,-76.53,-76.35,-76.53,-76.47,-76.53,-76.47,-76.53,-76.44,-76.44,-76.47,-76.5,-76.53,-76.35,-76.44,-76.41,-76.53,-76.47,-76.41,-76.35,-76.44,-76.38,-76.44,-76.41,-76.35,-76.5,-76.41,-76.35,-76.35,-76.35,-76.41,-76.44,-76.31,-76.5,-76.35,-76.44,-76.25,-76.47,-76.31,-76.47,-76.38,-76.56,-76.41,-76.5,-76.47,-76.44,-76.41,-76.47,-76.53,-76.41,-76.56,-76.5,-76.5,-76.56,-76.41,-76.41,-76.35,-76.5,-76.35,-76.5,-76.5,-76.59,-76.41,-76.56,-76.5,-76.53,-76.44,-76.59,-76.47,-76.5,-76.62,-76.56,-76.53,-76.53,-76.59,-76.56,-76.53,-76.41,-76.5,-76.56,-76.5,-76.62,-76.5,-76.59,-76.53,-76.72,-76.62,-76.69,-76.62,-76.56,-76.62,-76.62,-76.59,-76.66,-76.59,-76.59,-76.66,-76.78,-76.66,-76.56,-76.69,-76.72,-76.66,-76.69,-76.66,-76.56,-76.56,-76.56,-76.69,-76.47,-76.62,-76.56,-76.47,-76.59,-76.44,-76.53,-76.41,-76.41,-76.5,-76.56,-76.41,-76.28,-76.44,-76.53,-76.31,-76.41,-76.47,-76.41,-76.56,-76.38,-76.31,-76.35,-76.35,-76.44,-76.47,-76.38,-76.47,-76.47,-76.35,-76.38,-76.47,-76.44,-76.47,-76.35,-76.47,-76.5,-76.25,-76.5,-76.44,-76.28,-76.22,-76.41,-76.35,-76.28,-76.22,-76.5,-76.22,-76.28,-76.31,-76.38,-76.19,-76.25,-76.47,-76.35,-76.25,-76.47,-76.35,-76.31,-76.28,-76.35,-76.35,-76.31,-76.35,-76.35,-76.44,-76.25,-76.35,-76.35,-76.19,-76.25,-76.28,-76.28,-76.25,-76.25,-75.26,-74.14,-73.27,-72.43,-71.62,-70.84,-70.16,-69.57,-68.92,-68.23,-67.64,-67.05,-66.52,-65.9,-65.4,-64.97,-64.56,-64.07,-63.63,-63.17,-62.76,-62.23,-61.92,-61.49,-61.27,-60.8,-60.58,-60.18,-59.78,-59.4,-59.09,-58.84,-58.41,-58.1,-57.76,-57.38,-57.2,-56.79,-56.67,-56.26,-55.95,-55.86,-55.61,-55.18,-54.83,-54.55,-54.21,-53.9,-53.68,-53.56,-53.22,-52.78,-52.6,-52.29,-51.85,-51.57,-51.2,-50.76,-50.45,-50.23,-49.86,-49.46,-48.87,-48.06,-47.16,-19.8,38.86,1.59,-32.33,-54.12,-59.96,-61.36,-61.55,-61.18,-60.9,-60.43,-59.93,-59.53,-59.16,-58.97,-58.63,-58.66,-58.44,-58.28,-57.94,-57.88,-57.73,-57.6,-57.35,-57.41,-57.2,-57.26,-57.2,-57.13,-57.04,-56.92,-56.95,-56.85,-56.76,-56.79,-56.76,-56.48,-56.51,-56.42,-56.39,-56.26,-56.26,-56.08,-56.08,-56.2,-56.17,-55.95,-56.08,-56.05,-55.83,-55.89,-55.77,-55.89,-55.89,-55.74,-55.7,-55.7,-55.64,-55.77,-55.67,-55.64,-55.74,-55.58,-55.58,-55.61,-55.46,-55.36,-55.3,-55.46,-55.27,-55.21,-55.24,-55.21,-54.96,-55.08,-54.9,-54.8,-54.9,-54.83,-54.87,-54.83,-54.77,-54.83,-54.77,-54.68,-54.71,-54.74,-54.68,-54.68,-54.71,-54.46,-54.62,-54.59,-54.68,-54.59,-54.62,-54.68,-54.49,-54.46,-54.34,-54.55,-54.46,-54.4,-54.34,-54.43,-54.34,-54.4,-54.37,-54.21,-54.12,-54.18,-54.27,-54.12,-54.06,-54.06,-54.12,-53.9,-53.87,-53.87,-53.87,-53.65,-53.72,-53.68,-53.53,-53.56,-53.44,-53.47,-53.47,-53.31,-53.25,-53.25,-53.31,-53.37,-53.34,-53.44,-53.34,-53.34,-53.37,-53.34,-53.4,-53.4,-53.31,-53.44,-53.31,-53.34,-53.22,-53.25,-53.22,-53.19,-53.31,-53.28,-53.25,-53.19,-53.19,-53.19,-53.12,-53.19,-52.91,-53.16,-53.06,-53.06,-52.97,-52.94,-52.94,-53.0,-53.06,-53.03,-52.91,-53.06,-52.97,-52.94,-53.03,-52.97,-52.97,-52.84,-52.88,-52.88,-52.78,-52.78,-52.91,-52.97,-53.0,-53.03,-53.03,-52.91,-52.94,-52.97,-53.0,-53.12,-53.06,-53.0,-53.03,-52.91,-52.81,-52.88,-52.97,-53.12,-52.88,-52.91,-52.97,-52.84,-52.91,-53.03,-53.0,-53.0,-52.84,-52.94,-52.88,-52.97,-53.03,-53.06,-52.84,-53.06,-53.09,-53.0,-52.91,-52.88,-52.88,-52.91,-52.88,-52.75,-52.75,-52.75,-52.63,-52.66,-52.78,-52.78,-52.78,-52.6,-52.78,-52.75,-52.94,-52.72,-52.88,-52.84,-52.88,-52.88,-53.0,-53.12,-53.16,-53.09,-53.16,-53.16,-53.22,-53.25,-53.34,-53.28,-53.34,-53.37,-53.31,-53.44,-53.31,-53.44,-53.25,-53.25,-53.31,-53.37,-53.44,-53.37,-53.22,-53.25,-53.28,-53.28,-53.19,-53.16,-53.12,-53.22,-53.28,-53.47,-53.37,-53.25,-53.19,-53.22,-53.09,-53.03,-53.06,-53.12,-53.25,-53.31,-53.28,-53.31,-53.19,-53.34,-53.28,-53.16,-53.28,-53.34,-53.53,-53.4,-53.44,-53.4,-53.37,-53.47,-53.47,-53.53,-53.65,-53.68,-53.65,-53.68,-53.65,-53.68,-53.65,-53.68,-53.72,-53.72,-53.75,-53.72,-53.72,-53.9,-54.09,-54.03,-54.09,-54.09,-54.09,-54.15,-54.09,-54.15,-54.27,-54.21,-54.18,-54.18,-54.18,-54.15,-54.24,-54.24,-54.21,-54.21,-54.21,-54.34,-54.31,-54.27,-54.24,-54.27,-54.4,-54.27,-54.55,-54.65,-54.59,-54.55,-54.62,-54.62,-54.71,-54.77,-54.83,-54.83,-54.87,-54.96,-54.77,-54.83,-54.9,-54.8,-54.87,-54.93,-54.93,-54.93,-54.93,-55.05,-55.11,-55.02,-54.99,-55.05,-55.21,-55.21,-55.18,-55.05,-55.15,-55.27,-55.36,-55.24,-55.27,-55.3,-55.33,-55.3,-55.27,-55.3,-55.52,-55.3,-55.33,-55.27,-55.39,-55.27,-55.39,-55.46,-55.42,-55.33,-55.52,-55.52,-55.49,-55.46,-55.36,-55.33,-55.46,-55.61,-55.64,-55.7,-55.46,-55.55,-55.61,-55.58,-55.61,-55.52,-55.58,-55.52,-55.52,-55.58,-55.58,-55.64,-55.74,-55.77,-55.7,-55.74,-55.77,-55.92,-55.92,-55.89,-55.83,-55.98,-56.08,-56.05,-55.89,-56.11,-56.17,-56.17,-56.2,-56.33,-56.26,-56.26,-56.45,-56.26,-56.36,-56.42,-56.61,-56.61,-56.51,-56.67,-56.73,-56.7,-56.76,-56.89,-56.95,-57.07,-57.04,-57.01,-57.07,-57.23,-57.1,-57.2,-57.07,-57.07,-57.13,-57.13,-57.17,-57.13,-57.13,-57.29,-57.13,-57.29,-57.32,-57.32,-57.54,-57.54,-57.51,-57.45,-57.57,-57.54,-57.54,-57.63,-57.66,-57.6,-57.63,-57.73,-57.73,-57.6,-57.66,-57.79,-57.79,-57.82,-57.73,-57.82,-57.91,-57.73,-57.79,-57.97,-57.85,-57.94,-57.88,-57.82,-57.94,-57.94,-58.07,-58.04,-58.04,-58.04,-58.13,-58.1,-58.1,-58.16,-58.19,-58.16,-58.13,-58.22,-58.13,-58.16,-58.13,-58.25,-58.32,-58.28,-58.28,-58.38,-58.41,-58.47,-58.5,-58.32,-58.38,-58.41,-58.53,-58.6,-58.47,-58.56,-58.56,-58.66,-58.66,-58.6,-58.66,-58.66,-58.78,-58.72,-58.81,-58.81,-58.78,-58.78,-58.97,-58.84,-58.81,-58.94,-58.91,-59.03,-59.06,-59.0,-59.03,-59.0,-59.03,-58.94,-59.06,-59.12,-59.19,-59.19,-59.06,-59.06,-58.88,-59.16,-59.09,-59.03,-59.12,-59.16,-59.25,-59.16,-59.25,-59.25,-59.31,-59.31,-59.25,-59.22,-59.34,-59.25,-59.31,-59.31,-59.25,-59.34,-59.34,-59.31,-59.25,-59.31,-59.16,-59.22,-59.31,-59.43,-59.37,-59.22,-59.25,-59.25,-59.22,-59.25,-59.22,-59.31,-59.25,-59.31,-59.22,-59.25,-59.31,-59.34,-59.4,-59.34,-59.19,-59.25,-59.25,-59.31,-59.34,-59.34,-59.34,-59.25,-59.47,-59.31,-59.47,-59.25,-59.34,-59.25,-59.28,-59.34,-59.4,-59.37,-59.4,-59.43,-59.56,-59.37,-59.43,-59.5,-59.5,-59.4,-59.59,-59.56,-59.5,-59.59,-59.65,-59.65,-59.65,-59.47,-59.62,-59.68,-59.59,-59.62,-59.56,-59.68,-59.68,-59.71,-59.68,-59.71,-59.56,-59.71,-59.68,-59.75,-59.71,-59.99,-59.84,-59.93,-59.84,-59.93,-59.99,-60.03,-60.03,-59.93,-60.15,-60.12,-60.06,-60.09,-60.09,-60.03,-60.09,-60.09,-60.12,-60.12,-60.03,-60.12,-60.09,-60.09,-60.09,-60.12,-60.03,-59.9,-60.09,-60.09,-59.99,-59.99,-60.03,-59.93,-59.93,-59.9,-59.96,-59.93,-59.87,-59.93,-59.99,-59.96,-59.96,-59.93,-59.9,-59.87,-59.93,-59.81,-59.99,-59.81,-59.93,-59.93,-59.9,-59.93,-59.84,-59.84,-59.96,-60.03,-60.12,-59.81,-59.96,-59.84,-59.81,-59.93,-59.93,-59.96,-60.03,-59.96,-59.78,-59.93,-59.99,-59.84,-59.84,-59.93,-59.9,-59.87,-59.87,-59.84,-59.93,-59.81,-59.99,-60.09,-59.9,-60.15,-59.87,-60.06,-59.87,-59.93,-59.9,-59.99,-59.93,-60.12,-60.03,-59.93,-60.06,-59.93,-60.03,-59.99,-60.03,-60.09,-60.12,-59.93,-59.9,-59.84,-59.99,-59.9,-59.93,-59.96,-59.93,-60.09,-60.18,-59.99,-59.99,-59.93,-59.84,-59.99,-59.96,-59.93,-60.06,-59.99,-59.87,-60.06,-59.93,-59.84,-59.87,-59.9,-59.9,-59.78,-59.87,-59.99,-59.84,-59.68,-59.87,-59.99,-59.81,-59.99,-60.06,-59.93,-60.09,-59.93,-59.9,-59.9,-60.03,-59.84,-59.9,-59.96,-59.87,-59.9,-59.99,-60.15,-60.03,-60.09,-60.12,-60.06,-60.12,-60.03,-60.06,-60.18,-59.9,-60.12,-60.06,-59.99,-60.06,-60.09,-59.99,-60.06,-60.06,-59.93,-60.12,-60.15,-60.21,-60.09,-60.06,-60.06,-60.21,-60.15,-60.03,-60.06,-59.99,-60.03,-60.24,-60.18,-60.12,-60.15,-60.27,-60.24,-60.21,-60.27,-60.27,-60.24,-60.24,-60.34,-60.27,-60.18,-60.34,-60.37,-60.43,-60.46,-60.46,-60.43,-60.43,-60.62,-60.58,-60.43,-60.43,-60.52,-60.62,-60.52,-60.4,-60.43,-60.4,-60.68,-60.68,-60.58,-60.65,-60.65,-60.65,-60.58,-60.65,-60.68,-60.68,-60.8,-60.77,-60.74,-60.71,-60.55,-60.62,-60.62,-60.68,-60.58,-60.58,-60.58,-60.65,-60.55,-60.58,-60.52,-60.58,-60.49,-60.55,-60.4,-60.46,-60.49,-60.43,-60.4,-60.37,-60.58,-60.52,-60.43,-60.4,-60.55,-60.55,-60.55,-60.55,-60.43,-60.52,-60.49,-60.55,-60.52,-60.62,-60.49,-60.49,-60.71,-60.62,-60.58,-60.55,-60.52,-60.55,-60.55,-60.55,-60.55,-60.52,-60.62,-60.65,-60.43,-60.65,-60.68,-60.65,-60.65,-60.58,-60.58,-60.58,-60.58,-60.58,-60.55,-60.55,-60.49,-60.49,-60.62,-60.71,-60.65,-60.65,-60.74,-60.65,-60.58,-60.68,-60.77,-60.68,-60.68,-60.68,-60.65,-60.77,-60.68,-60.71,-60.71,-60.68,-60.8,-60.86,-60.86,-60.9,-60.74,-60.74,-60.83,-60.77,-60.58,-60.86,-60.74,-60.77,-60.8,-60.77,-60.86,-60.74,-60.71,-60.65,-60.77,-60.83,-60.74,-60.86,-60.8,-60.68,-60.74,-60.86,-60.74,-60.83,-60.9,-60.77,-60.77,-60.77,-60.71,-60.8,-60.8,-60.71,-60.8,-60.68,-60.62,-60.86,-60.86,-60.65,-60.83,-60.9,-60.83,-60.77,-60.74,-60.93,-60.77,-60.86,-60.83,-60.86,-60.86,-60.77,-60.83,-60.9,-60.77,-60.74,-60.9,-60.99,-60.99,-60.9,-60.83,-60.93,-60.86,-60.93,-60.8,-60.77,-60.8,-60.83,-60.8,-60.86,-60.83,-60.74,-61.02,-60.9,-60.9,-60.93,-60.93,-61.08,-61.08,-60.99,-60.86,-60.83,-60.86,-60.96,-60.86,-60.93,-60.83,-60.8,-60.86,-60.99,-60.96,-61.02,-61.05,-61.11,-61.21,-61.14,-61.14,-61.08,-61.14,-61.11,-61.18,-61.08,-61.08,-61.11,-61.27,-61.05,-61.11,-61.11,-61.08,-61.11,-61.14,-61.14,-61.18,-61.05,-60.99,-61.11,-61.02,-60.93,-60.99,-60.99,-61.08,-61.02,-61.08,-61.05,-61.08,-61.08,-61.08,-61.11,-61.18,-61.24,-61.24,-61.08,-61.08,-60.99,-60.93,-61.05,-61.02,-61.08,-60.99,-61.11,-61.05,-60.93,-61.08,-61.02,-61.05,-61.02,-60.9,-61.02,-61.05,-61.11,-60.93,-60.99,-60.99,-60.77,-60.93,-61.02,-60.9,-61.02,-60.99,-61.05,-60.96,-60.86,-60.99,-60.96,-61.05,-61.14,-61.14,-61.11,-61.08,-61.14,-61.05,-61.14,-61.14,-61.14,-61.14,-61.14,-61.24,-61.08,-61.18,-61.14,-61.21,-61.02,-61.08,-61.11,-61.11,-61.11,-61.21,-61.14,-61.21,-61.14,-61.11,-61.08,-61.11,-61.05,-61.14,-61.11,-61.18,-61.08,-61.11,-61.14,-61.18,-61.18,-61.18,-61.11,-61.27,-61.24,-61.11,-61.3,-61.3,-61.3,-61.24,-61.27,-61.21,-61.36,-61.3,-61.3,-61.39,-61.3,-61.36,-61.33,-61.33,-61.24,-61.3,-61.24,-61.33,-61.33,-61.3,-61.11,-61.21,-61.24,-61.14,-61.24,-61.14,-61.21,-61.27,-61.27,-61.24,-61.14,-61.18,-61.21,-61.24,-61.33,-61.3,-61.3,-61.33,-61.33,-61.39,-61.27,-61.27,-61.3,-61.49,-61.39,-61.3,-61.27,-61.33,-61.42,-61.42,-61.46,-61.58,-61.3,-61.36,-61.42,-61.3,-61.36,-61.42,-61.49,-61.42,-61.36,-61.39,-61.49,-61.36,-61.49,-61.3,-61.42,-61.36,-61.42,-61.52,-61.52,-61.49,-61.46,-61.52,-61.61,-61.52,-61.64,-61.64,-61.8,-61.58,-61.61,-61.7,-61.74,-61.74,-61.64,-61.74,-61.8,-61.74,-61.89,-61.89,-61.74,-61.89,-61.74,-61.86,-61.83,-61.83,-61.8,-62.01,-61.7,-61.77,-61.83,-61.83,-61.89,-61.77,-61.64,-61.77,-61.74,-61.58,-61.7,-61.77,-61.7,-61.58,-61.58,-61.61,-61.7,-61.77,-61.74,-61.64,-61.67,-61.7,-61.74,-61.61,-61.74,-61.7,-61.86,-61.8,-61.67,-61.67,-61.7,-61.61,-61.58,-61.7,-61.64,-61.61,-61.77,-61.64,-61.7,-61.7,-61.64,-61.64,-61.74,-61.7,-61.58,-61.74,-61.7,-61.74,-61.8,-61.64,-61.74,-61.7,-61.77,-61.67,-61.77,-61.83,-61.8,-61.8,-61.77,-61.77,-61.74,-61.61,-61.61,-61.67,-61.77,-61.74,-61.77,-61.64,-61.74,-61.67,-61.74,-61.67,-61.86,-61.74,-61.77,-61.77,-61.67,-61.77,-61.89,-61.7,-61.92,-61.77,-61.74,-61.8,-61.89,-61.86,-61.83,-61.74,-61.86,-61.89,-61.95,-61.77,-61.74,-61.86,-61.86,-61.89,-61.92,-61.89,-61.92,-61.98,-61.77,-62.01,-62.05,-61.98,-61.95,-62.14,-62.08,-62.23,-62.05,-62.11,-61.98,-62.08,-61.98,-62.14,-62.08,-62.11,-61.92,-61.98,-62.01,-61.98,-62.05,-62.01,-61.92,-61.95,-62.05,-61.95,-61.83,-61.86,-61.95,-61.8,-61.92,-61.77,-61.77,-61.8,-61.86,-61.89,-61.8,-62.08,-61.98,-61.83,-61.83,-61.86,-61.77,-61.83,-61.86,-62.01,-61.95,-61.89,-61.89,-62.08,-62.05,-61.92,-62.05,-61.89,-61.95,-62.05,-61.98,-61.92,-61.89,-61.98,-61.92,-62.11,-62.14,-62.14,-62.14,-62.01,-62.05,-61.89,-62.14,-61.98,-62.01,-62.14,-61.98,-62.05,-61.89,-61.98,-61.89,-62.08,-61.92,-61.92,-62.14,-62.05,-62.05,-62.05,-62.05,-62.05,-62.11,-62.14,-62.05,-62.01,-61.98,-62.14,-61.98,-62.2,-62.01,-62.11,-62.01,-62.14,-61.92,-62.08,-62.05,-61.98,-61.98,-62.11,-62.01,-62.01,-62.01,-62.05,-61.92,-61.92,-62.08,-61.98,-61.95,-62.08,-61.92,-62.01,-62.14,-61.92,-61.92,-62.11,-61.98,-61.92,-61.98,-61.86,-61.95,-61.86,-62.01,-61.98,-61.92,-61.89,-61.92,-61.86,-61.83,-61.89,-61.83,-61.92,-61.92,-61.92,-61.86,-61.89,-61.89,-61.95,-61.89,-61.83,-61.86,-62.01,-61.89,-62.14,-61.89,-61.98,-62.08,-62.11,-61.92,-62.01,-61.98,-61.92,-61.89,-61.92,-62.05,-62.11,-62.11,-62.08,-62.11,-62.14,-62.05,-62.14,-62.05,-62.11,-62.01,-62.01,-62.11,-62.17,-62.14,-62.17,-62.11,-62.17,-62.08,-62.08,-62.17,-62.17,-62.23,-62.23,-62.17,-62.11,-62.23,-62.29,-62.23,-62.11,-62.29,-62.14,-62.2,-62.26,-62.11,-62.23,-62.26,-62.23,-62.29,-62.11,-62.23,-62.2,-62.23,-62.2,-62.14,-62.23,-62.26,-62.11,-62.2
Sweep_3,-50.0,-63.01,-62.76,-62.85,-62.79,-62.89,-62.76,-62.82,-62.89,-62.85,-62.79,-63.01,-62.95,-62.92,-62.89,-63.01,-62.85,-62.89,-63.01,-62.85,-63.07,-63.01,-62.95,-63.07,-63.04,-63.1,-63.13,-63.04,-63.13,-63.04,-63.07,-63.07,-63.13,-63.26,-63.13,-63.2,-63.26,-63.38,-63.2,-63.2,-63.1,-63.17,-63.23,-63.23,-63.26,-63.26,-63.13,-63.13,-63.17,-63.1,-63.01,-63.13,-63.17,-63.13,-63.17,-63.2,-63.17,-63.07,-63.01,-62.95,-63.01,-62.98,-63.07,-63.01,-63.04,-62.92,-62.98,-63.07,-62.98,-62.95,-62.92,-62.98,-62.95,-63.04,-63.1,-63.07,-62.98,-63.04,-62.92,-63.01,-63.04,-63.2,-63.07,-63.07,-63.04,-63.13,-63.01,-63.1,-63.07,-63.13,-63.01,-63.13,-63.04,-63.07,-63.07,-63.1,-63.13,-63.07,-62.98,-63.2,-63.23,-63.07,-63.01,-63.04,-63.1,-63.04,-63.04,-62.95,-62.98,-63.04,-63.07,-63.07,-62.98,-63.04,-63.13,-63.04,-63.1,-63.01,-63.04,-63.07,-63.1,-63.1,-62.89,-62.98,-63.01,-62.98,-63.01,-63.07,-63.1,-63.13,-63.07,-63.13,-63.17,-63.26,-63.04,-63.17,-63.1,-63.04,-63.13,-63.2,-63.07,-63.23,-63.2,-63.23,-63.17,-63.23,-63.1,-63.17,-63.17,-63.26,-63.13,-63.26,-63.17,-63.1,-63.01,-63.07,-63.04,-63.04,-63.07,-63.07,-62.95,-62.95,-63.13,-63.1,-63.01,-63.01,-63.04,-63.07,-63.17,-63.13,-63.07,-63.07,-62.92,-62.98,-63.04,-62.92,-63.17,-63.04,-63.17,-63.04,-63.01,-63.04,-63.01,-63.1,-63.17,-63.23,-63.01,-63.13,-63.04,-63.17,-63.13,-63.04,-63.2,-62.89,-63.07,-63.1,-63.13,-63.2,-63.23,-63.17,-63.07,-63.04,-63.07,-63.07,-63.04,-63.13,-63.07,-63.13,-63.04,-63.1,-63.01,-63.01,-63.04,-63.07,-63.23,-63.2,-63.17,-62.98,-63.13,-63.13,-63.17,-63.2,-63.29,-63.07,-63.17,-63.17,-63.13,-63.29,-63.23,-63.29,-63.29,-63.2,-63.2,-63.26,-63.32,-63.29,-63.2,-63.32,-63.26,-63.26,-63.29,-63.23,-63.26,-63.26,-63.29,-63.29,-63.35,-63.26,-63.29,-63.2,-63.26,-63.26,-63.17,-63.26,-63.29,-63.17,-63.2,-63.2,-63.1,-63.13,-63.2,-63.26,-63.23,-63.2,-63.2,-63.29,-63.26,-63.26,-63.35,-63.26,-63.29,-63.32,-63.32,-63.23,-63.26,-63.2,-63.38,-63.2,-63.23,-63.23,-63.29,-63.23,-63.26,-63.26,-63.29,-63.29,-63.38,-63.35,-63.41,-63.32,-63.26,-63.2,-63.26,-63.23,-63.35,-63.51,-63.41,-63.26,-63.32,-63.38,-63.29,-63.29,-63.26,-63.38,-63.38,-63.35,-63.35,-63.44,-63.38,-63.32,-63.35,-63.32,-63.38,-63.41,-63.26,-63.2,-63.23,-63.29,-63.32,-63.1,-63.23,-63.32,-63.17,-63.23,-63.26,-63.29,-63.35,-63.23,-63.29,-63.26,-63.23,-63.29,-63.29,-63.23,-63.29,-63.2,-63.38,-63.44,-63.41,-63.38,-63.32,-63.6,-63.38,-63.41,-63.38,-63.26,-63.38,-63.23,-63.32,-63.23,-63.23,-63.29,-63.32,-63.32,-63.2,-63.29,-63.2,-63.23,-63.23,-63.2,-63.23,-63.17,-63.32,-63.1,-63.23,-63.32,-63.26,-63.17,-63.29,-63.2,-63.2,-63.1,-63.23,-63.23,-63.13,-63.04,-63.1,-63.85,-64.63,-65.25,-65.78,-66.55,-67.11,-67.64,-68.17,-68.54,-69.1,-69.57,-70.1,-70.56,-71.06,-71.5,-72.06,-72.3,-72.65,-73.14,-73.49,-73.92,-74.26,-74.6,-74.98,-75.47,-75.85,-76.07,-76.47,-76.72,-77.18,-77.53,-77.71,-78.02,-78.27,-78.58,-78.99,-79.2,-79.45,-79.8,-80.11,-80.42,-80.63,-80.82,-81.19,-81.32,-81.57,-81.82,-82.1,-82.25,-82.56,-82.75,-83.06,-83.21,-83.4,-83.68,-83.93,-84.18,-84.27,-84.58,-84.71,-84.86,-85.11,-85.3,-85.48,-85.76,-85.86,-86.07,-86.2,-86.45,-86.54,-86.7,-86.98,-86.95,-87.19,-87.41,-87.44,-87.66,-87.66,-87.97,-88.0,-88.06,-88.16,-88.28,-88.41,-88.62,-88.65,-88.84,-88.9,-88.9,-89.03,-89.18,-89.21,-89.25,-89.25,-89.37,-89.53,-89.59,-89.77,-89.84,-89.93,-90.05,-90.05,-90.08,-90.21,-90.24,-90.27,-90.43,-90.55,-90.43,-90.52,-90.55,-90.64,-90.64,-90.71,-90.71,-90.77,-90.83,-90.86,-90.96,-90.83,-90.86,-90.96,-90.92,-90.99,-90.96,-90.99,-90.92,-90.99,-91.11,-91.05,-90.89,-91.05,-90.99,-91.08,-90.96,-91.05,-91.11,-91.05,-91.08,-91.08,-91.02,-91.02,-91.02,-90.99,-90.96,-90.83,-90.92,-90.83,-90.96,-90.83,-90.68,-90.74,-90.71,-90.77,-90.77,-90.61,-90.68,-90.64,-90.61,-90.55,-90.64,-90.4,-90.4,-90.43,-90.43,-90.36,-90.4,-90.21,-90.21,-90.18,-90.21,-89.96,-89.99,-89.87,-89.9,-89.87,-89.93,-89.68,-89.74,-89.65,-89.59,-89.49,-89.49,-89.4,-89.37,-89.21,-89.18,-89.18,-89.06,-89.18,-88.93,-88.93,-88.84,-88.72,-88.84,-88.72,-88.69,-88.56,-88.44,-88.59,-88.28,-88.44,-88.28,-88.22,-88.1,-88.06,-88.03,-88.03,-87.94,-88.03,-87.85,-87.75,-87.72,-87.66,-87.72,-87.57,-87.41,-87.47,-87.41,-87.41,-87.26,-87.19,-87.16,-87.01,-87.01,-86.98,-86.79,-86.91,-86.88,-86.73,-86.67,-86.51,-86.51,-86.45,-86.51,-86.35,-86.2,-86.14,-86.14,-86.01,-86.01,-85.98,-85.92,-85.8,-85.67,-85.64,-85.73,-85.48,-85.45,-85.58,-85.52,-85.36,-85.24,-85.14,-85.24,-85.17,-85.08,-85.02,-84.92,-84.96,-84.86,-84.86,-84.74,-84.68,-84.71,-84.52,-84.52,-84.4,-84.3,-84.18,-84.21,-84.24,-84.12,-83.96,-83.93,-83.81,-83.74,-83.65,-83.77,-83.62,-83.43,-83.56,-83.43,-83.4,-83.21,-83.15,-83.15,-83.0,-83.09,-82.97,-82.9,-82.78,-82.75,-82.72,-82.72,-82.59,-82.59,-82.59,-82.5,-82.44,-82.47,-82.38,-82.28,-82.22,-82.19,-82.19,-81.97,-82.1,-82.0,-82.13,-81.94,-81.82,-81.82,-81.69,-81.82,-81.66,-81.57,-81.66,-81.66,-81.6,-81.47,-81.6,-81.44,-81.41,-81.41,-81.23,-81.32,-81.38,-81.19,-81.1,-81.04,-81.16,-81.1,-81.01,-80.95,-81.04,-80.95,-80.91,-80.82,-80.76,-80.73,-80.79,-80.63,-80.63,-80.6,-80.54,-80.6,-80.57,-80.54,-80.48,-80.48,-80.51,-80.51,-80.39,-80.32,-80.29,-80.32,-80.23,-80.26,-80.23,-80.26,-80.11,-80.23,-80.2,-80.08,-80.14,-80.08,-80.01,-79.89,-79.98,-79.92,-79.86,-79.92,-79.89,-79.76,-79.73,-79.7,-79.83,-79.61,-79.58,-79.67,-79.48,-79.52,-79.48,-79.33,-79.48,-79.42,-79.3,-79.3,-79.24,-79.2,-79.05,-79.17,-79.08,-79.05,-79.05,-78.96,-78.93,-78.93,-78.83,-78.71,-78.89,-78.71,-78.77,-78.77,-78.55,-78.65,-78.58,-78.49,-78.61,-78.65,-78.58,-78.49,-78.46,-78.46,-78.46,-78.46,-78.33,-78.33,-78.3,-78.24,-78.3,-78.21,-78.37,-78.21,-78.24,-78.27,-78.09,-78.24,-77.9,-77.99,-78.09,-78.05,-77.96,-78.02,-77.96,-77.78,-77.96,-77.99,-77.84,-77.81,-77.78,-77.81,-77.9,-77.71,-77.71,-78.02,-77.71,-77.87,-77.68,-77.71,-77.68,-77.62,-77.65,-77.71,-77.65,-77.68,-77.71,-77.65,-77.65,-77.56,-77.56,-77.59,-77.56,-77.5,-77.46,-77.53,-77.4,-77.5,-77.46,-77.43,-77.37,-77.46,-77.34,-77.4,-77.43,-77.34,-77.25,-77.22,-77.12,-77.25,-77.22,-77.22,-77.12,-77.15,-77.0,-77.06,-77.15,-77.03,-77.06,-77.18,-77.09,-77.03,-76.94,-77.0,-76.94,-76.84,-76.84,-76.69,-76.94,-76.78,-76.78,-76.81,-77.0,-76.75,-76.78,-76.84,-76.84,-76.75,-76.72,-76.75,-76.78,-76.75,-76.62,-76.75,-76.66,-76.56,-76.56,-76.59,-76.47,-76.56,-76.59,-76.66,-76.59,-76.5,-76.56,-76.53,-76.59,-76.44,-76.5,-76.44,-76.47,-76.47,-76.53,-76.35,-76.47,-76.47,-76.47,-76.44,-76.44,-76.38,-76.44,-76.5,-76.38,-76.38,-76.41,-76.44,-76.31,-76.31,-76.22,-76.38,-76.44,-76.38,-76.38,-76.44,-76.35,-76.31,-76.28,-76.25,-76.41,-76.35,-76.22,-76.28,-76.31,-76.28,-76.31,-76.35,-76.41,-76.25,-76.28,-76.13,-76.35,-76.28,-76.19,-76.22,-76.25,-76.22,-76.13,-76.16,-76.07,-76.16,-76.16,-76.1,-75.97,-76.0,-76.03,-76.03,-76.07,-76.07,-76.0,-75.82,-75.91,-76.0,-75.85,-75.85,-75.82,-75.91,-75.85,-75.82,-75.94,-75.91,-75.85,-75.79,-75.82,-75.75,-75.72,-75.69,-75.85,-75.91,-75.75,-75.82,-75.82,-75.79,-75.75,-75.69,-75.6,-75.69,-75.63,-75.63,-75.72,-75.6,-75.66,-75.69,-75.66,-75.51,-75.6,-75.63,-75.66,-75.6,-75.54,-75.57,-75.66,-75.72,-75.6,-75.51,-75.69,-75.63,-75.51,-75.63,-75.54,-75.47,-75.47,-75.51,-75.44,-75.51,-75.44,-75.57,-75.54,-75.51,-75.57,-75.57,-75.6,-75.51,-75.57,-75.75,-75.57,-75.51,-75.57,-75.51,-75.69,-75.6,-75.6,-75.66,-75.54,-75.57,-75.66,-75.41,-75.6,-75.57,-75.66,-75.51,-75.6,-75.47,-75.44,-75.35,-75.54,-75.6,-75.47,-75.38,-75.47,-75.32,-75.54,-75.41,-75.35,-75.32,-75.54,-75.26,-75.29,-75.23,-75.29,-75.26,-75.29,-75.35,-75.32,-75.29,-75.23,-75.16,-75.32,-75.26,-75.26,-75.13,-75.23,-75.16,-75.1,-75.23,-75.16,-75.16,-75.29,-75.13,-75.16,-75.29,-75.13,-75.13,-75.04,-75.13,-75.19,-75.16,-75.07,-75.1,-75.07,-75.07,-75.1,-74.98,-75.04,-74.95,-74.98,-75.04,-74.95,-75.04,-75.1,-74.98,-75.04,-75.01,-75.07,-75.04,-75.01,-74.95,-74.92,-75.04,-75.01,-75.1,-74.85,-75.04,-74.98,-75.04,-75.01,-74.95,-74.92,-74.95,-74.88,-74.85,-74.98,-74.98,-74.98,-75.04,-75.07,-75.04,-75.01,-75.04,-75.13,-75.1,-75.01,-75.07,-74.92,-75.04,-75.07,-75.01,-74.79,-75.01,-74.98,-75.01,-74.95,-74.92,-74.95,-74.98,-74.79,-74.79,-74.88,-74.92,-74.92,-74.85,-74.76,-74.7,-74.64,-74.67,-74.76,-74.76,-74.64,-74.76,-74.6,-74.7,-74.7,-74.79,-74.6,-74.7,-74.64,-74.57,-74.51,-74.6,-74.6,-74.67,-74.48,-74.7,-74.64,-74.67,-74.57,-74.6,-74.64,-74.57,-74.73,-74.6,-74.7,-74.7,-74.57,-74.64,-74.7,-74.6,-74.7,-74.57,-74.6,-74.54,-74.6,-74.64,-74.7,-74.64,-74.79,-74.7,-74.67,-74.73,-74.6,-74.76,-74.6,-74.76,-74.6,-74.57,-74.64,-74.48,-74.57,-74.57,-74.6,-74.54,-74.7,-74.6,-74.67,-74.7,-74.82,-74.76,-74.85,-74.73,-74.82,-74.82,-74.82,-74.76,-74.82,-74.79,-74.73,-74.92,-74.79,-74.79,-74.85,-74.95,-74.79,-74.82,-74.85,-74.82,-74.82,-74.92,-74.98,-74.92,-74.85,-74.95,-74.85,-74.82,-74.82,-74.82,-74.85,-74.76,-74.82,-74.88,-74.79,-74.7,-74.85,-74.92,-74.82,-74.79,-74.76,-74.79,-74.67,-74.7,-74.67,-74.7,-74.64,-74.67,-74.73,-74.54,-74.67,-74.67,-74.7,-74.67,-74.48,-74.54,-74.6,-74.7,-74.7,-74.67,-74.57,-74.67,-74.64,-74.67,-74.57,-74.7,-74.7,-74.7,-74.6,-74.64,-74.6,-74.6,-74.67,-74.67,-74.6,-74.73,-74.64,-74.57,-74.6,-74.42,-74.57,-74.54,-74.54,-74.64,-74.57,-74.57,-74.7,-74.64,-74.7,-74.6,-74.6,-74.57,-74.6,-74.6,-74.57,-74.67,-74.73,-74.57,-74.7,-74.67,-74.7,-74.73,-74.76,-74.67,-74.7,-74.73,-74.73,-74.76,-74.64,-74.7,-74.67,-74.7,-74.73,-74.67,-74.76,-74.73,-74.79,-74.79,-74.79,-74.67,-74.79,-74.79,-74.79,-74.67,-74.67,-74.79,-74.85,-74.76,-74.7,-74.7,-74.76,-74.64,-74.6,-74.57,-74.67,-74.54,-74.51,-74.48,-74.6,-74.67,-74.54,-74.6,-74.42,-74.51,-74.57,-74.42,-74.45,-74.54,-74.51,-74.36,-74.57,-74.54,-74.29,-74.51,-74.54,-74.51,-74.36,-74.48,-74.42,-74.48,-74.48,-74.42,-74.54,-74.54,-74.48,-74.39,-74.36,-74.45,-74.39,-74.42,-74.36,-74.42,-74.42,-74.32,-74.45,-74.48,-74.45,-74.45,-74.29,-74.51,-74.32,-74.39,-74.45,-74.36,-74.36,-74.42,-74.32,-74.42,-74.42,-74.32,-74.32,-74.42,-74.36,-74.45,-74.36,-74.45,-74.48,-74.42,-74.67,-74.51,-74.42,-74.42,-74.48,-74.45,-74.42,-74.48,-74.54,-74.57,-74.51,-74.48,-74.54,-74.42,-74.64,-74.6,-74.51,-74.45,-74.48,-74.73,-74.57,-74.51,-74.51,-74.79,-74.57,-74.67,-74.73,-74.7,-74.76,-74.6,-74.64,-74.73,-74.51,-74.6,-74.57,-74.67,-74.7,-74.54,-74.67,-74.54,-74.57,-74.57,-74.64,-74.57,-74.48,-74.64,-74.67,-74.54,-74.45,-74.57,-74.39,-74.45,-74.42,-74.51,-74.51,-74.42,-74.42,-74.48,-74.45,-74.42,-74.45,-74.45,-74.51,-74.42,-74.48,-74.6,-74.45,-74.45,-74.45,-74.54,-74.42,-74.51,-74.45,-74.42,-74.45,-74.48,-74.51,-74.51,-74.51,-74.36,-74.32,-74.42,-74.39,-74.42,-74.54,-74.45,-74.45,-74.48,-74.54,-74.6,-74.54,-74.54,-74.64,-74.6,-74.51,-74.7,-74.57,-74.57,-74.48,-74.51,-74.79,-74.64,-74.64,-74.67,-74.7,-74.64,-74.7,-74.7,-74.54,-74.7,-74.67,-74.73,-74.79,-74.7,-74.7,-74.82,-74.82,-74.7,-74.73,-74.92,-74.82,-74.82,-74.85,-74.76,-74.79,-74.73,-74.67,-74.79,-74.7,-74.6,-74.82,-74.73,-74.73,-74.67,-74.51,-74.54,-74.7,-74.67,-74.67,-74.57,-74.67,-74.57,-74.64,-74.48,-74.57,-74.54,-74.48,-74.51,-74.6,-74.7,-74.51,-74.54,-74.51,-74.48,-74.51,-74.51,-74.45,-74.6,-74.42,-74.57,-74.54,-74.51,-74.48,-74.54,-74.57,-74.42,-74.64,-74.48,-74.51,-74.48,-74.57,-74.54,-74.54,-74.48,-74.7,-74.57,-74.57,-74.6,-74.6,-74.6,-74.76,-74.6,-74.64,-74.6,-74.6,-74.64,-74.76,-74.67,-74.76,-74.7,-74.67,-74.76,-74.7,-74.73,-74.7,-74.73,-74.73,-74.54,-74.67,-74.57,-74.67,-74.76,-74.76,-74.73,-74.73,-74.73,-74.73,-74.67,-74.79,-74.79,-74.73,-74.95,-74.88,-74.85,-74.79,-74.79,-74.67,-74.79,-74.88,-74.73,-74.85,-74.73,-74.92,-74.73,-74.73,-74.79,-74.79,-74.82,-74.92,-74.82,-74.92,-74.95,-74.88,-74.67,-74.79,-74.88,-74.88,-74.95,-74.82,-74.85,-74.85,-74.92,-74.76,-74.73,-74.85,-74.95,-74.82,-74.82,-74.82,-74.73,-74.7,-74.73,-74.85,-74.82,-74.82,-74.85,-74.73,-74.73,-74.79,-74.88,-74.76,-74.76,-74.82,-74.73,-74.7,-74.85,-74.76,-74.67,-74.76,-74.79,-74.73,-74.64,-74.64,-74.82,-74.64,-74.51,-74.79,-74.76,-74.67,-74.7,-74.67,-74.67,-74.67,-74.7,-74.73,-74.6,-74.6,-74.73,-74.73,-74.79,-74.76,-74.7,-74.67,-74.67,-74.73,-74.76,-74.67,-74.79,-74.82,-74.85,-74.7,-74.7,-74.76,-74.82,-74.88,-74.7,-74.79,-74.85,-74.79,-74.82,-74.88,-74.98,-74.79,-74.88,-74.76,-74.98,-74.88,-74.85,-74.82,-74.82,-74.85,-74.95,-74.85,-74.95,-74.92,-74.88,-74.98,-74.82,-74.85,-74.85,-74.76,-74.88,-74.92,-74.85,-74.88,-74.85,-74.73,-74.76,-74.76,-74.76,-74.76,-74.82,-74.82,-74.82,-74.79,-74.73,-74.85,-74.73,-74.67,-74.7,-74.76,-74.64,-74.73,-74.57,-74.64,-74.57,-74.54,-74.67,-74.6,-74.64,-74.6,-74.67,-74.6,-74.6,-74.7,-74.01,-74.48,-74.57,-74.54,-74.48,-74.54,-74.51,-74.45,-74.57,-74.45,-74.6,-74.51,-74.64,-74.42,-74.36,-74.54,-74.51,-74.48,-74.51,-74.6,-74.57,-74.54,-74.51,-74.57,-74.48,-74.48,-74.57,-74.45,-74.45,-74.42,-74.42,-74.54,-74.57,-74.51,-74.6,-74.51,-74.54,-74.48,-74.54,-74.54,-74.6,-74.73,-74.85,-74.67,-74.67,-74.54,-74.67,-74.67,-74.57,-74.7,-74.79,-74.64,-74.7,-74.67,-74.7,-74.64,-74.67,-74.7,-74.67,-74.67,-74.73,-74.64,-74.67,-74.64,-74.73,-74.67,-74.6,-74.6,-74.6,-74.73,-74.64,-74.64,-74.54,-74.76,-74.67,-74.7,-74.7,-74.64,-74.64,-74.67,-74.57,-74.7,-74.51,-74.7,-74.57,-74.51,-74.57,-74.57,-74.42,-74.57,-74.54,-74.67,-74.64,-74.57,-74.51,-74.45,-74.48,-74.6,-74.45,-74.39,-74.6,-74.57,-74.48,-74.45,-74.48,-74.51,-74.48,-74.51,-74.42,-74.36,-74.39,-74.45,-74.51,-74.39,-74.51,-74.32,-74.42,-74.48,-74.45,-74.45,-74.39,-74.39,-74.42,-74.51,-74.54,-74.42,-74.51,-74.32,-74.42,-74.36,-74.36,-74.36,-74.45,-74.51,-74.48,-74.42,-74.39,-74.39,-74.45,-74.36,-74.48,-74.45,-74.39,-74.57,-74.48,-74.54,-74.45,-74.7,-74.57,-74.51,-74.42,-74.6,-74.6,-74.64,-74.6,-74.54,-74.48,-74.67,-74.7,-74.73,-74.51,-74.51,-74.48,-74.51,-74.29,-74.45,-74.51,-74.51,-74.51,-74.51,-74.51,-74.48,-74.36,-74.51,-74.39,-74.51,-74.54,-74.48,-74.32,-74.54,-74.39,-74.6,-74.64,-74.48,-74.51,-74.42,-74.51,-74.57,-74.29,-74.23,-74.39,-74.45,-74.32,-74.32,-74.51,-74.36,-74.42,-74.48,-74.51,-74.32,-74.54,-74.48,-74.45,-74.36,-74.54,-74.48,-74.45,-74.39,-74.57,-74.45,-74.36,-74.48,-74.54,-74.42,-74.48,-74.45,-74.48,-74.45,-74.51,-74.51,-74.57,-74.32,-74.54,-74.57,-74.51,-74.45,-74.48,-74.45,-74.54,-74.48,-74.42,-74.29,-74.42,-74.54,-74.39,-74.51,-74.45,-74.6,-74.57,-74.57,-74.54,-74.48,-74.73,-74.76,-74.6,-74.67,-74.42,-74.76,-74.7,-74.57,-74.73,-74.64,-74.6,-74.54,-74.73,-74.73,-74.54,-74.79,-74.6,-74.7,-74.54,-74.42,-74.6,-74.54,-74.6,-74.64,-74.51,-74.6,-74.6,-74.54,-74.6,-74.57,-74.51,-74.42,-74.29,-74.6,-74.54,-74.39,-74.42,-74.36,-74.48,-74.45,-74.51,-74.32,-74.48,-74.36,-74.42,-74.42,-74.45,-74.29,-74.39,-74.42,-74.48,-74.45,-74.48,-74.51,-74.51,-74.51,-74.36,-74.51,-74.51,-74.57,-74.45,-74.42,-74.45,-74.45,-74.54,-74.36,-74.45,-74.51,-74.51,-74.45,-74.45,-74.48,-74.36,-74.36,-74.48,-74.39,-74.42,-74.45,-74.48,-74.51,-74.39,-74.42,-74.42,-74.39,-74.48,-74.45,-74.39,-74.51,-74.29,-74.29,-74.45,-74.39,-74.17,-74.36,-74.51,-74.29,-74.32,-74.36,-74.36,-74.23,-74.36,-74.36,-74.36,-74.45,-74.42,-74.29,-74.51,-74.32,-74.42,-74.32,-74.48,-74.48,-74.36,-74.54,-74.36,-74.45,-74.45,-74.45,-74.57,-74.57,-74.48,-74.54,-74.45,-74.48,-74.48,-74.48,-74.57,-74.36,-74.57,-74.42,-74.42,-74.45,-74.45,-74.54,-74.51,-74.45,-74.39,-74.39,-74.48,-74.36,-74.42,-74.42,-74.36,-74.26,-74.51,-74.26,-74.32,-74.17,-74.29,-74.29,-74.36,-74.32,-74.39,-74.36,-74.36,-74.32,-74.45,-74.48,-74.36,-74.29,-74.26,-74.32,-74.2,-74.32,-74.36,-74.36,-74.42,-74.2,-74.2,-74.32,-74.23,-74.32,-74.36,-74.39,-74.23,-74.32,-74.36,-74.39,-74.23,-74.39,-74.32,-74.32,-74.29,-74.23,-74.42,-74.29,-74.32,-74.36,-74.36,-74.32,-74.32,-74.23,-74.32,-74.45,-74.36,-74.32,-74.36,-74.45,-74.29,-74.42,-74.42,-74.45,-74.51,-74.48,-74.54,-74.51,-74.39,-74.36,-74.45,-74.48,-74.45,-74.54,-74.54,-74.45,-74.45,-74.54,-74.57,-74.48,-74.57,-74.51,-74.51,-74.7,-74.64,-74.45,-74.54,-74.57,-74.57,-74.48,-74.42,-74.45,-74.39,-74.39,-74.42,-74.45,-74.45,-74.54,-74.45,-74.36,-74.42,-74.51,-74.48,-74.42,-74.42,-74.54,-74.42,-74.42,-74.32,-74.32,-74.32,-74.32,-74.45,-74.51,-74.45,-74.42,-74.32,-74.42,-74.51,-74.45,-74.45,-74.48,-74.48,-74.57,-74.51,-74.39,-74.48,-74.36,-74.51,-74.48,-74.32,-74.54,-74.36,-74.48,-74.39,-74.54,-74.48,-74.45,-74.48,-74.51,-74.32,-74.54,-74.45,-74.42,-74.51,-74.48,-74.51,-74.36,-74.42,-74.45,-74.51,-74.51,-74.45,-74.36,-74.32,-74.45,-74.48,-74.51,-74.42,-74.45,-74.54,-74.54,-74.39,-74.42,-74.39,-74.29,-74.36,-74.29,-74.36,-74.32,-74.39,-74.48,-74.29,-74.48,-74.42,-74.36,-74.39,-74.26,-74.42,-74.36,-74.26,-74.39,-74.36,-74.23,-74.2,-74.29,-74.17,-74.32,-74.32,-74.23,-74.29,-74.23,-74.32,-74.14,-74.32,-74.26,-74.23,-74.23,-74.23,-74.17,-74.2,-74.14,-74.11,-74.26,-74.26,-74.23,-74.11,-74.29,-74.2,-74.26,-74.14,-74.17,-74.17,-74.2,-74.26,-74.17,-74.29,-74.23,-74.23,-74.23,-74.29,-74.26,-74.2,-74.26,-74.26,-74.29,-74.23,-74.42,-74.29,-74.45,-74.32,-74.23,-74.32,-74.36,-74.36,-74.29,-74.32,-74.39,-74.23,-74.36,-74.26,-74.26,-74.26,-74.36,-74.32,-74.23,-74.45,-74.29,-74.26,-74.29,-74.29,-74.32,-74.42,-74.2,-74.36,-74.42,-74.39,-74.32,-74.29,-74.36,-74.26,-74.36,-74.45,-74.42,-74.48,-74.45,-74.48,-74.54,-74.45,-74.45,-74.51,-74.42,-74.45,-74.54,-74.51,-74.48,-74.51,-74.51,-74.54,-74.51,-74.36,-74.51,-74.42,-74.54,-74.48,-74.36,-74.6,-74.51,-74.48,-74.51,-74.48,-74.48,-74.51,-74.39,-74.45,-74.54,-74.45,-74.45,-74.57,-74.42,-74.36,-74.42,-74.36,-74.36,-74.32,-74.45,-74.48,-74.36,-74.42,-74.36,-74.48,-74.36,-74.36,-74.42,-74.48,-74.36,-74.36,-74.42,-74.39,-74.54,-74.42,-74.36,-74.42,-74.48,-74.32,-74.54,-74.36,-74.57,-74.32,-74.32,-74.39,-74.45,-74.51,-74.51,-74.51,-74.48,-74.32,-74.54,-74.51,-74.45,-74.51,-74.6,-74.48,-74.64,-74.6,-74.67,-74.57,-74.48,-74.51,-74.6,-74.54,-74.45,-74.54,-74.57,-74.51,-74.6,-74.73,-74.6,-74.51,-74.67,-74.67,-74.79,-74.79,-74.64,-74.76,-74.73,-74.6,-74.7,-74.6,-74.67,-74.6,-74.76,-74.79,-74.79,-74.79,-74.76,-74.54,-74.73,-74.82,-74.76,-74.82,-74.67,-74.73,-74.67,-74.73,-74.73,-74.6,-74.67,-74.7,-74.67,-74.64,-74.67,-74.64,-74.79,-74.64,-74.6,-74.54,-74.45,-74.64,-74.6,-74.67,-74.54,-74.6,-74.64,-74.57,-74.6,-74.51,-74.7,-74.54,-74.6,-74.67,-74.6,-74.54,-74.7,-74.54,-74.57,-74.76,-74.6,-74.67,-74.67,-74.67,-74.64,-74.57,-74.67,-74.54,-74.6,-74.57,-74.54,-74.48,-74.54,-74.51,-74.51,-74.51,-74.54,-74.48,-74.51,-74.42,-74.51,-74.51,-74.48,-74.54,-74.48,-74.54,-74.57,-74.39,-74.45,-74.51,-74.48,-74.51,-74.48,-74.54,-74.51,-74.54,-74.54,-74.54,-74.54,-74.6,-74.51,-74.48,-74.57,-74.54,-74.54,-74.42,-74.48,-74.7,-74.64,-74.57,-74.48,-74.64,-74.67,-74.57,-74.6,-74.54,-74.48,-74.45,-74.54,-74.57,-74.67,-74.51,-74.67,-74.6,-74.64,-74.57,-74.45,-74.54,-74.6,-74.57,-74.51,-74.51,-74.54,-74.48,-74.54,-74.51,-74.67,-74.57,-74.54,-74.45,-74.48,-74.48,-74.57,-74.57,-74.48,-74.45,-74.51,-74.48,-74.51,-74.36,-74.42,-74.54,-74.51,-74.48,-74.48,-74.54,-74.54,-74.48,-74.51,-74.54,-74.54,-74.57,-74.48,-74.7,-74.67,-74.73,-74.51,-74.57,-74.6,-74.45,-74.57,-74.73,-74.57,-74.67,-74.45,-74.67,-74.57,-74.6,-74.64,-74.6,-74.64,-74.64,-74.57,-74.73,-74.6,-74.73,-74.64,-74.54,-74.54,-74.79,-74.6,-74.73,-74.7,-74.76,-74.67,-74.7,-74.67,-74.64,-74.64,-74.51,-74.67,-74.57,-74.64,-74.64,-74.73,-74.73,-74.76,-74.76,-74.88,-74.76,-74.79,-74.7,-74.73,-74.73,-74.73,-74.73,-74.76,-74.76,-74.73,-74.73,-74.82,-74.85,-74.76,-74.79,-74.82,-74.85,-74.73,-74.82,-74.73,-74.82,-74.79,-74.85,-74.76,-74.67,-74.79,-74.64,-74.79,-74.76,-74.57,-74.7,-74.7,-74.6,-74.57,-74.54,-74.51,-74.54,-74.57,-74.39,-74.42,-74.51,-74.42,-74.39,-74.54,-74.48,-74.36,-74.54,-74.6,-74.36,-74.57,-74.51,-74.48,-74.32,-74.2,-74.42,-74.51,-74.42,-74.48,-74.45,-74.51,-74.42,-74.36,-74.54,-74.39,-74.51,-74.32,-74.36,-74.36,-74.45,-74.45,-74.45,-74.45,-74.36,-74.51,-74.36,-74.42,-74.36,-74.45,-74.26,-74.36,-74.29,-74.51,-74.29,-74.42,-74.32,-74.32,-74.45,-74.42,-74.29,-74.32,-74.36,-74.48,-74.39,-74.32,-74.45,-74.36,-74.39,-74.54,-74.51,-74.42,-74.48,-74.54,-74.51,-74.45,-74.51,-74.51,-74.57,-74.54,-74.45,-74.42,-74.36,-74.51,-74.45,-74.51,-74.6,-74.51,-74.48,-74.48,-74.57,-74.54,-74.51,-74.57,-74.6,-74.51,-74.45,-74.51,-74.57,-74.57,-74.6,-74.54,-74.42,-74.54,-74.51,-74.32,-74.45,-74.26,-74.29,-74.36,-74.29,-74.23,-74.29,-74.29,-74.26,-74.2,-74.26,-74.32,-74.26,-74.17,-74.29,-74.39,-74.36,-74.39,-74.36,-74.42,-74.32,-74.36,-74.36,-74.32,-74.42,-74.36,-74.48,-74.36,-74.32,-74.48,-74.45,-74.45,-74.45,-74.45,-74.48,-74.57,-74.45,-74.51,-74.36,-74.48,-74.45,-74.6,-74.6,-74.51,-74.51,-74.45,-74.48,-74.54,-74.45,-74.51,-74.48,-74.36,-74.51,-74.54,-74.48,-74.48,-74.51,-74.51,-74.57,-74.51,-74.45,-74.45,-74.48,-74.48,-74.51,-74.48,-74.51,-74.54,-74.48,-74.32,-74.32,-74.32,-74.45,-74.36,-74.45,-74.45,-74.45,-74.42,-74.42,-74.36,-74.39,-74.42,-74.48,-74.39,-74.57,-74.51,-74.6,-74.45,-74.48,-74.51,-74.45,-74.48,-74.36,-74.42,-74.45,-74.45,-74.45,-74.36,-74.42,-74.26,-74.36,-74.36,-74.42,-74.29,-74.29,-74.32,-74.29,-74.29,-74.36,-74.26,-74.29,-74.45,-74.42,-74.45,-74.42,-74.26,-74.48,-74.26,-74.32,-74.36,-74.51,-74.51,-74.36,-74.45,-74.32,-74.26,-74.42,-74.36,-74.32,-74.32,-74.29,-74.32,-74.32,-74.32,-74.29,-74.36,-74.42,-74.39,-74.45,-74.42,-74.42,-74.36,-74.39,-74.36,-74.36,-74.42,-74.51,-74.51,-74.36,-74.48,-74.54,-74.45,-74.54,-74.45,-74.48,-74.51,-74.57,-74.57,-74.57,-74.51,-74.64,-74.6,-74.6,-74.54,-74.6,-74.51,-74.54,-74.7,-74.6,-74.57,-74.57,-74.54,-74.6,-74.57,-74.64,-74.67,-74.54,-74.73,-74.67,-74.54,-74.54,-74.51,-74.57,-74.54,-74.6,-74.64,-74.48,-74.51,-74.51,-74.57,-74.48,-74.51,-74.48,-74.36,-74.51,-74.6,-74.6,-74.45,-74.51,-74.45,-74.48,-74.32,-74.48,-74.48,-74.36,-74.39,-74.48,-74.48,-74.36,-74.39,-74.36,-74.51,-74.48,-74.42,-74.51,-74.42,-74.42,-74.42,-74.29,-74.2,-74.29,-74.42,-74.36,-74.42,-74.26,-74.42,-74.36,-74.32,-74.36,-74.26,-74.29,-74.36,-74.26,-74.26,-74.32,-74.26,-74.26,-74.29,-74.23,-74.32,-74.26,-74.2,-74.29,-74.23,-74.36,-74.36,-74.17,-74.26,-74.32,-74.29,-74.26,-74.26,-74.36,-74.39,-74.42,-74.36,-74.29,-74.36,-74.29,-74.26,-74.39,-74.45,-74.45,-74.57,-74.36,-74.32,-74.51,-74.45,-74.45,-74.57,-74.29,-74.54,-74.51,-74.54,-74.57,-74.54,-74.54,-74.54,-74.45,-74.54,-74.54,-74.54,-74.57,-74.45,-74.7,-74.7,-74.51,-74.48,-74.48,-74.64,-74.64,-74.45,-74.48,-74.48,-74.48,-74.45,-74.51,-74.48,-74.32,-74.29,-74.32,-74.32,-74.42,-74.51,-74.48,-74.36,-74.39,-74.32,-74.2,-74.36,-74.45,-74.26,-74.36,-74.32,-74.42,-74.23,-74.36,-74.29,-74.26,-74.17,-74.23,-74.29,-74.36,-74.26,-74.32,-74.26,-74.23,-74.29,-74.26,-74.29,-74.29,-74.26,-74.42,-74.39,-74.11,-74.29,-74.36,-74.36,-74.36,-74.36,-74.26,-74.36,-74.36,-74.14,-74.26,-74.23,-74.26,-74.14,-74.26,-74.26,-74.26,-74.26,-74.23,-74.23,-74.29,-74.45,-74.26,-74.11,-74.26,-74.17,-74.17,-74.29,-74.29,-74.23,-74.26,-74.23,-74.17,-74.26,-74.2,-74.2,-74.11,-74.2,-74.26,-74.2,-74.2,-74.11,-74.29,-74.29,-74.2,-74.11,-74.2,-74.2,-74.23,-74.08,-74.14,-74.11,-74.14,-74.26,-74.17,-74.08,-74.17,-74.04,-74.11,-74.11,-74.08,-74.04,-74.08,-74.11,-74.04,-74.14,-74.08,-74.08,-74.01,-74.01,-74.01,-73.98,-74.11,-74.01,-73.89,-74.04,-74.14,-73.95,-74.01,-74.01,-73.98,-74.2,-74.08,-74.01,-74.01,-73.98,-73.83,-74.01,-74.08,-74.04,-74.08,-74.01,-74.11,-74.04,-74.08,-74.08,-74.04,-74.11,-74.11,-74.04,-74.17,-74.08,-74.17,-74.04,-74.08,-74.01,-74.08,-74.11,-74.11,-74.14,-74.14,-74.11,-74.01,-74.2,-74.2,-74.23,-74.17,-74.17,-74.01,-74.23,-74.14,-74.26,-74.11,-74.2,-74.17,-74.23,-74.14,-74.26,-74.14,-74.26,-74.2,-74.2,-74.23,-74.23,-74.17,-74.23,-74.36,-74.32,-74.39,-74.23,-74.17,-74.2,-74.32,-74.39,-74.2,-74.29,-74.17,-74.26,-74.26,-74.23,-74.36,-74.26,-74.39,-74.17,-74.26,-74.23,-74.36,-74.36,-74.42,-74.2,-74.32,-74.36,-74.17,-74.17,-74.14,-74.26,-74.26,-74.2,-74.32,-74.2,-74.26,-74.2,-74.17,-74.17,-74.26,-74.26,-74.11,-74.29,-74.26,-74.29,-74.32,-74.17,-74.29,-74.23,-74.26,-74.32,-74.32,-74.26,-74.36,-74.26,-74.26,-74.36,-74.32,-74.23,-74.23,-74.32,-74.32,-74.39,-74.29,-74.36,-74.36,-74.29,-74.36,-74.42,-74.42,-74.23,-74.36,-74.32,-74.39,-74.42,-74.36,-74.26,-74.26,-74.36,-74.26,-74.29,-74.26,-74.2,-74.2,-74.23,-74.23,-74.2,-74.26,-74.36,-74.2,-74.2,-74.36,-74.32,-74.32,-74.32,-74.39,-74.42,-74.32,-74.39,-74.36,-74.39,-74.17,-74.32,-74.29,-74.36,-74.36,-74.48,-74.39,-74.45,-74.36,-74.36,-74.45,-74.32,-74.26,-74.32,-74.32,-74.26,-74.48,-74.32,-74.26,-74.2,-74.17,-74.23,-74.2,-74.2,-74.26,-74.29,-74.36,-74.2,-74.29,-74.36,-74.14,-74.32,-74.2,-74.14,-74.2,-74.08,-74.2,-74.2,-74.2,-74.08,-74.11,-74.17,-74.2,-74.23,-74.23,-74.14,-74.29,-74.23,-74.32,-74.23,-74.32,-74.26,-74.26,-74.32,-74.42,-74.2,-74.32,-74.32,-74.36,-74.29,-74.32,-74.26,-74.23,-74.36,-74.29,-74.23,-74.29,-74.32,-74.36,-74.23,-74.29,-74.26,-74.26,-74.23,-74.23,-74.14,-74.2,-74.29,-74.23,-74.36,-74.2,-74.39,-74.29,-74.39,-74.26,-74.26,-74.32,-74.23,-74.36,-74.29,-74.36,-74.23,-74.29,-74.32,-74.26,-74.29,-74.39,-74.42,-74.36,-74.36,-74.42,-74.29,-74.48,-74.48,-74.42,-74.29,-74.42,-74.29,-74.32,-74.39,-74.39,-74.39,-74.45,-74.32,-74.32,-74.26,-74.2,-74.32,-74.2,-74.23,-74.29,-74.08,-74.32,-74.23,-74.23,-74.14,-74.08,-74.26,-74.26,-74.11,-74.17,-74.08,-74.2,-74.2,-74.01,-74.14,-74.04,-74.14,-74.23,-74.17,-74.14,-74.26,-74.17,-74.23,-74.26,-74.2,-74.23,-74.14,-74.2,-74.2,-74.2,-74.29,-74.2,-74.11,-74.26,-74.26,-74.23,-74.36,-74.29,-74.32,-74.2,-74.26,-74.36,-74.26,-74.23,-74.26,-74.2,-74.2,-74.39,-74.26,-74.36,-74.32,-74.29,-74.36,-74.26,-74.45,-74.36,-74.32,-74.26,-74.23,-74.39,-74.36,-74.32,-74.36,-74.45,-74.36,-74.42,-74.54,-74.32,-74.29,-74.45,-74.36,-74.54,-74.54,-74.57,-74.48,-74.54,-74.54,-74.48,-74.51,-74.6,-74.48,-74.54,-74.48,-74.54,-74.64,-74.36,-74.36,-74.57,-74.64,-74.42,-74.54,-74.51,-74.42,-74.6,-74.6,-74.48,-74.36,-74.48,-74.45,-74.42,-74.42,-74.42,-74.51,-74.36,-74.57,-74.39,-74.36,-74.48,-74.45,-74.48,-74.32,-74.36,-74.42,-74.48,-74.57,-74.36,-74.36,-74.32,-74.48,-74.45,-74.51,-74.42,-74.48,-74.32,-74.45,-74.32,-74.45,-74.42,-74.29,-74.36,-74.45,-74.36,-74.29,-74.51,-74.36,-74.36,-74.17,-74.51,-74.48,-74.36,-74.32,-74.45,-74.45,-74.51,-74.48,-74.51,-74.48,-74.42,-74.36,-74.42,-74.36,-74.36,-74.57,-74.45,-74.42,-74.32,-74.36,-74.32,-74.45,-74.42,-74.51,-74.48,-74.51,-74.45,-74.39,-74.54,-74.39,-74.57,-74.51,-74.48,-74.51,-74.48,-74.57,-74.54,-74.54,-74.54,-74.64,-74.67,-74.48,-74.76,-74.64,-74.57,-74.57,-74.45,-74.54,-74.54,-74.7,-74.57,-74.51,-74.54,-74.54,-74.57,-74.57,-74.64,-74.64,-74.64,-74.67,-74.67,-74.51,-74.45,-74.45,-74.48,-74.54,-74.57,-74.42,-74.36,-74.51,-74.54,-74.36,-74.36,-74.45,-74.51,-74.48,-74.48,-74.54,-74.51,-74.36,-74.42,-74.54,-74.51,-74.45,-74.51,-74.51,-74.42,-74.42,-74.51,-74.51,-74.45,-74.51,-74.48,-74.32,-74.54,-74.51,-74.42,-74.57,-74.6,-74.45,-74.45,-74.51,-74.48,-74.48,-74.45,-74.48,-74.57,-74.54,-74.54,-74.54,-74.54,-74.64,-74.67,-74.48,-74.54,-74.64,-74.51,-74.57,-74.76,-74.6,-74.73,-74.73,-74.7,-74.67,-74.64,-74.6,-74.64,-74.6,-74.57,-74.64,-74.6,-74.7,-74.76,-74.79,-74.82,-74.73,-74.73,-74.67,-74.7,-74.79,-74.67,-74.82,-74.64,-74.7,-74.7,-74.92,-74.73,-74.82,-74.76,-74.6,-74.85,-74.82,-74.82,-74.79,-74.76,-74.73,-74.73,-74.85,-74.82,-74.76,-74.79,-74.67,-74.79,-74.76,-74.82,-74.82,-74.7,-74.76,-74.73,-74.73,-74.57,-74.67,-74.6,-74.76,-74.64,-74.57,-74.6,-74.54,-74.45,-74.54,-74.54,-74.67,-74.57,-74.57,-74.57,-74.64,-74.64,-74.54,-74.6,-74.48,-74.42,-74.48,-74.51,-74.57,-74.51,-74.54,-74.45,-74.54,-74.51,-74.48,-74.45,-74.54,-74.57,-74.57,-74.48,-74.57,-74.51,-74.67,-74.57,-74.64,-74.67,-74.64,-74.67,-74.54,-74.64,-74.6,-74.57,-74.6,-74.54,-74.42,-74.51,-74.54,-74.51,-74.42,-74.48,-74.45,-74.51,-74.45,-74.51,-74.6,-74.48,-74.45,-74.54,-74.51,-74.6,-74.48,-74.54,-74.51,-74.57,-74.6,-74.67,-74.51,-74.45,-74.51,-74.6,-74.6,-74.54,-74.54,-74.54,-74.7,-74.57,-74.6,-74.6,-74.82,-74.7,-74.6,-74.54,-74.57,-74.45,-74.51,-74.64,-74.51,-74.48,-74.45,-74.51,-74.45,-74.45,-74.45,-74.51,-74.54,-74.57,-74.45,-74.45,-74.36,-74.45,-74.39,-74.42,-74.32,-74.51,-74.39,-74.39,-74.42,-74.42,-74.45,-74.42,-74.45,-74.48,-74.45,-74.45,-74.36,-74.45,-74.57,-74.6,-74.45,-74.36,-74.45,-74.48,-74.51,-74.6,-74.54,-74.6,-74.51,-74.48,-74.54,-74.51,-74.57,-74.57,-74.54,-74.48,-74.45,-74.48,-74.42,-74.51,-74.51,-74.45,-74.51,-74.45,-74.42,-74.39,-74.54,-74.29,-74.51,-74.51,-74.51,-74.45,-74.39,-74.45,-74.48,-74.51,-74.6,-74.57,-74.42,-74.48,-74.42,-74.42,-74.57,-74.6,-74.48,-74.45,-74.36,-74.57,-74.51,-74.48,-74.54,-74.6,-74.45,-74.57,-74.57,-74.48,-74.64,-74.48,-74.54,-74.64,-74.57,-74.48,-74.48,-74.57,-74.51,-74.36,-74.6,-74.54,-74.51,-74.45,-74.48,-74.45,-74.42,-74.54,-74.36,-74.23,-74.26,-74.23,-74.14,-74.45,-74.29,-74.29,-74.23,-74.23,-74.39,-74.2,-74.29,-74.17,-74.32,-74.23,-74.45,-74.26,-74.29,-74.29,-74.32,-74.23,-74.29,-74.26,-74.14,-74.14,-74.14,-74.29,-74.17,-74.26,-74.36,-74.26,-74.23,-74.32,-74.23,-74.36,-74.36,-74.26,-74.39,-74.42,-74.23,-74.32,-74.36,-74.39,-74.23,-74.26,-74.45,-74.36,-74.32,-74.36,-74.36,-74.36,-74.26,-74.32,-74.32,-74.39,-74.23,-74.48,-74.45,-74.42,-74.36,-74.57,-74.54,-74.51,-74.48,-74.36,-74.48,-74.36,-74.42,-74.39,-74.42,-74.39,-74.57,-74.57,-74.54,-74.45,-74.39,-74.32,-74.42,-74.48,-74.39,-74.48,-74.51,-74.45,-74.51,-74.48,-74.54,-74.45,-74.36,-74.42,-74.51,-74.48,-74.45,-74.42,-74.42,-74.36,-74.6,-74.36,-74.42,-74.45,-74.54,-74.45,-74.36,-74.36,-74.36,-74.42,-74.2,-74.29,-74.26,-74.23,-74.29,-74.32,-74.32,-74.23,-74.29,-74.29,-74.2,-74.14,-74.36,-74.36,-74.32,-74.26,-74.29,-74.26,-74.45,-74.26,-74.32,-74.36,-74.36,-74.32,-74.26,-74.23,-74.32,-74.32,-74.36,-74.36,-74.48,-74.29,-74.26,-74.23,-74.29,-74.45,-74.39,-74.45,-74.45,-74.36,-74.36,-74.48,-74.42,-74.48,-74.36,-74.51,-74.36,-74.32,-74.36,-74.42,-74.45,-74.39,-74.36,-74.51,-74.54,-74.51,-74.36,-74.42,-74.32,-74.42,-74.6,-74.67,-74.64,-74.57,-74.6,-74.67,-74.6,-74.54,-74.54,-74.54,-74.7,-74.67,-74.51,-74.64,-74.73,-74.57,-74.64,-74.64,-74.67,-74.57,-74.57,-74.6,-74.51,-74.57,-74.64,-74.54,-74.64,-74.54,-74.51,-74.51,-74.6,-74.54,-74.57,-74.57,-74.54,-74.51,-74.57,-74.45,-74.42,-74.6,-74.48,-74.48,-74.32,-74.45,-74.45,-74.48,-74.54,-74.45,-74.42,-74.42,-74.48,-74.48,-74.36,-74.39,-74.29,-74.36,-74.39,-74.45,-74.51,-74.45,-74.36,-74.32,-74.29,-74.36,-74.23,-74.23,-74.42,-74.36,-74.45,-74.45,-74.45,-74.36,-74.29,-74.26,-74.39,-74.45,-74.45,-74.45,-74.39,-74.29,-74.45,-74.36,-74.36,-74.32,-74.36,-74.39,-74.48,-74.45,-74.45,-74.32,-74.42,-74.32,-74.42,-74.23,-74.2,-74.36,-74.29,-74.32,-74.26,-74.36,-74.32,-74.48,-74.29,-74.23,-74.39,-74.36,-74.36,-74.42,-74.42,-74.39,-74.54,-74.45,-74.48,-74.32,-74.32,-74.51,-74.36,-74.45,-74.39,-74.36,-74.45,-74.45,-74.51,-74.39,-74.45,-74.51,-74.48,-74.42,-74.42,-74.42,-74.36,-74.42,-74.42,-74.39,-74.42,-74.45,-74.36,-74.54,-74.42,-74.45,-74.48,-74.51,-74.42,-74.54,-74.51,-74.39,-74.45,-74.48,-74.36,-74.45,-74.48,-74.48,-74.54,-74.39,-74.48,-74.42,-74.57,-74.48,-74.48,-74.51,-74.51,-74.48,-74.57,-74.51,-74.48,-74.54,-74.45,-74.36,-74.51,-74.45,-74.45,-74.32,-74.57,-74.51,-74.48,-74.6,-74.51,-74.51,-74.51,-74.36,-74.7,-74.6,-74.42,-74.6,-74.48,-74.6,-74.6,-74.51,-74.54,-74.48,-74.54,-74.51,-74.6,-74.48,-74.57,-74.54,-74.54,-74.7,-74.57,-74.6,-74.67,-74.6,-74.6,-74.54,-74.64,-74.67,-74.73,-74.64,-74.73,-74.76,-74.73,-74.57,-74.67,-74.76,-74.79,-74.79,-74.82,-74.92,-74.73,-74.67,-74.64,-74.7,-74.7,-74.64,-74.7,-74.64,-74.57,-74.67,-74.7,-74.57,-74.64,-74.57,-74.6,-74.57,-74.54,-74.6,-74.54,-74.54,-74.45,-74.48,-74.54,-74.64,-74.6,-74.48,-74.45,-74.42,-74.54,-74.48,-74.36,-74.36,-74.48,-74.48,-74.36,-74.32,-74.36,-74.23,-74.42,-74.39,-74.36,-74.26,-74.2,-74.32,-74.42,-74.32,-74.32,-74.39,-74.36,-74.42,-74.26,-74.29,-74.32,-74.32,-74.17,-74.29,-74.29,-74.42,-74.36,-74.32,-74.32,-74.36,-74.36,-74.26,-74.51,-74.42,-74.42,-74.32,-74.32,-74.36,-74.29,-74.39,-74.32,-74.42,-74.48,-74.39,-74.36,-74.32,-74.36,-74.36,-74.36,-74.42,-74.51,-74.42,-74.57,-74.42,-74.48,-74.39,-74.36,-74.45,-74.54,-74.45,-74.42,-74.48,-74.42,-74.54,-74.36,-74.36,-74.36,-74.6,-74.57,-74.51,-74.51,-74.42,-74.51,-74.36,-74.51,-74.32,-74.42,-74.48,-74.45,-74.48,-74.45,-74.57,-74.36,-74.42,-74.57,-74.42,-74.45,-74.32,-74.48,-74.39,-74.39,-74.39,-74.42,-74.36,-74.23,-74.2,-74.42,-74.42,-74.29,-74.32,-74.36,-74.42,-74.32,-74.32,-74.2,-74.29,-74.36,-74.32,-74.36,-74.29,-74.29,-74.2,-74.36,-74.36,-74.32,-74.29,-74.26,-74.48,-74.57,-74.26,-74.36,-74.36,-74.36,-74.42,-74.36,-74.29,-74.39,-74.32,-74.48,-74.39,-74.26,-74.45,-74.36,-74.36,-74.36,-74.36,-74.36,-74.42,-74.32,-74.26,-74.42,-74.36,-74.2,-74.45,-74.39,-74.26,-74.32,-74.39,-74.45,-74.29,-74.29,-74.36,-74.32,-74.36,-74.29,-74.45,-74.45,-74.42,-74.45,-74.42,-74.45,-74.54,-74.48,-74.48,-74.48,-74.39,-74.51,-74.51,-74.45,-74.48,-74.51,-74.54,-74.48,-74.51,-74.36,-74.48,-74.36,-74.42,-74.29,-74.48,-74.26,-74.48,-74.45,-74.42,-74.26,-74.42,-74.32,-74.32,-74.36,-74.42,-74.32,-74.42,-74.42,-74.29,-74.32,-74.26,-74.45,-74.26,-74.36,-74.29,-74.26,-74.36,-74.26,-74.26,-74.26,-74.23,-74.29,-74.29,-74.48,-74.23,-74.26,-74.2,-74.36,-74.36,-74.17,-74.17,-74.2,-74.26,-74.32,-74.23,-74.29,-74.29,-74.23,-74.32,-74.26,-74.29,-74.32,-74.32,-74.32,-74.23,-74.32,-74.32,-74.2,-74.26,-74.17,-74.14,-74.23,-74.23,-74.2,-74.2,-74.23,-74.14,-74.14,-74.26,-74.2,-74.17,-74.14,-74.17,-74.17,-74.26,-74.14,-74.23,-74.14,-74.23,-74.2,-74.23,-74.23,-74.39,-74.23,-74.36,-74.26,-74.23,-74.26,-74.17,-74.23,-74.29,-74.11,-74.23,-74.26,-74.26,-74.29,-74.29,-74.29,-74.23,-74.23,-74.2,-74.14,-74.32,-74.08,-74.11,-74.17,-74.2,-74.17,-74.2,-74.14,-74.11,-74.23,-74.23,-74.2,-74.17,-74.23,-74.17,-74.11,-74.14,-74.23,-74.2,-74.01,-73.95,-74.04,-74.17,-74.23,-74.14,-74.2,-74.04,-74.2,-74.2,-74.04,-74.2,-74.17,-74.08,-74.01,-74.08,-74.11,-74.11,-74.01,-74.11,-74.04,-73.98,-74.17,-74.04,-74.17,-74.29,-74.08,-74.04,-74.01,-74.2,-73.98,-74.08,-74.04,-74.11,-74.08,-74.08,-73.98,-73.98,-74.11,-74.11,-73.98,-74.04,-74.14,-74.01,-74.08,-73.98,-74.23,-73.98,-74.04,-74.01,-73.98,-74.14,-74.11,-74.14,-74.2,-74.01,-74.11,-74.14,-74.14,-74.11,-74.14,-74.08,-74.17,-74.11,-74.04,-74.11,-74.14,-74.11,-74.01,-74.11,-74.04,-74.23,-74.01,-74.11,-74.17,-74.01,-74.11,-73.92,-74.01,-74.08,-73.86,-74.01,-73.98,-73.98,-73.98,-74.01,-73.92,-74.01,-74.11,-73.86,-74.04,-73.95,-74.01,-73.86,-73.98,-74.04,-73.86,-73.86,-73.95,-73.98,-73.77,-73.8,-73.86,-73.86,-73.95,-73.89,-73.92,-73.8,-73.95,-73.86,-74.04,-73.8,-73.83,-73.77,-73.73,-73.83,-73.77,-73.7,-73.86,-73.83,-74.01,-73.83,-73.7,-73.86,-73.83,-73.8,-73.86,-73.86,-73.77,-73.86,-73.86,-73.89,-73.89,-73.64,-73.92,-73.7,-73.8,-73.7,-73.86,-73.83,-73.8,-73.86,-73.77,-73.77,-73.86,-73.73,-73.8,-73.95,-73.86,-73.73,-73.8,-73.83,-74.01,-73.89,-73.89,-73.8,-74.01,-73.8,-73.92,-73.98,-73.98,-74.04,-73.89,-73.95,-73.86,-73.92,-74.08,-73.92,-74.08,-73.95,-74.11,-74.11,-74.01,-73.86,-74.11,-74.04,-73.95,-74.01,-74.01,-74.11,-74.11,-74.04,-74.01,-74.2,-74.04,-74.08,-73.95,-73.92,-73.92,-74.04,-73.95,-74.11,-73.95,-73.95,-74.01,-73.95,-73.98,-74.01,-74.04,-73.86,-73.92,-73.92,-73.92,-74.04,-74.01,-73.98,-74.04,-73.92,-73.98,-74.11,-73.98,-74.04,-74.04,-74.08,-74.08,-74.04,-74.08,-74.01,-74.17,-74.08,-74.17,-74.11,-74.2,-74.17,-74.08,-73.98,-74.04,-74.11,-74.11,-74.14,-74.14,-74.11,-74.2,-74.04,-74.2,-74.04,-74.04,-74.11,-74.01,-74.04,-74.01,-73.98,-74.14,-74.04,-74.17,-74.08,-74.11,-74.11,-74.23,-74.14,-74.11,-74.11,-74.11,-74.26,-74.26,-74.26,-74.2,-74.11,-74.32,-74.23,-74.14,-74.26,-74.26,-74.23,-74.17,-74.2,-74.23,-74.26,-74.36,-74.23,-74.17,-74.29,-74.14,-74.23,-74.17,-74.32,-74.26,-74.39,-74.23,-74.36,-74.26,-74.29,-74.2,-74.11,-74.26,-74.26,-74.23,-74.26,-74.23,-74.29,-74.17,-74.08,-74.17,-74.17,-74.14,-74.2,-74.01,-74.17,-74.04,-74.23,-74.17,-74.04,-74.14,-74.11,-74.14,-74.08,-74.11,-74.23,-74.11,-73.98,-74.08,-74.17,-74.11,-74.11,-74.11,-74.14,-74.23,-74.14,-74.17,-74.11,-74.17,-74.14,-73.98,-74.11,-74.08,-73.95,-74.01,-74.01,-74.17,-74.11,-74.08,-73.98,-74.11,-74.08,-74.08,-74.11,-74.01,-74.11,-74.11,-74.26,-74.17,-74.17,-74.26,-74.29,-74.2,-74.32,-74.17,-74.14,-74.29,-74.2,-74.32,-74.42,-74.2,-74.36,-74.29,-74.42,-74.32,-74.36,-74.32,-74.36,-74.42,-74.42,-74.51,-74.29,-74.36,-74.32,-74.29,-74.32,-74.36,-74.45,-74.36,-74.42,-74.39,-74.36,-74.29,-74.26,-74.36,-74.42,-74.39,-74.32,-74.23,-74.29,-74.36,-74.26,-74.29,-74.23,-74.36,-74.17,-74.26,-74.29,-74.23,-74.2,-74.26,-74.32,-74.36,-74.29,-74.42,-74.26,-74.2,-74.17,-74.23,-74.2,-74.29,-74.26,-74.23,-74.36,-74.2,-74.26,-74.17,-74.23,-74.17,-74.26,-74.29,-74.29,-74.17,-74.2,-74.26,-74.29,-74.45,-74.23,-74.23,-74.2,-74.23,-74.17,-74.17,-74.29,-74.2,-74.23,-74.29,-74.36,-74.26,-74.29,-74.23,-74.26,-74.23,-74.2,-74.29,-74.14,-74.23,-74.32,-74.29,-74.11,-74.26,-74.2,-74.23,-74.26,-74.23,-74.2,-74.17,-74.26,-74.17,-74.23,-74.36,-74.23,-74.2,-74.29,-74.32,-74.45,-74.45,-74.29,-74.29,-74.39,-74.32,-74.26,-74.32,-74.51,-74.32,-74.36,-74.42,-74.32,-74.48,-74.39,-74.39,-74.36,-74.42,-74.51,-74.42,-74.36,-74.48,-74.32,-74.42,-74.29,-74.42,-74.32,-74.26,-74.51,-74.32,-74.36,-74.39,-74.36,-74.48,-74.29,-74.26,-74.42,-74.36,-74.29,-74.39,-74.29,-74.42,-74.36,-74.32,-74.36,-74.29,-74.39,-74.32,-74.29,-74.45,-74.45,-74.48,-74.45,-74.45,-74.32,-74.26,-74.45,-74.42,-74.36,-74.45,-74.45,-74.36,-74.36,-74.51,-74.26,-74.26,-74.26,-74.36,-74.42,-74.29,-74.17,-74.29,-74.26,-74.23,-74.26,-74.26,-74.36,-74.26,-74.36,-74.32,-74.26,-74.36,-74.26,-74.2,-74.26,-74.29,-74.36,-74.36,-74.36,-74.42,-74.32,-74.45,-74.29,-74.42,-74.32,-74.39,-74.29,-74.32,-74.45,-74.45,-74.36,-74.45,-74.26,-74.51,-74.45,-74.54,-74.51,-74.48,-74.48,-74.42,-74.36,-74.54,-74.57,-74.48,-74.51,-74.45,-74.45,-74.51,-74.45,-74.36,-74.42,-74.36,-74.36,-74.32,-74.26,-74.42,-74.36,-74.29,-74.23,-74.29,-74.26,-74.29,-74.45,-74.32,-74.26,-74.29,-74.26,-74.29,-74.26,-74.11,-74.17,-74.23,-74.08,-74.11,-74.2,-74.04,-74.2,-74.17,-73.3,-72.52,-71.99,-71.37,-70.78,-70.13,-69.69,-69.1,-68.76,-68.23,-67.7,-67.42,-66.86,-66.55,-66.21,-65.84,-65.4,-65.09,-64.72,-64.38,-64.04,-63.76,-63.41,-63.17,-62.95,-62.61,-62.42,-61.98,-61.8,-61.74,-61.3,-60.93,-60.86,-60.68,-60.31,-60.15,-59.9,-59.65,-59.5,-59.28,-59.06,-58.75,-58.6,-58.38,-58.25,-58.07,-57.79,-57.57,-57.45,-57.07,-56.95,-56.73,-56.7,-56.39,-56.11,-56.14,-56.08,-55.77,-55.49,-55.39,-55.24,-55.05,-54.8,-54.8,-54.46,-54.34,-53.96,-53.96,-53.65,-53.47,-53.28,-53.19,-52.84,-52.69,-52.41,-52.19,-51.94,-51.66,-51.38,-51.04,-50.92,-50.61,-50.05,-49.39,-48.87,-48.37,-47.5,-21.64,39.04,2.55,-31.3,-53.68,-60.06,-61.58,-61.67,-61.3,-60.9,-60.62,-60.31,-60.06,-59.71,-59.59,-59.43,-59.31,-59.19,-59.12,-58.88,-58.97,-58.84,-58.91,-58.75,-58.69,-58.72,-58.63,-58.66,-58.6,-58.56,-58.53,-58.56,-58.6,-58.44,-58.44,-58.32,-58.41,-58.32,-58.32,-58.28,-58.22,-58.22,-58.16,-58.13,-57.97,-58.04,-58.1,-57.85,-58.04,-57.94,-57.91,-57.85,-57.76,-57.76,-57.66,-57.63,-57.57,-57.51,-57.6,-57.69,-57.57,-57.45,-57.54,-57.51,-57.41,-57.51,-57.45,-57.38,-57.38,-57.45,-57.45,-57.29,-57.35,-57.48,-57.38,-57.32,-57.29,-57.29,-57.29,-57.23,-57.2,-57.26,-57.2,-57.29,-57.23,-57.23,-57.13,-57.17,-57.13,-57.1,-57.13,-57.07,-57.1,-57.13,-57.07,-57.07,-57.13,-57.17,-57.04,-56.95,-57.01,-56.92,-56.89,-56.79,-56.82,-56.64,-56.76,-56.7,-56.7,-56.73,-56.64,-56.67,-56.54,-56.61,-56.54,-56.45,-56.57,-56.42,-56.51,-56.57,-56.45,-56.45,-56.36,-56.26,-56.3,-56.3,-56.26,-56.36,-56.33,-56.14,-56.11,-56.26,-56.3,-56.2,-56.26,-56.33,-56.2,-56.17,-56.26,-56.17,-56.05,-56.11,-56.14,-56.2,-56.14,-56.14,-56.08,-56.05,-55.89,-55.83,-55.95,-56.08,-55.98,-56.05,-55.95,-55.95,-56.02,-56.05,-55.95,-55.95,-56.02,-56.05,-55.92,-55.77,-56.02,-55.92,-55.89,-55.86,-55.86,-55.83,-55.74,-55.77,-55.77,-55.7,-55.8,-55.74,-55.8,-55.7,-55.83,-55.77,-55.74,-55.77,-55.86,-55.83,-55.86,-55.7,-55.74,-55.83,-55.7,-55.64,-55.49,-55.7,-55.7,-55.61,-55.52,-55.61,-55.46,-55.46,-55.49,-55.27,-55.3,-55.39,-55.3,-55.24,-55.39,-55.3,-55.33,-55.3,-55.33,-55.21,-55.15,-55.15,-55.18,-55.08,-55.08,-55.11,-55.05,-54.96,-54.87,-55.02,-54.93,-54.93,-54.99,-54.87,-54.87,-54.8,-54.74,-54.8,-54.77,-54.65,-54.77,-54.83,-54.62,-54.62,-54.59,-54.74,-54.68,-54.68,-54.55,-54.71,-54.52,-54.59,-54.68,-54.55,-54.59,-54.65,-54.68,-54.68,-54.68,-54.65,-54.71,-54.8,-54.71,-54.59,-54.71,-54.65,-54.8,-54.68,-54.77,-54.77,-54.83,-54.77,-54.93,-54.83,-54.96,-54.87,-54.93,-54.96,-54.9,-54.77,-55.02,-55.05,-54.96,-54.93,-55.02,-54.87,-54.99,-54.93,-54.93,-54.83,-54.93,-54.99,-54.93,-54.96,-54.93,-54.9,-54.8,-54.83,-54.77,-54.77,-54.74,-54.68,-54.74,-54.83,-54.68,-54.74,-54.9,-54.8,-54.87,-54.93,-54.8,-54.74,-54.83,-54.71,-54.8,-54.83,-54.74,-54.87,-54.93,-54.77,-54.9,-54.93,-55.05,-55.05,-55.11,-55.21,-55.11,-55.24,-55.33,-55.24,-55.08,-55.3,-55.27,-55.27,-55.36,-55.39,-55.36,-55.55,-55.27,-55.42,-55.36,-55.55,-55.52,-55.42,-55.46,-55.61,-55.58,-55.58,-55.74,-55.64,-55.67,-55.67,-55.64,-55.7,-55.67,-55.67,-55.61,-55.64,-55.89,-55.83,-56.02,-55.83,-55.89,-55.92,-55.89,-55.89,-55.92,-56.02,-55.98,-56.02,-56.08,-56.05,-56.17,-56.05,-56.08,-56.11,-56.11,-56.17,-56.08,-56.11,-56.26,-56.3,-56.33,-56.3,-56.23,-56.3,-56.42,-56.3,-56.23,-56.45,-56.39,-56.36,-56.3,-56.54,-56.39,-56.26,-56.42,-56.51,-56.51,-56.45,-56.45,-56.36,-56.48,-56.36,-56.36,-56.48,-56.45,-56.39,-56.36,-56.2,-56.2,-56.2,-56.23,-56.26,-56.08,-56.08,-56.08,-56.17,-56.14,-56.26,-56.14,-56.33,-56.26,-56.26,-56.26,-56.23,-56.3,-56.11,-56.17,-56.17,-56.17,-56.36,-56.23,-56.26,-56.26,-56.26,-56.3,-56.33,-56.39,-56.33,-56.36,-56.33,-56.36,-56.39,-56.3,-56.26,-56.39,-56.45,-56.45,-56.45,-56.64,-56.57,-56.54,-56.61,-56.54,-56.45,-56.57,-56.61,-56.57,-56.7,-56.64,-56.7,-56.67,-56.57,-56.67,-56.61,-56.61,-56.64,-56.64,-56.79,-56.7,-56.79,-56.73,-56.79,-56.85,-56.95,-56.98,-57.1,-57.17,-57.13,-57.07,-57.29,-57.32,-57.26,-57.26,-57.26,-57.26,-57.07,-57.1,-57.1,-57.2,-57.13,-57.29,-57.17,-57.13,-57.17,-57.26,-57.26,-57.35,-57.45,-57.35,-57.32,-57.35,-57.35,-57.32,-57.54,-57.54,-57.41,-57.38,-57.41,-57.38,-57.32,-57.45,-57.38,-57.32,-57.35,-57.38,-57.32,-57.32,-57.38,-57.51,-57.35,-57.41,-57.48,-57.45,-57.51,-57.69,-57.63,-57.45,-57.6,-57.63,-57.54,-57.57,-57.6,-57.54,-57.57,-57.63,-57.6,-57.57,-57.73,-57.6,-57.73,-57.69,-57.88,-57.66,-57.66,-57.69,-57.66,-57.85,-57.82,-57.82,-57.94,-57.94,-57.88,-58.0,-58.07,-57.97,-57.85,-57.94,-57.91,-58.07,-58.1,-57.94,-58.16,-58.22,-58.22,-58.1,-58.16,-58.28,-58.19,-58.13,-58.22,-58.22,-58.41,-58.41,-58.44,-58.44,-58.56,-58.5,-58.6,-58.72,-58.69,-58.66,-58.81,-58.81,-58.78,-58.88,-58.81,-59.03,-58.91,-58.94,-59.06,-59.0,-58.88,-58.69,-58.94,-58.97,-58.88,-58.94,-59.03,-59.03,-58.94,-59.06,-59.0,-59.06,-59.06,-59.03,-59.12,-59.22,-59.19,-59.28,-59.19,-59.19,-59.19,-59.25,-59.37,-59.31,-59.47,-59.34,-59.5,-59.5,-59.65,-59.53,-59.65,-59.65,-59.68,-59.56,-59.56,-59.62,-59.59,-59.59,-59.71,-59.5,-59.56,-59.62,-59.75,-59.68,-59.75,-59.87,-59.87,-59.87,-59.81,-59.78,-59.78,-59.71,-59.78,-59.78,-59.75,-59.59,-59.81,-59.71,-59.78,-59.68,-59.75,-59.71,-59.78,-59.75,-59.71,-59.75,-59.93,-59.84,-59.75,-59.81,-59.78,-59.78,-59.9,-59.84,-59.87,-59.99,-59.87,-60.09,-59.9,-59.93,-60.03,-60.03,-60.03,-59.99,-60.09,-60.09,-60.09,-60.12,-60.06,-60.15,-60.12,-60.12,-60.15,-60.21,-60.12,-60.27,-60.18,-60.4,-60.24,-60.31,-60.34,-60.37,-60.24,-60.34,-60.27,-60.31,-60.27,-60.34,-60.43,-60.43,-60.37,-60.49,-60.46,-60.37,-60.43,-60.55,-60.55,-60.49,-60.62,-60.55,-60.58,-60.71,-60.58,-60.65,-60.65,-60.65,-60.49,-60.62,-60.65,-60.74,-60.62,-60.68,-60.8,-60.62,-60.62,-60.65,-60.74,-60.62,-60.74,-60.71,-60.68,-60.71,-60.77,-60.71,-60.68,-60.9,-60.86,-60.86,-60.99,-60.93,-60.9,-60.9,-60.93,-60.86,-60.9,-61.05,-60.9,-60.8,-60.99,-61.02,-60.83,-61.02,-61.11,-61.05,-61.02,-61.02,-61.05,-61.05,-61.11,-61.05,-61.08,-60.96,-61.02,-61.14,-61.08,-61.18,-61.02,-61.02,-61.08,-61.18,-61.18,-61.27,-61.21,-61.18,-61.11,-61.21,-61.27,-61.11,-61.14,-61.27,-61.3,-61.39,-61.3,-61.3,-61.42,-61.24,-61.3,-61.3,-61.27,-61.27,-61.24,-61.3,-61.27,-61.21,-61.3,-61.14,-61.21,-61.18,-61.18,-61.24,-61.08,-61.39,-61.27,-61.24,-61.24,-61.14,-61.05,-61.08,-61.24,-61.05,-61.11,-61.11,-61.18,-61.21,-61.18,-61.08,-61.21,-61.24,-61.08,-61.24,-61.24,-61.33,-61.21,-61.21,-61.3,-61.21,-61.52,-61.39,-61.36,-61.27,-61.3,-61.21,-61.24,-61.36,-61.39,-61.21,-61.33,-61.24,-61.42,-61.39,-61.36,-61.36,-61.42,-61.33,-61.36,-61.52,-61.42,-61.49,-61.52,-61.49,-61.55,-61.64,-61.61,-61.52,-61.55,-61.58,-61.64,-61.58,-61.7,-61.61,-61.64,-61.61,-61.7,-61.64,-61.74,-61.83,-61.7,-61.67,-61.77,-61.67,-61.7,-61.67,-61.7,-61.64,-61.7,-61.83,-61.8,-61.83,-61.8,-61.77,-61.7,-61.89,-61.92,-61.86,-61.83,-61.92,-61.8,-61.83,-61.89,-61.8,-61.86,-61.83,-61.8,-61.64,-61.67,-61.74,-61.8,-61.67,-61.7,-61.7,-61.7,-61.61,-61.74,-61.8,-61.61,-61.74,-61.74,-61.7,-61.83,-61.77,-61.8,-61.77,-61.61,-61.7,-61.7,-61.64,-61.7,-61.7,-61.7,-61.64,-61.67,-61.67,-61.67,-61.74,-61.61,-61.61,-61.67,-61.74,-61.7,-61.64,-61.64,-61.83,-61.49,-61.58,-61.61,-61.77,-61.8,-61.7,-61.67,-61.67,-61.74,-61.8,-61.74,-61.7,-61.83,-61.7,-61.74,-61.77,-61.77,-61.7,-61.67,-61.77,-61.74,-61.74,-61.8,-61.7,-61.77,-61.74,-61.61,-61.83,-61.92,-61.8,-61.67,-61.77,-61.7,-61.83,-61.83,-61.8,-61.83,-61.92,-61.83,-61.77,-61.86,-61.8,-61.92,-61.92,-61.89,-61.92,-61.86,-61.95,-61.86,-61.86,-61.89,-61.86,-61.86,-61.83,-61.74,-61.83,-61.89,-61.89,-61.86,-61.86,-61.83,-61.89,-61.83,-61.86,-61.8,-61.89,-61.86,-61.8,-61.77,-61.8,-61.64,-61.7,-61.64,-61.83,-61.8,-61.7,-61.67,-61.64,-61.7,-61.7,-61.77,-61.83,-61.61,-61.7,-61.55,-61.7,-61.77,-61.61,-61.64,-61.67,-61.83,-61.61,-61.67,-61.64,-61.74,-61.49,-61.67,-61.64,-61.8,-61.8,-61.7,-61.8,-61.58,-61.67,-61.49,-61.7,-61.83,-61.67,-61.58,-61.7,-61.77,-61.74,-61.8,-61.8,-61.8,-61.92,-61.67,-61.86,-61.77,-61.8,-61.89,-61.89,-61.86,-61.86,-61.8,-61.67,-61.8,-61.74,-61.83,-61.74,-61.7,-61.74,-61.74,-61.77,-61.77,-61.74,-61.64,-61.74,-61.7,-61.74,-61.64,-61.74,-61.83,-61.61,-61.74,-61.67,-61.7,-61.77,-61.8,-61.61,-61.8,-62.01,-61.86,-61.86,-61.83,-61.89,-61.77,-61.89,-61.86,-61.77,-61.74,-61.74,-61.77,-61.83,-61.74,-61.74,-61.67,-61.95,-61.86,-61.7,-61.7,-61.74,-61.58,-61.61,-61.67,-61.7,-61.67,-61.64,-61.74,-61.77,-61.61,-61.7,-61.64,-61.67,-61.64,-61.7,-61.67,-61.55,-61.7,-61.83,-61.8,-61.61,-61.61,-61.67,-61.67,-61.58,-61.52,-61.64,-61.64,-61.8,-61.61,-61.61,-61.61,-61.64,-61.58,-61.77,-61.7,-61.8,-61.67,-61.64,-61.64,-61.7,-61.74,-61.8,-61.77,-61.74,-61.74,-61.7,-61.67,-61.77,-61.74,-61.61,-61.74,-61.64,-61.52,-61.77,-61.67,-61.61,-61.55,-61.7,-61.64,-61.67,-61.7,-61.55,-61.77,-61.55,-61.67,-61.74,-61.64,-61.64,-61.8,-61.7,-61.74,-61.83,-61.74,-61.67,-61.77,-61.8,-61.74,-61.86,-61.92,-61.8,-61.77,-61.83,-61.92,-61.92,-62.05,-62.01,-62.01,-61.92,-61.98,-61.92,-61.86,-61.89,-61.83,-61.8,-61.83,-61.74,-61.86,-61.86,-61.83,-61.92,-61.77,-62.01,-61.92,-61.95,-61.86,-61.89,-61.86,-61.86,-61.92,-61.86,-61.83,-61.8,-61.83,-61.8,-61.83,-61.89,-61.92,-61.86,-61.89,-61.92,-61.86,-61.86,-61.86,-61.77,-61.92,-61.92,-61.77,-61.89,-61.8,-61.89,-61.92,-61.83,-61.86,-61.7,-61.77,-61.83,-61.8,-61.67,-61.77,-61.8,-61.77,-61.74,-61.83,-61.83,-61.83,-61.77,-61.77,-61.86,-61.83,-61.77,-61.86,-61.83,-61.8,-61.8,-61.8,-61.77,-61.64,-61.61,-61.77,-61.7,-61.74,-61.86,-61.67,-61.77,-61.77,-61.7,-61.83,-61.83,-61.92,-61.77,-61.86,-61.89,-61.77,-61.74,-61.83,-61.8,-61.89,-61.8,-61.83,-61.77,-61.89,-61.86,-61.7,-61.74,-61.83,-61.83,-61.74,-61.92,-61.67,-61.74,-61.77,-61.77,-61.74,-61.77,-61.7,-61.74,-61.7,-61.74,-61.58,-61.74,-61.83,-61.77,-61.74,-61.8,-61.7,-61.61,-61.7,-61.67,-61.64,-61.64,-61.64,-61.67,-61.64,-61.64,-61.58,-61.52,-61.64,-61.74,-61.67,-61.64,-61.55,-61.7,-61.61,-61.74,-61.67,-61.58,-61.58,-61.77,-61.7,-61.67,-61.42,-61.61,-61.52,-61.67,-61.58,-61.55,-61.67,-61.55,-61.58,-61.58,-61.49,-61.58,-61.7,-61.61,-61.58,-61.74,-61.74,-61.7,-61.74,-61.61,-61.7,-61.67,-61.64,-61.67,-61.64,-61.77,-61.64,-61.8,-61.8,-61.7,-61.83,-61.7,-61.67,-61.64,-61.7,-61.67,-61.83,-61.89,-61.83,-61.74,-61.86,-61.83,-61.86,-61.86,-61.98,-61.92,-61.86,-62.08,-61.95,-62.05,-61.92,-61.98,-61.98,-61.92,-61.89,-61.86,-61.95,-61.89,-61.98,-62.01,-61.92,-61.95,-61.86,-61.83,-61.95,-61.83,-61.83,-61.8,-61.92,-62.01,-61.86,-61.89,-61.98,-61.83,-61.86,-61.89,-61.8,-61.83,-61.86,-61.77,-61.83,-61.8,-61.83,-61.74,-61.77,-61.83,-61.7,-61.89,-61.86,-61.89,-61.83,-61.7,-61.77,-61.8,-61.7,-61.8,-61.83,-61.8,-61.74,-61.64,-61.74,-61.74,-61.58,-61.74,-61.61,-61.74,-61.74,-61.64,-61.61,-61.64,-61.67,-61.67,-61.83,-61.61,-61.64,-61.77,-61.74,-61.7,-61.7,-61.67,-61.77,-61.67,-61.74,-61.64,-61.74,-61.77,-61.67,-61.67,-61.55,-61.77,-61.77,-61.61,-61.74,-61.8,-61.61,-61.64,-61.7,-61.61,-61.67,-61.67,-61.61,-61.92,-61.8,-61.8,-61.74,-61.83,-61.74,-61.8,-61.86,-61.8,-61.86,-61.95,-61.8,-61.8,-61.67,-61.89,-61.8,-61.89,-61.92,-61.83,-61.83,-61.7,-61.7,-61.77,-61.61,-61.61,-61.61,-61.7,-61.64,-61.74,-61.58,-61.64,-61.61,-61.58,-61.58,-61.58,-61.61,-61.58,-61.64,-61.49,-61.52,-61.58,-61.49,-61.64,-61.58,-61.58,-61.64,-61.67,-61.74,-61.64,-61.74,-61.7,-61.74,-61.74,-61.67,-61.61,-61.7,-61.74,-61.58,-61.61,-61.64,-61.61,-61.64,-61.74,-61.64,-61.67,-61.61,-61.58,-61.67,-61.46,-61.61
Sweep_4,-30.0,-62.85,-62.57,-62.76,-62.73,-62.79,-62.7,-62.92,-62.76,-62.82,-62.85,-62.85,-62.79,-62.92,-62.89,-62.7,-62.73,-62.76,-62.73,-62.76,-62.85,-62.79,-62.89,-62.98,-62.85,-62.82,-62.89,-62.76,-62.76,-62.82,-62.82,-62.85,-62.85,-62.82,-62.85,-62.73,-62.73,-62.85,-62.82,-62.79,-62.85,-62.76,-62.79,-62.95,-62.95,-62.89,-62.79,-62.85,-63.01,-62.98,-62.89,-62.89,-62.79,-62.82,-62.79,-62.85,-62.79,-62.92,-62.85,-62.85,-62.89,-63.01,-62.92,-62.89,-62.79,-62.79,-62.98,-62.89,-62.82,-62.95,-63.04,-62.92,-63.01,-62.98,-63.04,-62.85,-63.04,-62.92,-63.07,-63.2,-63.07,-62.92,-62.95,-62.95,-63.04,-63.01,-63.01,-63.17,-62.95,-63.04,-62.85,-62.95,-63.1,-63.01,-63.04,-62.89,-62.85,-62.92,-63.04,-62.92,-62.85,-62.85,-62.95,-62.98,-62.82,-62.79,-62.82,-62.82,-62.89,-62.89,-62.89,-62.89,-62.85,-62.79,-62.79,-62.82,-62.79,-62.73,-62.89,-62.82,-62.67,-62.79,-62.73,-62.79,-62.95,-62.82,-62.82,-62.82,-62.76,-62.85,-62.85,-62.73,-62.92,-62.79,-62.82,-62.82,-62.73,-62.79,-62.73,-62.73,-62.64,-62.79,-62.67,-62.7,-62.64,-62.73,-62.76,-62.67,-62.76,-62.89,-62.79,-62.92,-62.73,-62.79,-62.82,-62.92,-62.92,-62.95,-62.92,-62.95,-62.85,-63.01,-62.89,-62.85,-62.92,-62.92,-62.85,-62.92,-62.89,-62.98,-62.89,-62.98,-62.89,-62.85,-62.79,-62.98,-62.98,-62.95,-63.04,-63.01,-63.04,-63.04,-62.89,-62.82,-62.98,-63.01,-63.04,-63.01,-63.01,-62.79,-63.2,-63.01,-63.04,-62.98,-62.79,-62.95,-62.89,-62.89,-62.92,-63.01,-62.95,-62.95,-62.98,-62.98,-62.85,-63.01,-62.95,-63.01,-62.98,-62.92,-63.1,-62.95,-63.01,-63.01,-62.98,-62.89,-62.89,-62.85,-62.85,-62.85,-62.85,-62.79,-62.85,-62.76,-62.92,-62.85,-62.89,-62.92,-62.85,-62.98,-62.92,-62.82,-62.89,-62.98,-62.92,-63.01,-63.01,-63.04,-62.92,-62.95,-63.04,-62.98,-62.95,-63.07,-62.95,-62.79,-63.04,-63.1,-62.92,-63.07,-63.04,-63.04,-62.98,-63.04,-63.07,-63.07,-63.01,-63.17,-63.04,-63.13,-63.1,-63.04,-63.1,-63.07,-63.1,-62.98,-63.04,-63.17,-63.07,-63.04,-63.13,-63.13,-63.26,-63.1,-63.13,-63.07,-63.1,-63.07,-63.07,-63.01,-63.07,-63.04,-63.17,-63.01,-63.13,-63.01,-63.07,-63.2,-63.17,-62.79,-63.04,-63.01,-63.07,-63.04,-63.01,-63.1,-63.1,-63.04,-63.04,-63.2,-63.17,-63.1,-62.98,-63.1,-63.07,-63.04,-63.04,-63.13,-63.13,-63.07,-63.17,-63.07,-63.17,-62.98,-63.13,-63.01,-62.95,-63.07,-63.17,-63.04,-63.04,-62.82,-62.95,-63.04,-62.92,-62.92,-62.98,-62.92,-63.01,-63.07,-62.89,-62.85,-62.92,-62.92,-63.07,-63.13,-63.1,-63.1,-63.17,-63.1,-63.1,-63.13,-63.01,-63.07,-62.85,-63.01,-63.01,-62.98,-63.01,-62.98,-62.98,-63.13,-63.07,-63.1,-63.07,-63.01,-63.07,-63.07,-63.1,-63.17,-63.01,-63.1,-63.2,-63.07,-63.01,-62.98,-63.04,-63.07,-62.92,-63.1,-62.98,-63.01,-63.04,-63.13,-63.01,-63.04,-62.95,-63.57,-63.91,-64.35,-64.81,-65.28,-65.62,-65.87,-66.15,-66.49,-66.74,-67.11,-67.3,-67.58,-67.89,-68.33,-68.54,-68.95,-68.95,-69.23,-69.44,-69.66,-70.0,-70.35,-70.28,-70.69,-70.78,-71.0,-71.25,-71.43,-71.56,-71.78,-71.84,-72.21,-72.3,-72.46,-72.77,-72.71,-73.05,-73.24,-73.39,-73.52,-73.61,-73.92,-74.11,-74.2,-74.42,-74.48,-74.73,-74.76,-74.92,-75.1,-75.23,-75.29,-75.54,-75.63,-75.79,-76.03,-76.0,-76.1,-76.28,-76.38,-76.59,-76.56,-76.78,-76.94,-77.0,-77.09,-77.22,-77.31,-77.46,-77.68,-77.71,-77.71,-77.93,-78.02,-78.15,-78.4,-78.3,-78.33,-78.46,-78.58,-78.65,-78.68,-78.89,-78.99,-79.02,-79.11,-79.17,-79.24,-79.27,-79.42,-79.48,-79.48,-79.7,-79.64,-79.67,-79.89,-80.08,-80.01,-79.95,-80.01,-80.29,-80.26,-80.29,-80.42,-80.45,-80.6,-80.6,-80.51,-80.67,-80.7,-80.76,-80.82,-80.88,-80.82,-80.98,-81.07,-81.01,-81.04,-81.23,-81.13,-81.23,-81.19,-81.26,-81.26,-81.29,-81.29,-81.41,-81.35,-81.47,-81.41,-81.44,-81.41,-81.41,-81.47,-81.41,-81.47,-81.6,-81.54,-81.57,-81.51,-81.57,-81.6,-81.6,-81.72,-81.63,-81.63,-81.6,-81.69,-81.63,-81.6,-81.72,-81.72,-81.72,-81.82,-81.75,-81.72,-81.79,-81.82,-81.79,-81.82,-81.72,-81.69,-81.79,-81.69,-81.72,-81.72,-81.75,-81.79,-81.82,-81.82,-81.72,-81.91,-81.79,-81.91,-81.72,-81.79,-82.06,-81.88,-81.82,-81.82,-81.97,-81.85,-81.85,-81.82,-81.91,-81.79,-81.82,-81.66,-81.72,-81.69,-81.66,-81.72,-81.69,-81.79,-81.75,-81.79,-81.69,-81.66,-81.57,-81.69,-81.66,-81.69,-81.66,-81.66,-81.69,-81.6,-81.51,-81.6,-81.63,-81.57,-81.69,-81.57,-81.47,-81.54,-81.57,-81.47,-81.63,-81.47,-81.44,-81.44,-81.41,-81.26,-81.29,-81.26,-81.16,-81.1,-81.26,-81.26,-81.26,-81.07,-81.07,-81.04,-81.01,-81.13,-81.04,-80.95,-81.01,-80.88,-80.88,-80.88,-80.79,-80.76,-80.57,-80.7,-80.7,-80.63,-80.63,-80.6,-80.54,-80.45,-80.57,-80.63,-80.45,-80.45,-80.42,-80.32,-80.39,-80.26,-80.29,-80.29,-80.32,-80.14,-80.14,-80.11,-80.04,-80.01,-80.04,-79.98,-80.08,-79.98,-79.83,-79.89,-79.73,-79.76,-79.8,-79.7,-79.67,-79.64,-79.64,-79.55,-79.55,-79.61,-79.61,-79.48,-79.42,-79.55,-79.45,-79.45,-79.33,-79.36,-79.24,-79.42,-79.36,-79.36,-79.27,-79.2,-79.2,-79.17,-79.24,-79.24,-79.17,-79.17,-79.08,-79.11,-79.02,-79.02,-78.99,-78.99,-78.93,-78.89,-78.89,-78.83,-78.8,-78.68,-78.71,-78.68,-78.65,-78.58,-78.46,-78.58,-78.49,-78.52,-78.3,-78.27,-78.3,-78.24,-78.3,-78.24,-78.21,-78.12,-78.15,-78.09,-78.12,-78.12,-77.99,-77.99,-77.87,-77.84,-77.93,-77.81,-77.78,-77.93,-77.74,-77.9,-77.62,-77.65,-77.68,-77.56,-77.68,-77.5,-77.46,-77.43,-77.56,-77.5,-77.34,-77.34,-77.43,-77.34,-77.34,-77.31,-77.4,-77.25,-77.25,-77.25,-77.15,-77.22,-77.22,-77.15,-77.12,-77.18,-77.18,-77.12,-77.03,-77.0,-77.06,-76.94,-77.0,-77.18,-76.97,-76.87,-76.81,-76.97,-76.97,-77.0,-76.97,-76.84,-76.72,-76.75,-76.72,-76.78,-76.69,-76.66,-76.62,-76.66,-76.72,-76.72,-76.62,-76.66,-76.59,-76.62,-76.62,-76.62,-76.53,-76.59,-76.38,-76.53,-76.53,-76.59,-76.53,-76.41,-76.35,-76.44,-76.35,-76.28,-76.28,-76.41,-76.31,-76.22,-76.19,-76.28,-76.25,-76.1,-76.16,-76.19,-76.1,-76.07,-76.16,-76.1,-76.0,-76.0,-75.94,-75.94,-75.88,-75.91,-75.94,-75.97,-75.88,-75.75,-75.79,-75.75,-75.79,-75.72,-75.63,-75.72,-75.69,-75.6,-75.66,-75.54,-75.6,-75.51,-75.35,-75.51,-75.32,-75.51,-75.63,-75.47,-75.44,-75.44,-75.38,-75.38,-75.51,-75.47,-75.32,-75.51,-75.26,-75.26,-75.16,-75.26,-75.23,-75.26,-75.19,-75.23,-75.23,-75.01,-75.16,-75.23,-75.13,-75.1,-75.07,-74.95,-75.04,-75.01,-74.92,-75.04,-74.79,-74.95,-74.82,-74.88,-74.79,-74.79,-74.92,-74.79,-74.73,-74.79,-74.85,-74.76,-74.6,-74.57,-74.67,-74.67,-74.73,-74.64,-74.7,-74.76,-74.73,-74.64,-74.67,-74.73,-74.6,-74.57,-74.67,-74.6,-74.45,-74.54,-74.51,-74.54,-74.48,-74.42,-74.42,-74.39,-74.32,-74.36,-74.36,-74.29,-74.29,-74.23,-74.23,-74.23,-74.01,-74.04,-74.17,-74.2,-74.17,-74.17,-74.01,-74.14,-74.08,-74.11,-74.01,-73.95,-73.98,-73.92,-73.92,-74.01,-74.04,-73.86,-73.95,-73.95,-73.92,-73.86,-73.83,-73.8,-73.83,-73.73,-73.73,-73.8,-73.77,-73.73,-73.64,-73.73,-73.8,-73.58,-73.64,-73.58,-73.67,-73.64,-73.61,-73.52,-73.61,-73.61,-73.61,-73.55,-73.64,-73.7,-73.55,-73.61,-73.55,-73.58,-73.64,-73.55,-73.42,-73.55,-73.42,-73.49,-73.49,-73.49,-73.52,-73.49,-73.45,-73.49,-73.52,-73.49,-73.52,-73.39,-73.45,-73.45,-73.49,-73.45,-73.42,-73.42,-73.45,-73.49,-73.42,-73.36,-73.49,-73.49,-73.45,-73.27,-73.52,-73.39,-73.3,-73.36,-73.45,-73.21,-73.27,-73.21,-73.36,-73.27,-73.33,-73.27,-73.3,-73.27,-73.3,-73.24,-73.24,-73.21,-73.14,-73.21,-73.17,-73.27,-73.24,-73.05,-73.11,-73.05,-73.08,-73.08,-73.08,-72.96,-72.99,-72.93,-72.93,-72.96,-72.86,-72.96,-72.99,-72.96,-72.8,-72.99,-73.02,-72.99,-72.86,-72.89,-72.96,-72.77,-72.8,-72.83,-72.71,-72.86,-72.96,-72.8,-72.89,-72.74,-72.8,-72.74,-72.68,-72.8,-72.77,-72.77,-72.68,-72.55,-72.77,-72.93,-72.83,-72.77,-72.83,-72.74,-72.71,-72.74,-72.68,-72.77,-72.96,-72.83,-72.77,-72.86,-72.8,-72.61,-72.8,-72.71,-72.65,-72.74,-72.77,-72.8,-72.74,-72.77,-72.83,-72.68,-72.86,-72.77,-72.89,-72.86,-72.68,-72.74,-72.83,-72.8,-72.8,-72.89,-72.86,-72.93,-72.86,-72.86,-72.83,-72.86,-72.83,-72.83,-72.8,-72.96,-72.83,-72.8,-72.93,-72.74,-72.77,-72.93,-72.77,-72.89,-72.8,-72.8,-72.74,-72.74,-72.77,-72.83,-72.68,-72.71,-72.68,-72.77,-72.65,-72.61,-72.58,-72.68,-72.74,-72.65,-72.49,-72.68,-72.52,-72.61,-72.65,-72.58,-72.52,-72.49,-72.68,-72.49,-72.49,-72.46,-72.52,-72.37,-72.46,-72.55,-72.37,-72.43,-72.43,-72.43,-72.3,-72.43,-72.37,-72.46,-72.43,-72.43,-72.37,-72.3,-72.3,-72.34,-72.3,-72.34,-72.37,-72.34,-72.24,-72.27,-72.3,-72.24,-72.3,-72.34,-72.3,-72.21,-72.15,-72.18,-72.27,-72.27,-72.18,-72.21,-72.18,-72.06,-72.18,-72.12,-72.06,-72.15,-72.09,-72.15,-71.99,-72.18,-72.09,-72.15,-72.12,-72.24,-72.18,-72.12,-71.96,-72.06,-72.12,-72.06,-72.21,-72.15,-72.18,-72.09,-72.09,-72.06,-72.09,-72.12,-71.99,-71.96,-71.99,-71.87,-72.02,-71.96,-71.93,-71.96,-71.87,-71.78,-71.93,-71.74,-71.87,-71.87,-71.87,-71.84,-71.71,-71.84,-71.74,-71.81,-71.78,-71.74,-71.68,-71.59,-71.65,-71.74,-71.65,-71.62,-71.68,-71.56,-71.62,-71.65,-71.62,-71.46,-71.59,-71.68,-71.62,-71.56,-71.65,-71.53,-71.65,-71.68,-71.65,-71.71,-71.62,-71.59,-71.62,-71.65,-71.56,-71.56,-71.68,-71.56,-71.62,-71.53,-71.78,-71.56,-71.71,-71.68,-71.59,-71.62,-71.62,-71.68,-71.65,-71.68,-71.59,-71.62,-71.62,-71.62,-71.62,-71.59,-71.53,-71.59,-71.59,-71.62,-71.62,-71.65,-71.56,-71.68,-71.56,-71.68,-71.56,-71.53,-71.71,-71.62,-71.65,-71.68,-71.53,-71.65,-71.56,-71.71,-71.74,-71.68,-71.62,-71.62,-71.65,-71.78,-71.65,-71.62,-71.59,-71.71,-71.59,-71.71,-71.71,-71.68,-71.65,-71.56,-71.53,-71.59,-71.53,-71.56,-71.53,-71.59,-71.53,-71.5,-71.43,-71.56,-71.46,-71.53,-71.43,-71.53,-71.65,-71.5,-71.43,-71.37,-71.37,-71.46,-71.46,-71.34,-71.43,-71.5,-71.5,-71.37,-71.5,-71.31,-71.37,-71.34,-71.46,-71.37,-71.37,-71.37,-71.31,-71.46,-71.43,-71.53,-71.46,-71.25,-71.37,-71.46,-71.37,-71.56,-71.5,-71.34,-71.34,-71.37,-71.43,-71.37,-71.28,-71.34,-71.43,-71.37,-71.37,-71.46,-71.4,-71.43,-71.37,-71.31,-71.34,-71.37,-71.28,-71.34,-71.34,-71.31,-71.28,-71.34,-71.4,-71.31,-71.31,-71.25,-71.37,-71.31,-71.43,-71.28,-71.22,-71.31,-71.28,-71.37,-71.4,-71.4,-71.34,-71.34,-71.31,-71.43,-71.25,-71.34,-71.37,-71.46,-71.43,-71.34,-71.34,-71.37,-71.37,-71.43,-71.5,-71.5,-71.4,-71.37,-71.5,-71.56,-71.37,-71.37,-71.46,-71.53,-71.43,-71.31,-71.37,-71.37,-71.37,-71.37,-71.34,-71.37,-71.31,-71.31,-71.28,-71.22,-71.25,-71.19,-71.25,-71.15,-71.22,-71.22,-71.15,-71.19,-71.19,-71.15,-71.09,-70.94,-71.06,-71.19,-71.06,-71.09,-71.09,-71.15,-71.15,-71.09,-71.09,-71.22,-71.06,-71.03,-71.0,-71.06,-71.19,-71.03,-71.09,-71.0,-71.09,-71.12,-71.0,-70.94,-71.09,-71.06,-71.09,-71.03,-71.12,-71.15,-71.19,-71.19,-71.15,-71.15,-71.09,-71.03,-71.12,-71.03,-71.06,-71.09,-71.06,-71.22,-71.03,-71.15,-71.06,-71.09,-71.25,-71.19,-71.22,-71.28,-71.31,-71.25,-71.25,-71.22,-71.19,-71.37,-71.25,-71.31,-71.31,-71.37,-71.31,-71.34,-71.31,-71.37,-71.28,-71.25,-71.31,-71.34,-71.25,-71.4,-71.37,-71.34,-71.34,-71.31,-71.37,-71.4,-71.34,-71.4,-71.4,-71.43,-71.43,-71.4,-71.34,-71.4,-71.34,-71.28,-71.5,-71.37,-71.37,-71.5,-71.43,-71.43,-71.37,-71.4,-71.43,-71.59,-71.4,-71.34,-71.34,-71.5,-71.37,-71.37,-71.37,-71.43,-71.34,-71.31,-71.46,-71.53,-71.5,-71.59,-71.59,-71.53,-71.4,-71.46,-71.53,-71.53,-71.46,-71.46,-71.5,-71.5,-71.43,-71.5,-71.46,-71.53,-71.43,-71.5,-71.5,-71.5,-71.46,-71.46,-71.59,-71.65,-71.59,-71.5,-71.5,-71.53,-71.5,-71.53,-71.37,-71.43,-71.59,-71.56,-71.53,-71.46,-71.53,-71.65,-71.46,-71.59,-71.5,-71.53,-71.65,-71.59,-71.65,-71.68,-71.62,-71.46,-71.56,-71.65,-71.65,-71.5,-71.56,-71.62,-71.62,-71.68,-71.65,-71.68,-71.65,-71.59,-71.65,-71.65,-71.56,-71.53,-71.68,-71.62,-71.53,-71.53,-71.43,-71.59,-71.43,-71.46,-71.37,-71.56,-71.43,-71.43,-71.46,-71.56,-71.53,-71.4,-71.37,-71.31,-71.59,-71.5,-71.34,-71.43,-71.34,-71.31,-71.31,-71.25,-71.37,-71.31,-71.31,-71.34,-71.34,-71.37,-71.53,-71.34,-71.5,-71.34,-71.4,-71.28,-71.37,-71.43,-71.4,-71.31,-71.46,-71.46,-71.46,-71.46,-71.37,-71.43,-71.5,-71.37,-71.43,-71.56,-71.43,-71.43,-71.53,-71.53,-71.4,-71.19,-71.31,-71.43,-71.43,-71.31,-71.43,-71.46,-71.46,-71.34,-71.34,-71.43,-71.4,-71.34,-71.37,-71.34,-71.34,-71.65,-71.59,-71.56,-71.5,-71.5,-71.46,-71.5,-71.43,-71.46,-71.46,-71.43,-71.5,-71.5,-71.59,-71.56,-71.68,-71.65,-71.62,-71.46,-71.59,-71.56,-71.62,-71.5,-71.5,-71.53,-71.59,-71.59,-71.53,-71.43,-71.46,-71.46,-71.43,-71.46,-71.56,-71.46,-71.53,-71.46,-71.5,-71.46,-71.68,-71.37,-71.46,-71.53,-71.59,-71.53,-71.56,-71.43,-71.43,-71.34,-71.4,-71.53,-71.46,-71.46,-71.53,-71.46,-71.5,-71.37,-71.46,-71.5,-71.53,-71.56,-71.5,-71.43,-71.43,-71.53,-71.56,-71.62,-71.53,-71.5,-71.53,-71.62,-71.56,-71.5,-71.59,-71.62,-71.65,-71.56,-71.59,-71.59,-71.56,-71.68,-71.62,-71.62,-71.56,-71.59,-71.56,-71.65,-71.65,-71.62,-71.56,-71.62,-71.65,-71.74,-71.65,-71.65,-71.62,-71.71,-71.68,-71.65,-71.68,-71.71,-71.74,-71.74,-71.62,-71.71,-71.65,-71.78,-71.65,-71.71,-71.71,-71.78,-71.65,-71.71,-71.68,-71.84,-71.62,-71.65,-71.78,-71.68,-71.65,-71.71,-71.62,-71.74,-71.81,-71.62,-71.59,-71.71,-71.59,-71.56,-71.71,-71.59,-71.53,-71.5,-71.53,-71.56,-71.62,-71.53,-71.56,-71.43,-71.56,-71.59,-71.53,-71.5,-71.53,-71.5,-71.5,-71.53,-71.56,-71.46,-71.53,-71.4,-71.43,-71.53,-71.5,-71.65,-71.5,-71.37,-71.46,-71.56,-71.53,-71.53,-71.43,-71.62,-71.46,-71.53,-71.5,-71.43,-71.46,-71.46,-71.53,-71.43,-71.4,-71.59,-71.5,-71.53,-71.53,-71.43,-71.59,-71.56,-71.46,-71.56,-71.43,-71.59,-71.46,-71.59,-71.53,-71.65,-71.46,-71.56,-71.5,-71.53,-71.53,-71.59,-71.46,-71.5,-71.43,-71.5,-71.56,-71.53,-71.5,-71.53,-71.56,-71.65,-71.59,-71.53,-71.62,-71.71,-71.87,-71.62,-71.84,-71.74,-71.81,-71.74,-71.68,-71.65,-71.62,-71.65,-71.74,-71.71,-71.65,-71.62,-71.62,-71.62,-71.68,-71.62,-71.74,-71.71,-71.62,-71.71,-71.68,-71.65,-71.62,-71.65,-71.81,-71.62,-71.65,-71.59,-71.68,-71.68,-71.59,-71.59,-71.68,-71.62,-71.56,-71.56,-71.56,-71.65,-71.65,-71.5,-71.53,-71.56,-71.65,-71.56,-71.56,-71.62,-71.65,-71.65,-71.59,-71.62,-71.56,-71.56,-71.56,-71.59,-71.59,-71.59,-71.71,-71.62,-71.53,-71.74,-71.68,-71.87,-71.59,-71.65,-71.74,-71.71,-71.56,-71.71,-71.65,-71.71,-71.56,-71.68,-71.65,-71.56,-71.62,-71.65,-71.59,-71.74,-71.56,-71.5,-71.53,-71.62,-71.74,-71.71,-71.62,-71.71,-71.62,-71.65,-71.74,-71.71,-71.65,-71.68,-71.78,-71.78,-71.71,-71.87,-71.78,-71.78,-71.84,-71.87,-71.68,-71.78,-71.78,-71.81,-71.71,-71.78,-71.84,-71.81,-71.78,-71.74,-71.71,-71.81,-71.93,-71.78,-71.84,-71.81,-71.93,-71.84,-71.78,-71.68,-71.78,-71.68,-71.65,-71.68,-71.74,-71.78,-71.78,-71.81,-71.68,-71.87,-71.74,-71.84,-71.74,-71.87,-71.84,-71.87,-71.74,-71.78,-71.65,-71.65,-71.68,-71.68,-71.81,-71.74,-71.65,-71.71,-71.71,-71.71,-71.78,-71.71,-71.62,-71.71,-71.59,-71.62,-71.71,-71.68,-71.74,-71.65,-71.65,-71.71,-71.62,-71.71,-71.78,-71.68,-71.68,-71.74,-71.68,-71.68,-71.74,-71.78,-71.65,-71.62,-71.59,-71.62,-71.62,-71.65,-71.68,-71.65,-71.74,-71.74,-71.74,-71.81,-71.65,-71.65,-71.71,-71.74,-71.65,-71.71,-71.78,-71.71,-71.74,-71.81,-71.71,-71.74,-71.9,-71.81,-71.81,-71.74,-71.74,-71.74,-71.74,-71.78,-71.84,-71.9,-71.9,-71.81,-71.78,-71.87,-71.81,-71.93,-71.81,-72.02,-71.87,-71.87,-71.93,-71.74,-71.81,-71.87,-71.84,-71.74,-71.78,-71.78,-71.71,-71.74,-71.74,-71.78,-71.78,-71.59,-71.62,-71.62,-71.78,-71.59,-71.65,-71.62,-71.65,-71.59,-71.62,-71.62,-71.59,-71.53,-71.65,-71.62,-71.56,-71.62,-71.65,-71.62,-71.59,-71.59,-71.62,-71.71,-71.62,-71.59,-71.62,-71.56,-71.62,-71.53,-71.5,-71.43,-71.5,-71.5,-71.53,-71.46,-71.46,-71.46,-71.4,-71.5,-71.4,-71.46,-71.56,-71.53,-71.43,-71.46,-71.62,-71.46,-71.56,-71.5,-71.53,-71.56,-71.53,-71.56,-71.53,-71.53,-71.56,-71.5,-71.65,-71.37,-71.5,-71.53,-71.59,-71.4,-71.53,-71.59,-71.59,-71.62,-71.68,-71.56,-71.56,-71.71,-71.62,-71.62,-71.59,-71.5,-71.53,-71.59,-71.56,-71.65,-71.56,-71.43,-71.68,-71.53,-71.53,-71.43,-71.56,-71.56,-71.53,-71.56,-71.5,-71.5,-71.37,-71.4,-71.4,-71.43,-71.37,-71.37,-71.37,-71.31,-71.5,-71.59,-71.5,-71.4,-71.4,-71.46,-71.46,-71.34,-71.28,-71.46,-71.5,-71.31,-71.37,-71.31,-71.4,-71.4,-71.43,-71.53,-71.4,-71.4,-71.53,-71.46,-71.31,-71.37,-71.43,-71.37,-71.5,-71.59,-71.56,-71.4,-71.5,-71.5,-71.46,-71.5,-71.53,-71.4,-71.43,-71.53,-71.46,-71.34,-71.43,-71.37,-71.4,-71.37,-71.37,-71.37,-71.5,-71.5,-71.53,-71.37,-71.43,-71.56,-71.59,-71.43,-71.34,-71.53,-71.4,-71.34,-71.37,-71.43,-71.37,-71.4,-71.43,-71.43,-71.56,-71.37,-71.4,-71.37,-71.59,-71.46,-71.37,-71.5,-71.46,-71.37,-71.4,-71.37,-71.4,-71.5,-71.46,-71.43,-71.37,-71.37,-71.5,-71.4,-71.46,-71.37,-71.4,-71.46,-71.5,-71.43,-71.53,-71.34,-71.31,-71.4,-71.37,-71.34,-71.34,-71.43,-71.43,-71.34,-71.46,-71.34,-71.37,-71.31,-71.31,-71.25,-71.28,-71.28,-71.37,-71.37,-71.19,-71.19,-71.22,-71.22,-71.22,-71.22,-71.28,-71.19,-71.22,-71.34,-71.28,-71.34,-71.37,-71.28,-71.25,-71.15,-71.09,-71.22,-71.19,-71.15,-71.22,-71.19,-71.15,-71.22,-71.22,-71.31,-71.22,-71.15,-71.19,-71.34,-71.25,-71.19,-71.34,-71.31,-71.25,-71.28,-71.28,-71.43,-71.34,-71.28,-71.31,-71.31,-71.31,-71.31,-71.31,-71.25,-71.37,-71.37,-71.31,-71.34,-71.31,-71.31,-71.34,-71.31,-71.34,-71.34,-71.37,-71.28,-71.31,-71.53,-71.53,-71.46,-71.5,-71.53,-71.56,-71.56,-71.46,-71.5,-71.56,-71.65,-71.56,-71.65,-71.65,-71.56,-71.59,-71.5,-71.59,-71.46,-71.59,-71.59,-71.59,-71.5,-71.62,-71.59,-71.56,-71.53,-71.56,-71.5,-71.53,-71.62,-71.65,-71.68,-71.68,-71.62,-71.53,-71.53,-71.56,-71.62,-71.56,-71.56,-71.53,-71.53,-71.59,-71.59,-71.62,-71.59,-71.5,-71.65,-71.59,-71.56,-71.56,-71.43,-71.56,-71.62,-71.59,-71.59,-71.62,-71.59,-71.4,-71.53,-71.5,-71.53,-71.62,-71.46,-71.37,-71.43,-71.53,-71.43,-71.46,-71.46,-71.59,-71.43,-71.34,-71.53,-71.5,-71.37,-71.59,-71.43,-71.5,-71.53,-71.53,-71.53,-71.56,-71.53,-71.37,-71.56,-71.53,-71.43,-71.5,-71.53,-71.53,-71.53,-71.68,-71.62,-71.53,-71.43,-71.59,-71.56,-71.62,-71.62,-71.62,-71.59,-71.59,-71.5,-71.53,-71.56,-71.62,-71.56,-71.46,-71.53,-71.71,-71.59,-71.62,-71.53,-71.68,-71.53,-71.62,-71.56,-71.68,-71.56,-71.65,-71.59,-71.65,-71.56,-71.68,-71.53,-71.65,-71.53,-71.56,-71.56,-71.65,-71.59,-71.65,-71.65,-71.65,-71.53,-71.62,-71.59,-71.78,-71.65,-71.65,-71.62,-71.56,-71.59,-71.62,-71.65,-71.65,-71.59,-71.62,-71.59,-71.53,-71.62,-71.74,-71.62,-71.59,-71.71,-71.78,-71.59,-71.59,-71.65,-71.65,-71.56,-71.65,-71.74,-71.71,-71.71,-71.68,-71.65,-71.68,-71.65,-71.74,-71.65,-71.59,-71.59,-71.65,-71.68,-71.78,-71.87,-71.65,-71.74,-71.78,-71.65,-71.62,-71.5,-71.71,-71.53,-71.65,-71.71,-71.68,-71.78,-71.56,-71.74,-71.74,-71.78,-71.62,-71.74,-71.68,-71.84,-71.81,-71.71,-71.78,-71.78,-71.84,-71.81,-71.78,-71.81,-71.74,-71.74,-71.71,-71.74,-71.84,-71.68,-71.59,-71.71,-71.87,-71.84,-71.71,-71.78,-71.65,-71.62,-71.74,-71.84,-71.68,-71.59,-71.65,-71.78,-71.74,-71.62,-71.59,-71.65,-71.56,-71.56,-71.59,-71.65,-71.56,-71.62,-71.56,-71.5,-71.5,-71.59,-71.46,-71.46,-71.46,-71.5,-71.5,-71.5,-71.46,-71.56,-71.59,-71.53,-71.43,-71.56,-71.46,-71.56,-71.5,-71.46,-71.53,-71.46,-71.46,-71.59,-71.59,-71.5,-71.56,-71.4,-71.43,-71.5,-71.5,-71.5,-71.46,-71.43,-71.34,-71.25,-71.5,-71.5,-71.4,-71.37,-71.43,-71.43,-71.4,-71.46,-71.34,-71.56,-71.34,-71.5,-71.5,-71.31,-71.53,-71.4,-71.4,-71.5,-71.46,-71.5,-71.37,-71.53,-71.34,-71.43,-71.4,-71.37,-71.46,-71.43,-71.5,-71.53,-71.65,-71.53,-71.53,-71.56,-71.53,-71.43,-71.59,-71.59,-71.56,-71.53,-71.62,-71.43,-71.56,-71.5,-71.59,-71.46,-71.46,-71.59,-71.5,-71.5,-71.59,-71.59,-71.59,-71.56,-71.53,-71.5,-71.37,-71.46,-71.56,-71.5,-71.43,-71.43,-71.4,-71.53,-71.34,-71.43,-71.37,-71.43,-71.4,-71.37,-71.37,-71.28,-71.34,-71.37,-71.4,-71.43,-71.43,-71.37,-71.37,-71.4,-71.53,-71.25,-71.37,-71.56,-71.43,-71.43,-71.43,-71.37,-71.53,-71.5,-71.37,-71.37,-71.46,-71.56,-71.46,-71.37,-71.5,-71.56,-71.31,-71.43,-71.56,-71.46,-71.4,-71.37,-71.56,-71.37,-71.43,-71.46,-71.31,-71.43,-71.53,-71.46,-71.34,-71.4,-71.53,-71.56,-71.5,-71.56,-71.5,-71.62,-71.53,-71.59,-71.43,-71.5,-71.59,-71.53,-71.53,-71.74,-71.56,-71.59,-71.59,-71.56,-71.65,-71.62,-71.53,-71.56,-71.53,-71.53,-71.53,-71.65,-71.53,-71.56,-71.59,-71.5,-71.53,-71.59,-71.65,-71.5,-71.53,-71.65,-71.56,-71.53,-71.5,-71.43,-71.5,-71.5,-71.56,-71.46,-71.5,-71.37,-71.46,-71.34,-71.4,-71.28,-71.37,-71.5,-71.46,-71.46,-71.43,-71.37,-71.31,-71.25,-71.4,-71.37,-71.5,-71.31,-71.12,-71.34,-71.34,-71.31,-71.46,-71.37,-71.34,-71.28,-71.31,-71.34,-71.25,-71.28,-71.5,-71.31,-71.34,-71.37,-71.37,-71.37,-71.34,-71.31,-71.34,-71.25,-71.28,-71.34,-71.34,-71.37,-71.4,-71.28,-71.34,-71.37,-71.34,-71.34,-71.25,-71.31,-71.43,-71.31,-71.4,-71.4,-71.34,-71.37,-71.37,-71.37,-71.43,-71.53,-71.34,-71.5,-71.37,-71.5,-71.46,-71.4,-71.4,-71.4,-71.4,-71.43,-71.5,-71.46,-71.4,-71.37,-71.5,-71.5,-71.43,-71.34,-71.46,-71.46,-71.46,-71.43,-71.4,-71.43,-71.31,-71.53,-71.25,-71.46,-71.37,-71.15,-71.15,-71.31,-71.34,-71.31,-71.25,-71.28,-71.19,-71.28,-71.34,-71.25,-71.28,-71.31,-71.31,-71.34,-71.22,-71.09,-71.12,-71.19,-71.31,-71.34,-71.15,-71.22,-71.25,-71.28,-71.34,-71.34,-71.31,-71.25,-71.15,-71.34,-71.25,-71.19,-71.28,-71.22,-71.28,-71.37,-71.28,-71.15,-71.31,-71.19,-71.15,-71.15,-71.19,-71.28,-71.34,-71.19,-71.12,-71.34,-71.22,-71.31,-71.19,-71.31,-71.25,-71.28,-71.34,-71.15,-71.22,-71.15,-71.25,-71.22,-71.03,-71.09,-71.19,-71.09,-71.09,-71.09,-71.15,-71.31,-71.19,-71.19,-71.15,-71.34,-71.25,-71.15,-71.28,-71.15,-71.25,-71.25,-71.19,-71.22,-71.25,-71.28,-71.25,-71.25,-71.19,-71.25,-71.25,-71.31,-71.19,-71.34,-71.15,-71.19,-71.19,-71.19,-71.22,-71.12,-71.15,-71.19,-71.25,-71.28,-71.31,-71.22,-71.28,-71.31,-71.22,-71.34,-71.31,-71.19,-71.25,-71.12,-71.31,-71.34,-71.28,-71.31,-71.25,-71.37,-71.22,-71.19,-71.09,-71.31,-71.19,-71.22,-71.12,-71.25,-71.28,-71.4,-71.34,-71.4,-71.5,-71.37,-71.31,-71.28,-71.12,-71.34,-71.34,-71.28,-71.25,-71.4,-71.37,-71.25,-71.37,-71.28,-71.28,-71.34,-71.43,-71.28,-71.31,-71.43,-71.31,-71.37,-71.37,-71.34,-71.37,-71.37,-71.34,-71.34,-71.43,-71.31,-71.34,-71.5,-71.5,-71.37,-71.43,-71.46,-71.34,-71.4,-71.46,-71.37,-71.34,-71.37,-71.46,-71.43,-71.43,-71.43,-71.46,-71.43,-71.4,-71.5,-71.43,-71.56,-71.34,-71.65,-71.46,-71.5,-71.46,-71.5,-71.5,-71.37,-71.37,-71.37,-71.46,-71.34,-71.53,-71.5,-71.53,-71.59,-71.53,-71.43,-71.5,-71.56,-71.4,-71.4,-71.31,-71.43,-71.22,-71.34,-71.43,-71.25,-71.37,-71.43,-71.46,-71.34,-71.28,-71.37,-71.37,-71.19,-71.22,-71.12,-71.25,-71.25,-71.15,-71.15,-71.12,-71.22,-71.09,-71.22,-71.12,-71.19,-71.19,-71.15,-71.15,-71.22,-71.22,-71.28,-71.25,-71.12,-71.19,-71.15,-71.19,-71.12,-71.12,-71.19,-71.19,-71.15,-71.06,-71.34,-71.19,-71.19,-71.28,-71.25,-71.12,-71.31,-71.31,-71.25,-71.25,-71.37,-71.28,-71.12,-71.19,-71.31,-71.28,-71.25,-71.28,-71.31,-71.31,-71.34,-71.31,-71.15,-71.25,-71.25,-71.22,-71.28,-71.34,-71.31,-71.4,-71.25,-71.31,-71.43,-71.46,-71.34,-71.4,-71.37,-71.37,-71.34,-71.4,-71.4,-71.37,-71.34,-71.37,-71.25,-71.19,-71.25,-71.37,-71.37,-71.37,-71.31,-71.31,-71.28,-71.34,-71.34,-71.34,-71.28,-71.31,-71.37,-71.28,-71.28,-71.25,-71.15,-71.15,-71.31,-71.22,-71.25,-71.19,-71.19,-71.12,-71.19,-71.19,-71.12,-71.09,-71.12,-71.19,-71.09,-71.15,-71.19,-71.12,-71.06,-71.15,-71.25,-71.15,-71.03,-71.15,-71.06,-71.09,-71.09,-71.06,-71.15,-71.12,-71.22,-71.06,-71.22,-71.0,-71.09,-71.15,-71.12,-71.15,-71.15,-71.15,-71.09,-71.19,-71.25,-71.06,-71.12,-71.15,-71.06,-71.22,-71.09,-71.06,-71.15,-71.09,-71.09,-71.25,-71.12,-71.22,-71.25,-71.12,-71.03,-71.09,-71.06,-71.15,-71.03,-70.94,-71.0,-71.09,-71.09,-71.12,-71.0,-71.09,-71.03,-70.94,-71.03,-71.0,-71.03,-71.03,-71.0,-71.19,-71.03,-71.12,-71.09,-71.03,-71.09,-71.12,-71.19,-71.12,-71.09,-71.12,-71.03,-71.22,-71.15,-71.06,-71.22,-71.09,-71.15,-71.06,-71.06,-71.12,-71.19,-71.0,-71.12,-71.09,-71.06,-71.12,-71.15,-71.12,-71.19,-71.09,-71.15,-71.12,-71.12,-71.19,-71.09,-71.25,-71.03,-71.15,-71.15,-71.19,-71.12,-71.31,-71.15,-71.19,-71.12,-71.09,-71.28,-71.28,-71.03,-71.28,-71.31,-71.25,-71.28,-71.25,-71.22,-71.34,-71.15,-71.19,-71.19,-71.19,-71.43,-71.28,-71.19,-71.25,-71.28,-71.06,-71.19,-71.22,-71.09,-71.15,-71.15,-71.09,-71.06,-71.22,-71.15,-71.15,-71.15,-71.19,-71.09,-71.19,-71.12,-71.09,-71.15,-71.15,-71.09,-71.25,-71.06,-71.15,-71.03,-71.12,-71.09,-71.03,-71.19,-71.12,-71.22,-71.22,-71.31,-71.19,-71.09,-71.25,-71.15,-71.09,-71.25,-71.09,-71.12,-71.22,-71.12,-71.22,-71.34,-71.22,-71.15,-71.06,-71.19,-71.12,-71.28,-71.15,-71.12,-71.15,-71.12,-71.03,-71.09,-71.09,-70.94,-71.09,-70.94,-71.03,-71.03,-70.97,-71.09,-70.97,-70.94,-71.0,-71.06,-71.03,-71.0,-70.94,-70.94,-70.97,-71.0,-71.0,-70.97,-71.06,-71.09,-70.94,-70.94,-71.09,-71.0,-71.06,-71.03,-71.09,-71.03,-71.15,-71.09,-71.03,-71.09,-71.06,-71.06,-71.03,-71.06,-71.03,-71.03,-71.09,-71.09,-71.12,-71.06,-70.94,-70.97,-71.09,-71.0,-71.12,-71.12,-71.03,-71.12,-71.12,-71.12,-71.09,-71.19,-71.12,-71.12,-71.03,-71.0,-71.12,-70.97,-71.12,-71.03,-71.09,-71.19,-71.09,-71.12,-71.06,-71.06,-71.03,-71.09,-71.09,-71.06,-71.06,-71.06,-71.12,-71.28,-71.19,-71.15,-71.15,-71.28,-71.19,-71.0,-71.12,-71.19,-71.15,-71.19,-71.09,-71.03,-71.19,-71.12,-71.09,-71.03,-71.03,-71.12,-71.15,-71.03,-71.03,-71.09,-70.97,-70.84,-70.84,-70.94,-70.78,-70.81,-70.84,-70.87,-70.87,-70.94,-70.81,-70.87,-70.91,-70.72,-70.94,-70.87,-70.84,-70.94,-70.78,-70.84,-70.84,-71.03,-71.0,-70.94,-70.91,-70.87,-70.97,-71.03,-71.0,-71.0,-71.0,-70.91,-70.87,-70.87,-70.87,-70.94,-70.91,-70.78,-70.84,-70.97,-70.94,-70.81,-70.87,-70.87,-70.87,-70.91,-70.78,-70.91,-70.81,-70.78,-70.84,-70.87,-71.03,-70.81,-70.78,-70.78,-70.81,-70.97,-70.84,-70.97,-70.91,-70.75,-70.94,-70.78,-70.97,-71.0,-70.87,-70.87,-70.87,-70.94,-70.97,-70.94,-71.0,-71.09,-71.0,-71.15,-71.0,-71.12,-71.03,-71.03,-71.09,-71.09,-71.19,-71.06,-71.03,-71.09,-71.09,-70.94,-71.03,-71.06,-71.03,-70.84,-71.06,-71.03,-70.97,-71.0,-70.87,-70.81,-70.97,-70.97,-70.97,-70.97,-71.0,-70.87,-70.87,-71.06,-70.97,-71.03,-70.97,-71.03,-71.06,-71.12,-71.09,-71.06,-71.06,-71.06,-71.15,-71.06,-71.09,-71.12,-71.03,-71.25,-71.19,-71.09,-71.09,-71.12,-71.15,-71.12,-71.19,-71.19,-71.22,-71.22,-71.25,-71.28,-71.22,-71.34,-71.31,-71.28,-71.37,-71.34,-71.4,-71.28,-71.22,-71.4,-71.31,-71.22,-71.31,-71.22,-71.34,-71.28,-71.34,-71.31,-71.34,-71.19,-71.37,-71.31,-71.37,-71.37,-71.34,-71.37,-71.43,-71.34,-71.34,-71.22,-71.31,-71.4,-71.34,-71.37,-71.5,-71.37,-71.43,-71.46,-71.53,-71.5,-71.65,-71.5,-71.53,-71.56,-71.5,-71.56,-71.5,-71.5,-71.59,-71.62,-71.56,-71.53,-71.5,-71.43,-71.46,-71.43,-71.56,-71.5,-71.46,-71.59,-71.56,-71.53,-71.43,-71.43,-71.5,-71.46,-71.46,-71.56,-71.53,-71.53,-71.56,-71.56,-71.46,-71.56,-71.56,-71.53,-71.53,-71.65,-71.5,-71.46,-71.4,-71.53,-71.43,-71.43,-71.53,-71.59,-71.5,-71.5,-71.53,-71.56,-71.53,-71.53,-71.46,-71.5,-71.56,-71.46,-71.43,-71.53,-71.37,-71.56,-71.59,-71.5,-71.53,-71.53,-71.53,-71.56,-71.5,-71.62,-71.56,-71.53,-71.4,-71.5,-71.53,-71.5,-71.59,-71.5,-71.5,-71.59,-71.43,-71.56,-71.59,-71.56,-71.5,-71.56,-71.68,-71.53,-71.06,-71.43,-71.59,-71.59,-71.37,-71.65,-71.59,-71.53,-71.46,-71.56,-71.53,-71.56,-71.5,-71.43,-71.53,-71.43,-71.37,-71.53,-71.5,-71.59,-71.68,-71.46,-71.5,-71.56,-71.5,-71.37,-71.43,-71.5,-71.5,-71.56,-71.43,-71.5,-71.5,-71.53,-71.56,-71.46,-71.43,-71.43,-71.37,-71.59,-71.5,-71.37,-71.46,-71.43,-71.34,-71.37,-71.28,-71.37,-71.34,-71.25,-71.31,-71.28,-71.28,-71.28,-71.31,-71.37,-71.37,-71.28,-71.46,-71.31,-71.31,-71.31,-71.28,-71.31,-71.31,-71.28,-71.4,-71.28,-71.28,-71.43,-71.31,-71.25,-71.28,-71.37,-71.22,-71.28,-71.43,-71.34,-71.46,-71.22,-71.43,-71.34,-71.25,-71.4,-71.4,-71.28,-71.43,-71.53,-71.46,-71.31,-71.37,-71.37,-71.28,-71.31,-71.4,-71.4,-71.28,-71.4,-71.34,-71.31,-71.46,-71.31,-71.5,-71.34,-71.31,-71.31,-71.53,-71.59,-71.5,-71.37,-71.31,-71.5,-71.43,-71.31,-71.4,-71.56,-71.43,-71.31,-71.34,-71.34,-71.34,-71.5,-71.43,-71.43,-71.37,-71.37,-71.34,-71.37,-71.37,-71.4,-71.37,-71.34,-71.25,-71.31,-71.28,-71.34,-71.31,-71.31,-71.37,-71.34,-71.37,-71.31,-71.37,-71.28,-71.34,-71.5,-71.4,-71.31,-71.28,-71.37,-71.25,-71.15,-71.25,-71.37,-71.15,-71.19,-71.19,-71.03,-71.15,-71.12,-71.19,-71.15,-71.12,-71.15,-71.12,-71.28,-71.12,-71.19,-71.0,-71.28,-71.06,-71.12,-71.09,-71.09,-71.03,-71.09,-71.12,-71.12,-70.97,-71.03,-71.15,-71.12,-71.19,-71.15,-71.09,-71.12,-71.19,-71.22,-71.15,-71.37,-71.25,-71.28,-71.31,-71.15,-71.34,-71.09,-71.25,-71.22,-71.25,-71.25,-71.28,-71.22,-71.31,-71.22,-71.15,-71.25,-71.28,-71.19,-71.19,-71.28,-71.28,-71.34,-71.28,-71.34,-71.4,-71.4,-71.37,-71.37,-71.53,-71.34,-71.37,-71.5,-71.5,-71.43,-71.37,-71.31,-71.37,-71.37,-71.31,-71.31,-71.15,-71.37,-71.43,-71.37,-71.37,-71.34,-71.34,-71.34,-71.28,-71.25,-71.31,-71.43,-71.28,-71.28,-71.34,-71.31,-71.25,-71.31,-71.25,-71.4,-71.31,-71.28,-71.22,-71.28,-71.12,-71.09,-71.0,-71.19,-71.22,-71.22,-71.25,-71.25,-71.34,-71.28,-71.19,-71.19,-71.22,-71.34,-71.25,-71.25,-71.22,-71.28,-71.34,-71.4,-71.37,-71.25,-71.31,-71.28,-71.31,-71.37,-71.34,-71.37,-71.37,-71.53,-71.43,-71.31,-71.4,-71.43,-71.37,-71.43,-71.5,-71.31,-71.56,-71.5,-71.43,-71.37,-71.37,-71.46,-71.53,-71.46,-71.46,-71.34,-71.4,-71.43,-71.46,-71.5,-71.43,-71.34,-71.5,-71.53,-71.5,-71.43,-71.37,-71.5,-71.43,-71.59,-71.59,-71.53,-71.53,-71.62,-71.56,-71.56,-71.56,-71.5,-71.43,-71.5,-71.46,-71.56,-71.53,-71.59,-71.65,-71.5,-71.43,-71.5,-71.28,-71.5,-71.31,-71.37,-71.46,-71.43,-71.46,-71.37,-71.53,-71.5,-71.37,-71.56,-71.4,-71.46,-71.59,-71.56,-71.46,-71.56,-71.37,-71.5,-71.46,-71.4,-71.5,-71.5,-71.59,-71.65,-71.46,-71.5,-71.4,-71.37,-71.22,-71.28,-71.19,-71.37,-71.28,-71.37,-71.31,-71.37,-71.46,-71.43,-71.28,-71.37,-71.28,-71.31,-71.46,-71.34,-71.34,-71.25,-71.43,-71.31,-71.37,-71.53,-71.37,-71.31,-71.37,-71.31,-71.28,-71.46,-71.34,-71.46,-71.34,-71.28,-71.31,-71.37,-71.22,-71.37,-71.19,-71.34,-71.5,-71.34,-71.31,-71.37,-71.28,-71.31,-71.37,-71.46,-71.43,-71.31,-71.37,-71.4,-71.46,-71.46,-71.37,-71.5,-71.4,-71.31,-71.37,-71.37,-71.34,-71.37,-71.34,-71.5,-71.46,-71.37,-71.34,-71.43,-71.46,-71.34,-71.5,-71.34,-71.28,-71.37,-71.43,-71.34,-71.31,-71.34,-71.37,-71.37,-71.25,-71.25,-71.37,-71.28,-71.22,-71.34,-71.25,-71.37,-71.28,-71.25,-71.25,-71.12,-71.12,-71.22,-71.28,-71.12,-71.22,-71.19,-71.19,-71.19,-71.15,-71.19,-71.12,-71.06,-71.15,-71.25,-71.22,-71.06,-71.06,-71.09,-71.22,-71.12,-71.09,-71.09,-71.15,-71.19,-71.28,-71.12,-71.25,-71.15,-71.22,-71.15,-71.19,-71.22,-71.25,-71.12,-71.15,-71.19,-71.31,-71.09,-71.31,-71.15,-71.12,-71.09,-71.19,-71.22,-71.0,-71.12,-71.22,-71.22,-71.15,-71.12,-71.15,-71.12,-71.06,-71.15,-71.19,-71.25,-71.15,-71.22,-71.28,-71.25,-71.19,-71.25,-71.15,-71.37,-71.22,-71.15,-71.31,-71.28,-71.37,-71.43,-71.31,-71.34,-71.37,-71.22,-71.28,-71.37,-71.25,-71.25,-71.43,-71.31,-71.28,-71.28,-71.12,-71.06,-71.19,-71.22,-71.22,-71.31,-71.25,-71.15,-71.22,-71.28,-71.22,-71.31,-71.25,-71.19,-71.15,-71.12,-71.12,-71.0,-71.12,-71.15,-71.09,-71.19,-71.19,-71.15,-71.12,-71.34,-71.09,-71.0,-71.12,-71.19,-71.22,-71.19,-71.03,-71.19,-71.06,-71.15,-71.19,-71.03,-71.0,-71.06,-71.09,-71.03,-70.97,-70.91,-71.0,-70.94,-71.0,-71.06,-71.03,-71.0,-70.91,-71.03,-70.97,-70.81,-70.91,-70.91,-70.97,-70.91,-70.97,-70.94,-70.87,-70.81,-70.84,-70.94,-70.97,-70.84,-70.91,-71.03,-70.97,-70.94,-70.81,-70.78,-70.81,-70.81,-70.87,-70.84,-70.75,-70.84,-70.94,-70.84,-70.81,-71.0,-70.81,-70.97,-70.81,-70.78,-70.81,-70.97,-70.87,-70.69,-70.87,-70.75,-70.81,-70.84,-70.81,-70.84,-70.94,-70.94,-70.84,-70.84,-70.87,-70.78,-70.84,-70.78,-70.69,-70.78,-70.75,-70.81,-70.75,-70.69,-70.81,-70.81,-70.63,-70.81,-70.66,-70.69,-70.72,-70.75,-70.78,-70.78,-70.75,-70.81,-70.78,-70.78,-70.78,-70.84,-70.69,-70.72,-70.72,-70.81,-70.84,-70.84,-70.78,-70.81,-70.84,-70.87,-70.87,-70.87,-70.87,-70.75,-70.94,-70.97,-70.87,-70.84,-71.0,-70.87,-71.0,-71.0,-71.03,-71.0,-71.03,-70.87,-71.0,-71.0,-71.09,-71.06,-71.09,-71.06,-70.97,-70.97,-70.94,-71.12,-71.06,-71.06,-71.12,-71.19,-71.06,-71.0,-71.19,-71.06,-71.03,-71.09,-71.03,-71.06,-71.22,-71.15,-71.22,-71.25,-71.25,-71.22,-71.19,-71.31,-71.25,-71.25,-71.28,-71.34,-71.37,-71.25,-71.37,-71.46,-71.43,-71.46,-71.4,-71.28,-71.34,-71.19,-71.34,-71.19,-71.31,-71.34,-71.25,-71.34,-71.28,-71.34,-71.22,-71.28,-71.34,-71.31,-71.43,-71.09,-71.22,-71.37,-71.31,-71.28,-71.15,-71.19,-71.25,-71.19,-71.12,-71.15,-71.19,-71.28,-71.15,-71.12,-71.22,-71.22,-71.25,-71.28,-71.34,-71.15,-71.37,-71.34,-71.15,-71.37,-71.37,-71.31,-71.22,-71.37,-71.31,-71.43,-71.43,-71.28,-71.46,-71.37,-71.5,-71.53,-71.5,-71.5,-71.65,-71.46,-71.53,-71.53,-71.46,-71.62,-71.5,-71.59,-71.59,-71.59,-71.53,-71.56,-71.59,-71.43,-71.53,-71.59,-71.43,-71.5,-71.46,-71.46,-71.62,-71.5,-71.68,-71.62,-71.56,-71.5,-71.53,-71.59,-71.65,-71.56,-71.62,-71.62,-71.56,-71.56,-71.65,-71.59,-71.62,-71.71,-71.65,-71.56,-71.62,-71.62,-71.53,-71.62,-71.65,-71.68,-71.74,-71.59,-71.62,-71.56,-71.65,-71.65,-71.56,-71.43,-71.5,-71.53,-71.59,-71.53,-71.56,-71.5,-71.53,-71.53,-71.5,-71.43,-71.5,-71.5,-71.37,-71.43,-71.34,-71.5,-71.31,-71.34,-71.5,-71.28,-71.22,-71.53,-71.37,-71.37,-71.37,-71.31,-71.25,-71.28,-71.19,-71.28,-71.31,-71.37,-71.31,-71.19,-71.19,-71.25,-71.12,-71.22,-71.22,-71.15,-71.28,-71.28,-71.28,-71.22,-71.34,-71.12,-71.22,-71.19,-71.25,-71.22,-71.19,-71.25,-71.22,-71.12,-71.25,-71.22,-71.25,-71.15,-71.15,-71.25,-71.12,-71.06,-71.19,-71.19,-71.31,-71.31,-71.19,-71.12,-71.15,-71.31,-71.22,-71.31,-71.22,-71.25,-71.31,-71.31,-71.34,-71.34,-71.28,-71.28,-71.34,-71.37,-71.31,-71.34,-71.5,-71.37,-71.34,-71.34,-71.25,-71.4,-71.43,-71.4,-71.19,-71.25,-71.25,-71.34,-71.34,-71.31,-71.31,-71.37,-71.28,-71.31,-71.19,-71.19,-71.28,-71.09,-71.15,-71.22,-71.03,-71.0,-71.15,-71.06,-71.03,-71.06,-70.94,-70.94,-71.12,-71.03,-70.94,-71.0,-71.09,-71.06,-71.15,-71.19,-71.15,-71.06,-71.12,-71.06,-71.19,-71.12,-71.06,-71.15,-71.09,-71.03,-71.15,-71.19,-71.06,-70.94,-71.12,-71.25,-71.25,-71.25,-71.19,-71.15,-71.12,-71.12,-71.09,-71.15,-71.28,-71.06,-71.0,-71.15,-71.12,-71.19,-71.06,-71.09,-71.22,-71.12,-71.12,-71.0,-71.09,-71.03,-71.06,-71.19,-71.12,-71.22,-71.19,-71.31,-71.25,-71.19,-71.22,-71.15,-71.28,-71.28,-71.37,-71.15,-71.19,-71.22,-71.22,-71.31,-71.25,-71.31,-71.22,-71.25,-71.25,-71.22,-71.28,-71.31,-71.37,-71.31,-71.25,-71.4,-71.25,-71.4,-71.43,-71.34,-71.37,-71.4,-71.25,-71.34,-71.28,-71.34,-71.34,-71.22,-71.34,-71.31,-71.25,-71.28,-71.31,-71.19,-71.28,-71.25,-71.22,-71.22,-71.19,-71.22,-71.25,-71.15,-71.19,-71.25,-71.31,-71.09,-71.25,-71.15,-71.22,-71.22,-71.15,-71.25,-71.22,-71.19,-71.22,-71.06,-71.25,-71.25,-71.25,-71.28,-71.25,-71.12,-71.15,-71.12,-71.15,-71.25,-71.28,-71.22,-71.19,-71.09,-71.15,-71.34,-71.22,-71.28,-71.15,-71.12,-71.19,-71.25,-71.28,-71.22,-71.22,-71.31,-71.25,-71.15,-71.19,-71.28,-71.15,-71.22,-71.28,-71.22,-71.25,-71.34,-71.28,-71.28,-71.31,-71.28,-71.28,-71.19,-71.19,-71.15,-71.25,-71.31,-71.25,-71.28,-71.25,-71.31,-71.15,-71.15,-71.12,-71.28,-71.25,-71.46,-71.28,-71.12,-71.28,-71.25,-71.09,-71.12,-71.25,-71.12,-71.25,-71.15,-71.19,-71.28,-71.15,-71.09,-71.19,-71.06,-71.06,-71.19,-71.19,-71.15,-71.12,-71.15,-71.12,-71.22,-71.22,-70.97,-71.15,-71.09,-71.06,-71.19,-71.06,-71.09,-71.03,-71.12,-71.15,-71.15,-71.03,-71.06,-71.12,-71.25,-71.19,-71.28,-71.03,-71.12,-71.19,-70.97,-71.19,-71.28,-71.12,-71.15,-71.12,-71.19,-71.12,-71.28,-71.12,-71.12,-71.31,-71.12,-71.15,-71.15,-71.19,-71.12,-71.15,-71.15,-71.15,-71.19,-71.25,-71.15,-71.12,-71.06,-71.15,-71.12,-71.19,-71.25,-71.22,-71.19,-71.31,-71.15,-71.25,-71.09,-71.0,-71.25,-71.15,-71.4,-71.25,-71.25,-71.34,-71.19,-71.34,-71.43,-71.15,-71.34,-71.34,-71.25,-71.25,-71.4,-71.28,-71.4,-71.31,-71.28,-71.43,-71.28,-71.31,-71.25,-71.34,-71.31,-71.46,-71.37,-71.28,-71.28,-71.25,-71.37,-71.28,-71.31,-71.43,-71.5,-71.37,-71.25,-71.46,-71.31,-71.31,-71.34,-71.25,-71.25,-71.19,-71.19,-71.22,-71.15,-71.28,-71.15,-71.19,-71.22,-71.19,-71.28,-71.22,-71.22,-71.12,-71.31,-71.25,-71.28,-71.15,-71.22,-71.28,-71.22,-71.31,-71.25,-71.25,-71.19,-71.31,-71.28,-71.22,-71.25,-71.25,-71.28,-71.28,-71.25,-71.25,-71.19,-71.25,-71.25,-71.19,-71.19,-71.28,-71.15,-71.15,-71.15,-71.22,-71.19,-71.12,-71.09,-71.19,-71.12,-71.19,-71.09,-71.12,-71.31,-71.15,-71.09,-71.12,-71.22,-71.22,-71.19,-71.15,-71.12,-71.25,-71.19,-71.15,-71.19,-71.12,-71.12,-71.12,-71.25,-71.25,-71.25,-71.15,-71.12,-71.19,-71.19,-71.12,-71.22,-71.22,-71.25,-71.22,-71.19,-71.28,-71.19,-71.22,-71.22,-71.28,-71.22,-71.31,-71.19,-71.15,-71.12,-71.12,-71.19,-71.15,-71.19,-71.12,-71.25,-71.19,-71.31,-71.22,-71.28,-71.34,-71.12,-71.15,-71.15,-71.12,-71.06,-71.09,-71.15,-71.12,-71.15,-71.25,-71.15,-71.22,-71.12,-71.15,-71.15,-71.22,-71.09,-71.37,-71.25,-71.19,-71.22,-71.28,-71.25,-71.22,-71.25,-71.28,-71.31,-71.22,-71.12,-71.25,-71.15,-71.12,-71.34,-71.19,-71.37,-71.25,-71.25,-71.19,-71.34,-71.25,-71.37,-71.31,-71.31,-71.25,-71.4,-71.4,-71.28,-71.31,-71.31,-71.28,-71.4,-71.28,-71.12,-71.37,-71.34,-71.22,-71.34,-71.34,-71.37,-71.4,-71.37,-71.34,-71.5,-71.34,-71.43,-71.25,-71.43,-71.37,-71.31,-71.53,-71.43,-71.46,-71.4,-71.46,-71.43,-71.53,-71.34,-71.5,-71.43,-71.53,-71.5,-71.34,-71.43,-71.53,-71.53,-71.4,-71.34,-71.46,-71.37,-71.5,-71.43,-71.34,-71.28,-71.31,-71.19,-71.22,-71.15,-71.19,-71.31,-71.34,-71.31,-71.22,-71.31,-71.15,-71.22,-71.37,-71.28,-71.31,-71.34,-71.31,-71.37,-71.34,-71.37,-71.34,-71.43,-71.43,-71.31,-71.4,-71.43,-71.43,-71.34,-71.4,-71.43,-71.25,-71.37,-71.31,-71.34,-71.31,-71.28,-71.4,-71.25,-71.34,-71.34,-71.31,-71.37,-71.34,-71.34,-71.28,-71.28,-71.31,-71.28,-71.31,-71.28,-71.34,-71.31,-71.46,-71.19,-71.25,-71.31,-71.19,-71.5,-71.28,-71.43,-71.34,-71.46,-71.5,-71.34,-71.25,-71.34,-71.53,-71.56,-71.31,-71.4,-71.4,-71.43,-71.5,-71.28,-71.5,-71.46,-71.43,-71.5,-71.34,-71.53,-71.5,-71.37,-71.34,-71.4,-71.25,-71.37,-71.4,-71.4,-71.31,-71.19,-71.34,-71.28,-71.31,-71.19,-71.22,-71.15,-71.28,-71.19,-71.25,-71.15,-71.28,-71.28,-71.09,-71.15,-71.06,-71.22,-71.09,-71.19,-71.09,-71.09,-71.12,-71.06,-71.22,-71.25,-71.12,-71.15,-71.19,-71.12,-71.22,-71.15,-71.09,-71.15,-71.25,-71.12,-71.03,-71.09,-71.22,-71.28,-71.19,-71.12,-71.28,-71.06,-71.22,-71.09,-71.28,-71.25,-71.28,-71.15,-71.12,-71.25,-71.09,-71.25,-71.09,-71.09,-71.12,-71.34,-71.25,-71.31,-71.25,-71.12,-71.25,-71.34,-71.25,-71.28,-71.19,-71.28,-71.34,-71.28,-71.34,-71.34,-71.28,-71.25,-71.31,-71.37,-71.34,-71.4,-71.22,-70.78,-70.35,-69.85,-69.66,-69.2,-68.92,-68.6,-68.26,-67.95,-67.7,-67.49,-67.14,-66.93,-66.65,-66.43,-66.27,-65.99,-65.75,-65.56,-65.25,-65.06,-64.97,-64.75,-64.41,-64.25,-64.07,-64.0,-63.72,-63.72,-63.41,-63.2,-63.13,-62.98,-62.73,-62.67,-62.54,-62.36,-62.11,-62.01,-61.8,-61.52,-61.42,-61.52,-61.27,-61.02,-60.93,-60.77,-60.71,-60.65,-60.43,-60.4,-60.37,-60.34,-60.12,-60.06,-59.96,-59.75,-59.84,-59.56,-59.5,-59.31,-59.22,-59.09,-59.0,-58.69,-58.84,-58.78,-58.69,-58.56,-58.38,-58.25,-58.13,-58.13,-57.94,-57.79,-57.66,-57.66,-57.54,-57.29,-57.35,-57.17,-57.1,-56.95,-56.89,-56.73,-56.67,-56.67,-56.57,-56.51,-56.45,-56.45,-56.2,-55.98,-55.95,-55.95,-55.7,-55.74,-55.52,-55.61,-55.52,-55.42,-55.36,-55.27,-55.24,-55.15,-54.99,-54.77,-54.77,-54.8,-54.68,-54.59,-54.59,-54.68,-54.37,-54.31,-54.15,-53.96,-53.96,-53.84,-53.68,-53.5,-53.34,-53.44,-53.37,-53.22,-53.0,-53.09,-52.81,-52.84,-52.81,-52.75,-52.6,-52.44,-52.47,-52.29,-52.01,-51.85,-51.6,-51.23,-51.17,-50.73,-50.67,-50.26,-49.83,-49.61,-49.18,-48.52,-47.75,-46.57,-3.48,36.0,-5.84,-37.83,-55.86,-60.62,-61.8,-61.67,-61.67,-61.27,-60.83,-60.43,-60.31,-60.06,-59.99,-59.87,-59.87,-59.93,-59.93,-60.15,-60.09,-59.99,-59.96,-59.9,-60.12,-60.06,-60.12,-60.09,-60.24,-60.09,-60.09,-60.24,-60.15,-60.27,-60.37,-60.31,-60.31,-60.49,-60.4,-60.46,-60.52,-60.49,-60.4,-60.43,-60.43,-60.55,-60.58,-60.55,-60.58,-60.55,-60.62,-60.58,-60.62,-60.8,-60.55,-60.58,-60.68,-60.62,-60.68,-60.62,-60.71,-60.62,-60.74,-60.58,-60.65,-60.58,-60.55,-60.58,-60.68,-60.65,-60.62,-60.65,-60.77,-60.74,-60.74,-60.68,-60.65,-60.43,-60.52,-60.58,-60.55,-60.58,-60.55,-60.58,-60.58,-60.58,-60.62,-60.62,-60.62,-60.46,-60.52,-60.58,-60.58,-60.46,-60.43,-60.52,-60.55,-60.55,-60.43,-60.34,-60.52,-60.49,-60.4,-60.46,-60.34,-60.49,-60.49,-60.52,-60.52,-60.43,-60.58,-60.55,-60.31,-60.49,-60.34,-60.43,-60.49,-60.49,-60.49,-60.43,-60.58,-60.49,-60.55,-60.4,-60.37,-60.49,-60.43,-60.4,-60.4,-60.4,-60.43,-60.43,-60.43,-60.37,-60.37,-60.4,-60.4,-60.34,-60.34,-60.4,-60.37,-60.31,-60.31,-60.37,-60.37,-60.24,-60.31,-60.21,-60.24,-60.18,-60.24,-60.27,-60.34,-60.12,-60.15,-60.15,-60.21,-60.24,-60.15,-60.21,-60.15,-60.06,-60.18,-60.09,-60.31,-60.24,-60.12,-60.24,-60.18,-60.24,-60.18,-60.24,-60.21,-60.18,-60.15,-60.06,-60.03,-60.06,-60.06,-60.03,-59.99,-59.96,-59.81,-59.93,-59.99,-59.87,-59.93,-59.9,-59.84,-59.75,-59.68,-59.81,-59.84,-59.78,-59.75,-59.75,-59.71,-59.65,-59.59,-59.71,-59.68,-59.65,-59.68,-59.62,-59.59,-59.65,-59.56,-59.62,-59.68,-59.59,-59.5,-59.5,-59.56,-59.56,-59.5,-59.34,-59.5,-59.4,-59.47,-59.5,-59.34,-59.37,-59.25,-59.34,-59.16,-59.19,-59.25,-59.12,-59.22,-59.19,-59.12,-59.03,-59.22,-59.16,-59.16,-59.06,-59.09,-59.12,-59.12,-59.19,-59.06,-59.19,-59.09,-59.09,-59.19,-59.12,-59.0,-59.03,-59.09,-59.06,-59.06,-59.09,-59.0,-59.03,-59.03,-59.0,-59.0,-59.06,-58.97,-58.88,-58.84,-58.94,-58.88,-58.81,-59.0,-58.88,-58.91,-58.94,-58.81,-58.88,-58.84,-58.75,-58.84,-58.81,-58.72,-58.72,-58.72,-58.63,-58.78,-58.75,-58.63,-58.66,-58.38,-58.5,-58.44,-58.35,-58.38,-58.44,-58.44,-58.32,-58.38,-58.35,-58.38,-58.32,-58.28,-58.22,-58.1,-58.28,-58.22,-58.19,-58.16,-58.28,-58.0,-58.07,-58.0,-58.1,-58.07,-58.13,-58.22,-58.13,-58.16,-58.04,-57.97,-58.1,-58.1,-57.94,-58.04,-57.88,-57.85,-57.91,-57.97,-57.94,-57.91,-58.1,-58.0,-57.94,-58.0,-57.79,-57.97,-58.04,-57.82,-57.76,-57.88,-57.79,-57.73,-57.85,-57.85,-57.76,-57.79,-57.82,-57.82,-57.79,-57.79,-57.76,-57.73,-57.85,-57.69,-57.91,-57.88,-57.88,-57.85,-57.88,-57.82,-57.85,-57.73,-57.82,-57.76,-57.88,-58.0,-57.88,-57.85,-57.88,-57.79,-57.88,-58.0,-57.85,-57.91,-57.91,-57.94,-57.91,-57.94,-57.69,-57.88,-57.91,-58.0,-58.0,-57.85,-57.85,-57.91,-57.82,-57.88,-57.94,-58.0,-57.88,-57.85,-57.88,-57.88,-57.88,-57.79,-57.94,-57.76,-57.76,-57.76,-57.66,-57.69,-57.69,-57.57,-57.76,-57.76,-57.73,-57.73,-57.73,-57.66,-57.57,-57.57,-57.66,-57.51,-57.6,-57.51,-57.63,-57.6,-57.6,-57.76,-57.79,-57.57,-57.66,-57.63,-57.63,-57.69,-57.79,-57.69,-57.69,-57.76,-57.88,-57.76,-57.69,-57.91,-57.88,-57.88,-57.69,-57.88,-57.94,-57.79,-57.91,-57.94,-58.0,-57.97,-58.0,-57.94,-58.07,-58.04,-58.13,-58.13,-58.13,-57.94,-58.13,-58.04,-58.04,-58.19,-58.28,-58.19,-58.13,-58.22,-58.19,-58.22,-58.19,-58.13,-58.28,-58.19,-58.25,-58.16,-58.19,-58.16,-58.16,-58.25,-58.22,-58.25,-58.32,-58.22,-58.38,-58.19,-58.32,-58.32,-58.19,-58.28,-58.28,-58.25,-58.28,-58.28,-58.28,-58.25,-58.19,-58.28,-58.28,-58.25,-58.22,-58.35,-58.41,-58.28,-58.32,-58.25,-58.28,-58.35,-58.32,-58.35,-58.25,-58.25,-58.22,-58.35,-58.25,-58.38,-58.32,-58.44,-58.25,-58.13,-58.16,-58.13,-58.22,-58.22,-58.32,-58.25,-58.28,-58.28,-58.32,-58.35,-58.28,-58.25,-58.22,-58.28,-58.22,-58.38,-58.35,-58.41,-58.28,-58.32,-58.28,-58.22,-58.38,-58.38,-58.32,-58.25,-58.56,-58.44,-58.6,-58.47,-58.38,-58.35,-58.35,-58.38,-58.35,-58.41,-58.35,-58.53,-58.5,-58.72,-58.5,-58.69,-58.56,-58.66,-58.56,-58.56,-58.63,-58.5,-58.63,-58.6,-58.78,-58.81,-58.66,-58.72,-58.81,-58.78,-58.88,-58.81,-58.84,-58.97,-58.75,-58.84,-58.91,-58.72,-58.84,-58.78,-58.84,-58.78,-58.84,-58.78,-58.78,-58.75,-58.78,-58.81,-58.69,-58.69,-58.69,-58.66,-58.66,-58.75,-58.84,-58.75,-58.69,-58.69,-58.63,-58.6,-58.69,-58.66,-58.75,-58.66,-58.69,-58.66,-58.84,-58.81,-58.75,-58.81,-58.84,-58.81,-58.81,-58.88,-58.81,-58.81,-58.69,-58.72,-58.81,-58.84,-58.88,-58.75,-59.03,-58.88,-59.03,-58.94,-58.97,-58.94,-58.97,-58.91,-58.81,-58.94,-59.03,-58.91,-59.03,-58.81,-58.91,-59.03,-58.94,-59.16,-59.12,-59.0,-59.12,-59.19,-59.19,-59.19,-59.19,-59.16,-59.16,-59.09,-59.09,-59.16,-59.31,-59.37,-59.25,-59.4,-59.43,-59.59,-59.59,-59.53,-59.5,-59.56,-59.43,-59.68,-59.68,-59.59,-59.65,-59.81,-59.78,-59.81,-59.78,-59.78,-59.71,-59.78,-59.81,-59.75,-59.9,-59.68,-59.78,-59.71,-59.84,-59.71,-59.81,-59.81,-59.84,-59.62,-59.65,-59.62,-59.62,-59.43,-59.56,-59.43,-59.37,-59.53,-59.53,-59.65,-59.65,-59.62,-59.53,-59.43,-59.59,-59.62,-59.65,-59.65,-59.68,-59.62,-59.56,-59.65,-59.62,-59.68,-59.62,-59.81,-59.75,-59.78,-59.93,-59.84,-59.84,-59.93,-59.93,-59.84,-59.96,-59.93,-59.93,-59.87,-59.96,-59.84,-59.87,-60.03,-59.93,-59.96,-59.99,-60.03,-59.9,-59.96,-59.96,-59.93,-59.96,-60.03,-60.06,-59.99,-59.99,-59.99,-60.12,-60.09,-59.99,-60.06,-60.09,-60.12,-60.18,-59.99,-59.99,-60.09,-60.21,-60.12,-60.03,-60.12,-60.12,-60.18,-60.15,-60.15,-60.4,-60.21,-60.24,-60.24,-60.34,-60.31,-60.31,-60.37,-60.37,-60.34,-60.49,-60.52,-60.43,-60.52,-60.62,-60.55,-60.46,-60.43,-60.46,-60.52,-60.58,-60.49,-60.55,-60.55,-60.55,-60.55,-60.49,-60.52,-60.58,-60.52,-60.65,-60.55,-60.58,-60.55,-60.46,-60.68,-60.52,-60.52,-60.43,-60.58,-60.62,-60.62,-60.52,-60.71,-60.55,-60.58,-60.62,-60.52,-60.58,-60.62,-60.74,-60.86,-60.8,-60.71,-60.65,-60.77,-60.68,-60.77,-60.68,-60.71,-60.77,-60.74,-60.74,-60.71,-60.8,-60.68,-60.71,-60.8,-60.71,-60.77,-60.8,-60.68,-60.74,-60.83,-60.8,-60.62,-60.83,-60.86,-60.9,-60.74,-60.86,-60.77,-60.83,-60.8,-60.86,-60.93,-61.05,-60.96,-60.9,-60.9,-61.05,-61.02,-61.11,-60.99,-61.02,-61.02,-61.11,-61.02,-60.96,-61.05,-61.24,-61.18,-61.11,-61.14,-61.27,-61.3,-61.14,-61.11,-61.11,-61.14,-61.27,-61.24,-61.14,-61.18,-61.11,-61.3,-61.14,-61.24,-61.21,-61.18,-61.24,-61.18,-61.14,-61.3,-61.14,-61.21,-61.18,-61.11,-61.3,-61.27,-61.14,-61.21,-61.3,-61.36,-61.14,-61.18,-61.27,-61.21,-61.24,-61.3,-61.27,-61.21,-61.18,-61.36,-61.18,-61.33,-61.14,-61.18,-61.24,-61.18,-61.18,-61.18,-61.11,-61.36,-61.27,-61.42,-61.42,-61.39,-61.27,-61.33,-61.42,-61.3,-61.42,-61.39,-61.39,-61.42,-61.36,-61.3,-61.46,-61.36,-61.52,-61.36,-61.42,-61.42,-61.33,-61.49,-61.39,-61.52,-61.24,-61.39,-61.39,-61.49,-61.55,-61.55,-61.49,-61.61,-61.58,-61.61,-61.42,-61.46,-61.39,-61.36,-61.46,-61.42,-61.46,-61.49,-61.42,-61.42,-61.55,-61.52,-61.58,-61.52,-61.61,-61.64,-61.58,-61.61,-61.52,-61.52,-61.64,-61.58,-61.58,-61.52,-61.42,-61.55,-61.64,-61.55,-61.61,-61.61,-61.61,-61.58,-61.55,-61.74,-61.77,-61.7,-61.55,-61.7,-61.64,-61.55,-61.64,-61.55,-61.64,-61.67,-61.49,-61.64,-61.64,-61.58,-61.55,-61.58,-61.52,-61.52,-61.58,-61.36,-61.39,-61.39,-61.49,-61.36,-61.52,-61.3,-61.58,-61.58,-61.46,-61.42,-61.49,-61.49,-61.52,-61.39,-61.52,-61.46,-61.49,-61.58,-61.33,-61.52,-61.58,-61.58,-61.58,-61.61,-61.7,-61.49,-61.55,-61.42,-61.58,-61.61,-61.64,-61.67,-61.36,-61.61,-61.46,-61.39,-61.58,-61.52,-61.49,-61.55,-61.67,-61.58,-61.55,-61.55,-61.55,-61.49,-61.39,-61.42,-61.39,-61.39,-61.49,-61.33,-61.42,-61.42,-61.49,-61.52,-61.39,-61.52,-61.55,-61.61,-61.55,-61.49,-61.61,-61.61,-61.55,-61.67,-61.7,-61.67,-61.64,-61.61,-61.67,-61.61,-61.8,-61.52,-61.67,-61.7,-61.67,-61.7,-61.7,-61.77,-61.7,-61.61,-61.7,-61.61,-61.61,-61.7,-61.64,-61.74,-61.61,-61.61,-61.64,-61.61,-61.49,-61.64,-61.67,-61.61,-61.64,-61.49,-61.49,-61.42,-61.42,-61.64,-61.55,-61.46,-61.61,-61.58,-61.58,-61.61,-61.55,-61.64,-61.61,-61.55,-61.61,-61.58,-61.61,-61.64,-61.61,-61.7,-61.52,-61.61,-61.52,-61.49,-61.49,-61.61,-61.39,-61.42,-61.52,-61.58,-61.61,-61.58,-61.58,-61.64,-61.42,-61.42,-61.42,-61.52,-61.55,-61.55,-61.33,-61.49,-61.55,-61.55,-61.46,-61.52,-61.61,-61.64,-61.52,-61.64,-61.52,-61.58,-61.61,-61.55,-61.64,-61.52,-61.64,-61.61,-61.64,-61.52,-61.55,-61.61,-61.7,-61.64,-61.64,-61.7,-61.64,-61.7,-61.58,-61.64,-61.64,-61.77,-61.7,-61.86,-61.77,-61.8,-61.7,-61.64,-61.7,-61.74,-61.74,-61.67,-61.77,-61.61,-61.7,-61.67,-61.74,-61.58,-61.52,-61.7,-61.64,-61.67,-61.58,-61.67,-61.55,-61.61,-61.61,-61.61,-61.42,-61.61,-61.55,-61.61,-61.7,-61.61,-61.67,-61.67,-61.58,-61.8,-61.61,-61.64,-61.67,-61.7,-61.58,-61.58,-61.7,-61.74,-61.74,-61.61,-61.7,-61.7,-61.67,-61.7,-61.77,-61.7,-61.8,-61.74,-61.7,-61.77,-61.8,-61.98,-61.8,-61.8,-61.92,-61.89,-61.74,-61.86,-61.8,-61.83,-61.86,-61.92,-61.8,-61.92,-61.83,-61.83,-61.92,-61.74,-61.77,-61.8,-61.89,-61.86,-61.86,-61.8,-61.83,-61.77,-61.77,-61.98,-61.86,-62.05,-62.08,-61.98,-61.8,-62.05,-61.92,-62.08,-62.11,-61.98,-62.08,-62.2,-62.2,-62.08,-62.14,-62.11,-62.2,-62.17,-62.08,-62.17,-62.17,-62.11,-62.2,-62.2,-62.17,-62.2,-62.11,-62.17,-62.14,-62.14,-62.26,-62.23,-62.08,-62.23,-62.26,-62.26,-62.26,-62.08,-62.23,-62.29,-62.26,-62.17,-62.2,-62.14,-62.11,-62.11,-62.05,-62.14,-62.17,-62.05,-62.11,-62.23,-62.2,-62.17,-62.23,-62.23,-62.11,-62.17,-62.26,-62.14,-62.08,-62.2,-62.11,-62.08,-62.08,-62.2,-62.01,-62.08,-62.11,-61.98,-61.95,-62.08,-61.89,-62.11,-62.05,-62.2,-62.08,-62.08,-62.08,-62.01,-62.05,-62.01,-62.08,-62.01,-62.01,-62.08,-61.98,-61.98,-62.05,-61.98,-62.08,-62.05,-62.14,-62.05,-61.98,-62.01,-62.01,-62.08,-62.11,-62.11,-62.01,-62.08,-61.98,-62.08,-62.17,-62.05,-62.05,-62.01,-62.01,-62.01,-62.17,-62.14,-62.2,-62.17,-62.11,-62.11,-62.08,-62.01,-62.2,-62.05,-62.01,-62.23,-62.11,-62.2,-62.11,-62.29,-62.14,-62.17,-62.26,-62.05,-62.23,-62.08,-62.23,-62.01,-62.08,-62.17,-62.11,-62.05,-62.05,-62.05,-61.98,-61.89,-62.05,-62.05,-62.14,-61.92,-62.05,-61.95,-61.95,-62.01,-61.92,-61.92,-62.08,-62.05,-62.08,-61.92,-62.05,-61.89,-61.92,-61.83,-62.08,-61.89,-61.92,-61.98,-61.89,-61.89,-61.89,-62.11,-61.74,-61.77,-61.86,-61.83,-61.83,-61.89,-61.86,-61.83,-61.83,-61.67,-61.77,-61.83,-61.77,-61.8,-61.74,-61.74,-61.77,-61.8,-61.86,-61.86,-61.74,-61.67,-61.83,-61.8,-61.8,-61.74,-61.74,-61.8,-61.7,-61.74,-61.64,-61.77,-61.92,-61.86,-61.89,-61.83,-61.74,-61.8,-61.74,-61.92,-61.83,-61.98,-62.01,-61.92,-61.92,-61.95,-61.89,-62.01,-61.92,-61.98,-61.98,-61.98,-61.89,-61.86,-61.92,-62.11,-61.95,-61.77,-61.92,-61.89,-61.89
Sweep_5,-25.0,-62.92,-62.89,-63.01,-62.79,-62.79,-62.7,-62.92,-62.79,-62.82,-62.7,-62.73,-62.85,-62.82,-62.79,-62.76,-62.85,-62.67,-62.73,-62.7,-62.61,-62.67,-62.79,-62.82,-62.61,-62.76,-62.64,-62.57,-62.64,-62.64,-62.54,-62.54,-62.67,-62.64,-62.64,-62.61,-62.67,-62.57,-62.73,-62.7,-62.82,-62.7,-62.73,-62.79,-62.79,-62.7,-62.61,-62.64,-62.67,-62.57,-62.79,-62.7,-62.79,-62.76,-62.73,-62.67,-62.73,-62.7,-62.64,-62.82,-62.67,-62.7,-62.7,-62.82,-62.85,-62.79,-62.73,-62.73,-62.73,-62.73,-62.76,-62.79,-62.73,-62.98,-62.95,-62.82,-62.7,-62.85,-62.79,-62.73,-62.92,-62.73,-62.82,-62.79,-62.98,-63.04,-62.85,-62.98,-62.82,-62.85,-63.01,-62.85,-62.92,-63.01,-63.01,-62.95,-62.85,-63.01,-63.17,-63.07,-62.92,-62.7,-62.82,-62.95,-62.98,-62.82,-62.73,-62.76,-62.89,-62.76,-62.64,-62.85,-62.73,-62.73,-62.73,-62.79,-62.92,-62.85,-62.76,-62.79,-62.76,-62.79,-62.61,-62.67,-62.64,-62.67,-62.64,-62.61,-62.64,-62.73,-62.61,-62.79,-62.73,-62.85,-62.67,-62.73,-62.76,-62.67,-62.67,-62.67,-62.73,-62.64,-62.76,-62.79,-62.7,-62.51,-62.54,-62.64,-62.64,-62.51,-62.7,-62.61,-62.7,-62.57,-62.57,-62.61,-62.7,-62.54,-62.7,-62.61,-62.7,-62.61,-62.7,-62.76,-62.57,-62.61,-62.61,-62.67,-62.73,-62.48,-62.64,-62.67,-62.54,-62.64,-62.73,-62.61,-62.54,-62.51,-62.54,-62.64,-62.57,-62.61,-62.61,-62.61,-62.64,-62.61,-62.67,-62.67,-62.73,-62.67,-62.76,-62.61,-62.48,-62.67,-62.61,-62.7,-62.61,-62.7,-62.79,-62.73,-62.76,-62.67,-62.73,-62.79,-62.79,-62.79,-62.7,-62.79,-62.61,-62.67,-62.57,-62.7,-62.64,-62.7,-62.64,-62.67,-62.64,-62.67,-62.54,-62.57,-62.54,-62.67,-62.51,-62.57,-62.61,-62.57,-62.64,-62.57,-62.64,-62.61,-62.61,-62.61,-62.57,-62.61,-62.57,-62.61,-62.57,-62.54,-62.64,-62.64,-62.51,-62.54,-62.64,-62.7,-62.67,-62.7,-62.64,-62.51,-62.64,-62.57,-62.51,-62.51,-62.51,-62.51,-62.76,-62.57,-62.48,-62.51,-62.54,-62.54,-62.45,-62.51,-62.54,-62.51,-62.42,-62.54,-62.48,-62.51,-62.51,-62.51,-62.42,-62.54,-62.42,-62.64,-62.54,-62.61,-62.54,-62.57,-62.51,-62.54,-62.48,-62.54,-62.39,-62.54,-62.51,-62.54,-62.57,-62.61,-62.51,-62.51,-62.61,-62.54,-62.61,-62.54,-62.42,-62.61,-62.67,-62.42,-62.57,-62.51,-62.54,-62.51,-62.42,-62.57,-62.64,-62.51,-62.57,-62.51,-62.64,-62.51,-62.36,-62.39,-62.54,-62.48,-62.39,-62.57,-62.42,-62.45,-62.42,-62.51,-62.54,-62.57,-62.42,-62.42,-62.54,-62.42,-62.57,-62.39,-62.51,-62.51,-62.42,-62.48,-62.48,-62.51,-62.54,-62.42,-62.39,-62.54,-62.48,-62.48,-62.51,-62.54,-62.54,-62.51,-62.51,-62.39,-62.51,-62.54,-62.42,-62.48,-62.51,-62.42,-62.36,-62.51,-62.39,-62.42,-62.48,-62.42,-62.42,-62.45,-62.54,-62.48,-62.51,-62.51,-62.67,-62.64,-62.51,-62.42,-62.57,-62.48,-62.54,-62.36,-62.51,-62.39,-62.39,-62.54,-62.48,-62.57,-62.76,-63.1,-63.2,-63.23,-63.35,-63.41,-63.66,-63.88,-63.91,-64.07,-64.13,-64.13,-64.41,-64.32,-64.32,-64.63,-64.5,-64.69,-64.75,-64.81,-65.06,-65.15,-64.94,-65.19,-65.22,-65.31,-65.37,-65.53,-65.53,-65.65,-65.59,-65.65,-65.71,-65.81,-65.78,-65.87,-65.99,-65.99,-66.06,-66.15,-66.37,-66.24,-66.34,-66.37,-66.46,-66.49,-66.49,-66.55,-66.62,-66.77,-66.62,-66.74,-66.9,-66.96,-66.86,-67.02,-67.02,-67.24,-67.11,-67.24,-67.11,-67.27,-67.39,-67.42,-67.33,-67.49,-67.67,-67.52,-67.67,-67.77,-67.73,-67.73,-67.67,-67.67,-67.77,-67.7,-67.89,-67.89,-68.01,-68.11,-67.98,-68.01,-68.17,-68.11,-68.29,-68.23,-68.2,-68.36,-68.29,-68.33,-68.36,-68.42,-68.45,-68.45,-68.39,-68.6,-68.64,-68.54,-68.64,-68.57,-68.64,-68.64,-68.7,-68.79,-68.7,-68.92,-68.79,-68.85,-68.79,-68.88,-68.95,-69.07,-69.07,-69.07,-68.98,-69.1,-69.13,-69.2,-69.29,-69.2,-69.16,-69.26,-69.2,-69.23,-69.29,-69.29,-69.2,-69.29,-69.23,-69.2,-69.48,-69.29,-69.35,-69.35,-69.35,-69.29,-69.41,-69.32,-69.48,-69.48,-69.35,-69.51,-69.57,-69.48,-69.57,-69.44,-69.44,-69.44,-69.44,-69.51,-69.51,-69.48,-69.6,-69.6,-69.54,-69.69,-69.57,-69.63,-69.6,-69.79,-69.69,-69.69,-69.69,-69.85,-69.79,-69.82,-69.69,-69.76,-69.76,-69.79,-69.94,-69.79,-69.85,-69.82,-69.85,-69.97,-69.85,-69.82,-69.91,-69.82,-69.88,-69.94,-69.85,-69.97,-69.97,-70.03,-70.0,-69.79,-69.97,-69.82,-69.88,-70.0,-70.1,-70.0,-70.0,-70.03,-69.97,-70.13,-70.03,-69.94,-70.13,-70.16,-69.94,-70.07,-70.1,-70.13,-70.13,-69.97,-70.13,-70.1,-70.13,-70.13,-70.07,-70.13,-70.1,-70.13,-70.19,-70.22,-70.13,-70.16,-70.13,-70.13,-70.25,-70.13,-70.13,-70.07,-70.22,-70.13,-70.22,-70.16,-70.16,-70.1,-70.13,-70.16,-70.03,-70.07,-70.03,-69.97,-70.13,-70.16,-70.03,-70.16,-70.16,-70.1,-70.07,-70.03,-70.28,-70.03,-69.97,-70.1,-70.13,-70.1,-69.97,-70.03,-70.16,-69.94,-70.0,-70.0,-69.85,-70.0,-69.97,-69.79,-69.88,-69.91,-70.0,-69.85,-69.97,-69.88,-69.94,-69.94,-69.85,-69.88,-70.0,-70.1,-70.07,-69.94,-70.07,-70.03,-70.03,-70.03,-69.91,-69.85,-70.1,-69.97,-70.0,-70.0,-69.94,-70.03,-69.94,-70.0,-70.03,-70.03,-70.03,-70.1,-70.0,-70.03,-69.94,-70.03,-70.03,-69.94,-69.94,-69.88,-69.88,-69.97,-70.0,-70.0,-69.94,-70.07,-69.88,-69.97,-70.03,-70.0,-70.07,-70.07,-70.07,-70.1,-70.03,-70.03,-70.07,-70.0,-70.0,-69.97,-70.13,-70.07,-70.13,-70.1,-70.03,-70.1,-70.13,-70.16,-70.16,-70.16,-70.07,-70.1,-70.19,-70.07,-70.1,-70.1,-70.25,-70.13,-70.13,-70.03,-70.07,-70.13,-70.16,-69.97,-70.1,-70.0,-70.03,-70.07,-70.1,-70.16,-69.91,-69.97,-70.07,-70.16,-70.13,-70.1,-70.19,-69.97,-69.94,-70.0,-70.07,-70.03,-70.16,-70.0,-69.94,-69.88,-69.97,-69.91,-69.94,-70.03,-69.82,-70.0,-70.07,-70.03,-69.97,-69.91,-69.82,-69.82,-69.82,-69.79,-69.79,-69.79,-69.79,-69.85,-69.79,-69.76,-69.85,-69.88,-69.88,-69.79,-69.97,-69.94,-69.79,-69.82,-69.97,-69.94,-69.82,-69.88,-69.82,-69.79,-69.79,-69.91,-69.82,-69.76,-69.76,-69.88,-69.85,-69.82,-69.82,-69.79,-69.82,-69.69,-69.6,-69.66,-69.69,-69.63,-69.48,-69.76,-69.76,-69.69,-69.63,-69.54,-69.51,-69.54,-69.63,-69.63,-69.6,-69.54,-69.63,-69.51,-69.48,-69.54,-69.41,-69.48,-69.51,-69.54,-69.44,-69.48,-69.38,-69.29,-69.29,-69.48,-69.32,-69.38,-69.32,-69.35,-69.35,-69.35,-69.32,-69.35,-69.32,-69.16,-69.26,-69.32,-69.26,-69.26,-69.2,-69.32,-69.26,-69.29,-69.16,-69.16,-69.2,-69.29,-69.13,-69.16,-69.04,-69.23,-69.07,-69.01,-69.07,-69.13,-69.01,-68.98,-69.04,-69.04,-69.07,-69.04,-69.07,-68.98,-69.04,-68.98,-68.92,-69.01,-68.88,-69.07,-68.98,-69.01,-68.95,-68.98,-68.88,-68.92,-68.88,-68.76,-68.76,-68.82,-68.82,-68.88,-68.88,-68.82,-68.85,-68.82,-68.76,-68.82,-68.79,-68.85,-68.82,-68.95,-68.82,-68.7,-68.7,-68.82,-68.76,-68.79,-68.92,-68.88,-68.79,-68.85,-68.76,-68.67,-68.79,-68.7,-68.76,-68.6,-68.73,-68.76,-68.85,-68.73,-68.67,-68.79,-68.6,-68.6,-68.64,-68.67,-68.7,-68.51,-68.64,-68.64,-68.57,-68.6,-68.54,-68.54,-68.57,-68.48,-68.51,-68.48,-68.48,-68.48,-68.48,-68.39,-68.48,-68.39,-68.51,-68.45,-68.54,-68.33,-68.51,-68.48,-68.26,-68.39,-68.51,-68.33,-68.48,-68.45,-68.42,-68.48,-68.33,-68.36,-68.33,-68.36,-68.29,-68.29,-68.26,-68.29,-68.39,-68.45,-68.26,-68.33,-68.33,-68.42,-68.26,-68.26,-68.2,-68.36,-68.33,-68.2,-68.2,-68.23,-68.29,-68.26,-68.29,-68.26,-68.26,-68.29,-68.23,-68.2,-68.08,-68.2,-68.11,-68.14,-68.2,-68.14,-68.17,-68.2,-68.23,-68.23,-68.29,-68.14,-68.17,-68.2,-68.23,-68.14,-68.26,-68.17,-68.2,-68.2,-68.26,-68.01,-68.11,-68.14,-68.17,-68.14,-68.26,-68.2,-68.11,-68.08,-68.08,-68.2,-67.95,-68.01,-68.11,-68.08,-68.01,-67.95,-67.98,-68.01,-67.86,-67.89,-67.98,-67.73,-67.89,-67.89,-67.89,-67.92,-67.89,-67.7,-67.8,-67.86,-67.77,-67.83,-67.77,-67.8,-67.89,-67.73,-67.77,-67.86,-67.77,-67.89,-67.86,-67.89,-67.89,-67.86,-67.83,-67.77,-67.77,-67.7,-67.7,-67.86,-67.8,-67.64,-67.77,-67.8,-67.98,-67.8,-67.92,-67.67,-67.8,-67.92,-67.73,-67.8,-67.92,-67.73,-67.77,-67.98,-67.83,-67.77,-67.8,-67.73,-67.86,-67.8,-67.7,-67.64,-67.67,-67.8,-67.67,-67.7,-67.83,-67.86,-67.73,-67.83,-67.77,-67.73,-67.77,-67.8,-67.8,-67.67,-67.77,-67.77,-67.67,-67.7,-67.7,-67.61,-67.67,-67.7,-67.7,-67.8,-67.58,-67.7,-67.67,-67.7,-67.58,-67.64,-67.67,-67.83,-67.58,-67.61,-67.55,-67.67,-67.58,-67.86,-67.67,-67.7,-67.67,-67.39,-67.61,-67.58,-67.67,-67.55,-67.64,-67.73,-67.58,-67.61,-67.64,-67.39,-67.58,-67.55,-67.61,-67.77,-67.67,-67.52,-67.61,-67.49,-67.55,-67.55,-67.55,-67.55,-67.49,-67.52,-67.52,-67.39,-67.55,-67.42,-67.42,-67.33,-67.39,-67.39,-67.49,-67.49,-67.73,-67.55,-67.49,-67.52,-67.55,-67.55,-67.45,-67.52,-67.49,-67.55,-67.3,-67.39,-67.45,-67.42,-67.39,-67.42,-67.45,-67.33,-67.42,-67.39,-67.52,-67.39,-67.45,-67.39,-67.52,-67.33,-67.39,-67.27,-67.45,-67.36,-67.45,-67.39,-67.49,-67.39,-67.49,-67.39,-67.45,-67.45,-67.45,-67.42,-67.39,-67.36,-67.39,-67.49,-67.39,-67.36,-67.42,-67.61,-67.36,-67.39,-67.27,-67.27,-67.33,-67.55,-67.52,-67.39,-67.42,-67.39,-67.42,-67.49,-67.39,-67.52,-67.39,-67.42,-67.36,-67.39,-67.49,-67.45,-67.45,-67.3,-67.45,-67.36,-67.39,-67.42,-67.42,-67.33,-67.33,-67.42,-67.36,-67.33,-67.27,-67.36,-67.27,-67.39,-67.36,-67.39,-67.42,-67.49,-67.49,-67.42,-67.49,-67.33,-67.33,-67.39,-67.42,-67.45,-67.3,-67.33,-67.24,-67.36,-67.3,-67.42,-67.33,-67.27,-67.49,-67.33,-67.3,-67.33,-67.27,-67.24,-67.24,-67.24,-67.21,-67.33,-67.24,-67.24,-67.14,-67.11,-67.3,-67.11,-67.3,-67.27,-67.33,-67.33,-67.24,-67.27,-67.24,-67.18,-67.3,-67.21,-67.3,-67.21,-67.14,-67.21,-67.21,-67.21,-67.27,-67.21,-67.24,-67.3,-67.24,-67.18,-67.24,-67.3,-67.24,-67.14,-67.18,-67.24,-67.14,-67.24,-67.24,-67.27,-67.3,-67.18,-67.27,-67.14,-67.21,-67.21,-67.21,-67.3,-67.18,-67.14,-67.18,-67.05,-67.27,-67.21,-67.08,-67.18,-67.14,-67.11,-67.14,-67.18,-67.05,-67.05,-67.05,-66.96,-66.99,-67.14,-66.99,-67.05,-66.99,-67.02,-67.05,-66.9,-66.96,-67.02,-67.05,-67.02,-66.96,-66.9,-66.86,-66.99,-67.11,-66.99,-66.99,-66.9,-66.83,-66.71,-66.86,-66.96,-66.9,-66.86,-66.99,-66.83,-66.9,-66.83,-66.83,-66.8,-66.8,-66.8,-66.77,-66.83,-66.86,-66.83,-66.96,-66.86,-66.77,-66.83,-66.83,-66.9,-66.93,-66.83,-66.83,-66.86,-66.93,-66.8,-66.83,-66.8,-66.86,-66.74,-66.71,-66.8,-66.83,-66.8,-66.83,-66.9,-66.8,-66.9,-66.9,-67.05,-66.99,-66.86,-66.86,-66.93,-66.96,-66.96,-66.9,-66.8,-67.02,-66.86,-66.83,-66.83,-66.77,-66.74,-66.74,-66.83,-66.8,-66.83,-66.68,-66.8,-66.8,-66.71,-66.77,-66.9,-66.68,-66.83,-66.68,-66.71,-66.71,-66.65,-66.77,-66.8,-66.74,-66.68,-66.62,-66.55,-66.62,-66.52,-66.62,-66.52,-66.55,-66.58,-66.52,-66.55,-66.65,-66.65,-66.55,-66.58,-66.52,-66.58,-66.55,-66.52,-66.65,-66.77,-66.62,-66.49,-66.55,-66.58,-66.62,-66.65,-66.4,-66.62,-66.65,-66.55,-66.62,-66.58,-66.52,-66.58,-66.52,-66.62,-66.65,-66.58,-66.52,-66.74,-66.65,-66.68,-66.8,-66.68,-66.65,-66.68,-66.65,-66.74,-66.68,-66.55,-66.68,-66.62,-66.65,-66.58,-66.52,-66.65,-66.58,-66.58,-66.71,-66.71,-66.65,-66.52,-66.65,-66.77,-66.77,-66.71,-66.74,-66.65,-66.8,-66.74,-66.74,-66.74,-66.8,-66.65,-66.9,-66.65,-66.71,-66.77,-66.68,-66.68,-66.74,-66.8,-66.74,-66.77,-66.77,-66.71,-66.62,-66.71,-66.71,-66.74,-66.77,-66.8,-66.83,-66.8,-66.65,-66.68,-66.83,-66.74,-66.77,-66.74,-66.55,-66.62,-66.74,-66.68,-66.71,-66.62,-66.71,-66.65,-66.62,-66.62,-66.71,-66.74,-66.77,-66.71,-66.55,-66.68,-66.68,-66.74,-66.58,-66.55,-66.55,-66.74,-66.68,-66.68,-66.58,-66.62,-66.62,-66.55,-66.58,-66.55,-66.65,-66.62,-66.62,-66.55,-66.62,-66.58,-66.55,-66.49,-66.68,-66.58,-66.55,-66.71,-66.68,-66.46,-66.52,-66.58,-66.52,-66.52,-66.58,-66.74,-66.71,-66.68,-66.86,-66.68,-66.58,-66.68,-66.65,-66.74,-66.71,-66.62,-66.65,-66.71,-66.77,-66.77,-66.77,-66.9,-66.86,-66.83,-66.93,-66.83,-66.65,-66.8,-66.8,-66.8,-66.77,-66.8,-66.96,-66.8,-66.8,-66.83,-66.86,-66.74,-66.71,-66.9,-66.83,-66.8,-66.77,-66.71,-66.77,-66.77,-66.77,-66.65,-66.8,-66.77,-66.74,-66.77,-66.8,-66.74,-66.8,-66.74,-66.77,-66.8,-66.68,-66.68,-66.62,-66.71,-66.74,-66.77,-66.74,-66.71,-66.77,-66.86,-66.74,-66.8,-66.8,-66.86,-66.77,-66.86,-66.9,-66.83,-66.86,-66.83,-66.8,-66.9,-66.83,-66.9,-66.83,-66.77,-66.8,-66.9,-66.83,-66.9,-66.83,-66.83,-66.8,-66.83,-67.05,-66.77,-67.05,-66.9,-67.02,-66.93,-66.9,-66.96,-66.77,-66.93,-66.99,-66.99,-66.96,-66.9,-66.9,-66.8,-67.05,-66.86,-66.99,-67.02,-67.02,-67.05,-67.02,-67.02,-66.96,-67.05,-66.93,-67.08,-66.96,-66.96,-66.96,-66.99,-66.99,-66.99,-67.05,-67.11,-67.08,-67.05,-66.96,-67.05,-67.02,-67.05,-67.11,-67.02,-67.11,-66.93,-67.08,-66.99,-66.99,-67.08,-67.08,-66.9,-67.08,-66.96,-66.83,-66.77,-66.99,-66.93,-66.86,-66.74,-66.83,-66.8,-66.83,-66.86,-66.83,-66.83,-66.86,-66.8,-66.86,-66.74,-66.9,-66.86,-66.74,-66.77,-66.77,-66.83,-66.68,-66.77,-66.62,-66.77,-66.74,-66.77,-66.71,-66.74,-66.9,-66.9,-66.77,-66.74,-66.71,-66.77,-66.83,-66.96,-66.74,-66.58,-66.83,-66.86,-66.8,-66.9,-66.8,-66.8,-66.9,-66.83,-66.86,-66.83,-66.9,-66.8,-66.83,-66.74,-66.68,-66.77,-66.77,-66.8,-66.86,-66.83,-66.93,-66.77,-66.77,-66.86,-66.93,-66.77,-66.8,-66.71,-66.77,-66.74,-66.93,-66.77,-66.9,-66.96,-66.74,-66.86,-66.96,-66.9,-66.96,-66.83,-66.9,-66.99,-66.83,-66.99,-66.83,-66.86,-67.05,-66.9,-66.9,-66.86,-66.9,-66.96,-66.93,-66.99,-66.93,-66.86,-66.99,-66.9,-66.9,-66.9,-66.86,-66.99,-66.83,-66.99,-66.99,-66.8,-66.8,-66.9,-66.77,-66.9,-66.99,-66.83,-66.86,-66.86,-66.68,-66.77,-66.83,-66.71,-66.77,-66.8,-66.77,-66.77,-66.65,-66.83,-66.71,-66.71,-66.65,-66.71,-66.62,-66.65,-66.65,-66.52,-66.52,-66.52,-66.68,-66.62,-66.58,-66.58,-66.74,-66.68,-66.71,-66.65,-66.71,-66.74,-66.62,-66.71,-66.74,-66.74,-66.68,-66.62,-66.68,-66.65,-66.68,-66.71,-66.68,-66.71,-66.55,-66.58,-66.74,-66.8,-66.58,-66.71,-66.68,-66.68,-66.62,-66.71,-66.62,-66.65,-66.62,-66.8,-66.71,-66.74,-66.65,-66.74,-66.71,-66.74,-66.8,-66.55,-66.71,-66.74,-66.62,-66.9,-66.9,-66.77,-66.83,-66.68,-66.65,-66.9,-66.9,-66.77,-66.74,-66.86,-66.86,-66.86,-66.71,-66.83,-66.83,-66.83,-66.8,-66.68,-66.68,-66.74,-66.74,-66.74,-66.74,-66.58,-66.71,-66.65,-66.62,-66.68,-66.68,-66.58,-66.71,-66.58,-66.46,-66.58,-66.49,-66.62,-66.58,-66.52,-66.49,-66.52,-66.4,-66.4,-66.49,-66.52,-66.62,-66.4,-66.46,-66.46,-66.58,-66.49,-66.34,-66.4,-66.37,-66.49,-66.4,-66.46,-66.46,-66.4,-66.4,-66.37,-66.49,-66.55,-66.49,-66.55,-66.58,-66.49,-66.52,-66.62,-66.52,-66.58,-66.49,-66.62,-66.58,-66.52,-66.65,-66.65,-66.52,-66.4,-66.46,-66.62,-66.62,-66.58,-66.55,-66.62,-66.55,-66.58,-66.52,-66.62,-66.52,-66.52,-66.55,-66.49,-66.58,-66.58,-66.52,-66.4,-66.55,-66.58,-66.58,-66.62,-66.68,-66.65,-66.58,-66.49,-66.4,-66.62,-66.58,-66.49,-66.49,-66.62,-66.52,-66.49,-66.55,-66.49,-66.49,-66.52,-66.58,-66.52,-66.52,-66.49,-66.55,-66.58,-66.55,-66.46,-66.55,-66.46,-66.4,-66.34,-66.4,-66.4,-66.46,-66.37,-66.27,-66.34,-66.4,-66.37,-66.34,-66.37,-66.4,-66.43,-66.4,-66.37,-66.4,-66.43,-66.46,-66.52,-66.34,-66.37,-66.49,-66.46,-66.37,-66.4,-66.52,-66.65,-66.46,-66.49,-66.55,-66.55,-66.58,-66.65,-66.52,-66.65,-66.49,-66.62,-66.65,-66.62,-66.65,-66.8,-66.71,-66.74,-66.55,-66.58,-66.65,-66.65,-66.71,-66.74,-66.62,-66.68,-66.65,-66.65,-66.77,-66.68,-66.71,-66.68,-66.77,-66.55,-66.68,-66.65,-66.68,-66.77,-66.65,-66.68,-66.74,-66.77,-66.74,-66.58,-66.77,-66.55,-66.65,-66.74,-66.74,-66.74,-66.74,-66.8,-66.83,-66.74,-66.71,-66.68,-66.55,-66.71,-66.65,-66.71,-66.68,-66.68,-66.77,-66.68,-66.58,-66.62,-66.62,-66.71,-66.74,-66.68,-66.68,-66.71,-66.71,-66.77,-66.71,-66.71,-66.68,-66.71,-66.65,-66.8,-66.68,-66.62,-66.68,-66.68,-66.74,-66.68,-66.8,-66.74,-66.8,-66.74,-66.71,-66.71,-66.62,-66.71,-66.71,-66.77,-66.77,-66.74,-66.77,-66.77,-66.65,-66.71,-66.65,-66.62,-66.77,-66.74,-66.68,-66.58,-66.65,-66.68,-66.55,-66.62,-66.58,-66.58,-66.68,-66.65,-66.74,-66.74,-66.65,-66.68,-66.62,-66.71,-66.65,-66.62,-66.55,-66.65,-66.68,-66.71,-66.74,-66.65,-66.68,-66.71,-66.65,-66.68,-66.68,-66.71,-66.71,-66.62,-66.74,-66.9,-66.71,-66.83,-66.65,-66.68,-66.77,-66.68,-66.77,-66.74,-66.68,-66.65,-66.83,-66.74,-66.8,-66.71,-66.8,-66.74,-66.8,-66.77,-66.83,-66.83,-66.83,-66.77,-66.77,-66.65,-66.68,-66.8,-66.9,-66.86,-66.9,-66.93,-66.9,-66.83,-66.83,-66.93,-66.77,-66.9,-66.96,-66.8,-66.83,-66.86,-66.83,-66.96,-66.83,-66.93,-66.99,-66.99,-66.86,-66.83,-66.9,-67.02,-66.93,-66.96,-66.9,-66.9,-67.08,-67.08,-66.96,-67.05,-67.02,-67.02,-66.96,-67.05,-67.18,-67.11,-67.11,-67.05,-67.02,-67.05,-67.08,-66.99,-67.05,-66.96,-66.99,-67.02,-67.02,-67.02,-67.05,-66.9,-66.93,-66.93,-67.08,-66.99,-66.99,-66.99,-67.05,-67.08,-66.99,-67.05,-67.08,-66.93,-67.08,-67.08,-66.96,-66.9,-67.08,-67.08,-67.08,-67.11,-67.02,-66.9,-67.11,-67.02,-66.99,-67.02,-67.05,-67.08,-67.08,-67.08,-67.14,-66.96,-67.05,-67.18,-66.99,-67.05,-66.99,-67.02,-66.99,-67.05,-66.99,-66.9,-66.96,-66.8,-66.9,-66.99,-66.9,-66.86,-66.83,-66.8,-66.96,-66.9,-66.8,-67.02,-66.9,-66.86,-66.86,-66.77,-66.93,-66.86,-66.74,-66.77,-66.71,-66.77,-66.77,-66.77,-66.74,-66.74,-66.77,-66.68,-66.62,-66.74,-66.74,-66.65,-66.68,-66.68,-66.74,-66.74,-66.68,-66.71,-66.65,-66.58,-66.65,-66.65,-66.68,-66.58,-66.68,-66.68,-66.58,-66.68,-66.58,-66.65,-66.65,-66.62,-66.71,-66.65,-66.71,-66.68,-66.55,-66.62,-66.68,-66.71,-66.68,-66.68,-66.62,-66.62,-66.68,-66.62,-66.71,-66.58,-66.71,-66.65,-66.65,-66.68,-66.71,-66.65,-66.62,-66.77,-66.71,-66.77,-66.74,-66.77,-66.71,-66.77,-66.9,-66.9,-66.74,-66.77,-66.8,-66.74,-66.77,-66.96,-66.8,-66.93,-66.83,-66.99,-66.77,-66.9,-66.83,-66.86,-66.86,-67.02,-66.77,-66.8,-66.9,-66.9,-66.71,-66.8,-66.8,-66.8,-66.83,-66.71,-66.68,-66.9,-66.8,-66.77,-66.68,-66.68,-66.77,-66.74,-66.71,-66.65,-66.65,-66.68,-66.77,-66.77,-66.58,-66.71,-66.62,-66.58,-66.68,-66.62,-66.71,-66.52,-66.65,-66.58,-66.58,-66.65,-66.62,-66.62,-66.68,-66.58,-66.65,-66.58,-66.71,-66.46,-66.58,-66.52,-66.74,-66.62,-66.55,-66.62,-66.77,-66.62,-66.52,-66.65,-66.62,-66.71,-66.71,-66.62,-66.68,-66.68,-66.74,-66.68,-66.62,-66.65,-66.52,-66.71,-66.58,-66.71,-66.52,-66.55,-66.62,-66.62,-66.62,-66.62,-66.62,-66.68,-66.65,-66.68,-66.55,-66.65,-66.55,-66.71,-66.74,-66.58,-66.71,-66.77,-66.68,-66.77,-66.8,-66.77,-66.77,-66.8,-66.8,-66.99,-66.8,-66.77,-66.8,-66.93,-66.8,-66.77,-66.77,-66.8,-66.77,-66.96,-66.77,-66.62,-66.71,-66.71,-66.8,-66.74,-66.74,-66.58,-66.68,-66.58,-66.52,-66.55,-66.62,-66.68,-66.52,-66.55,-66.65,-66.55,-66.55,-66.74,-66.58,-66.62,-66.74,-66.58,-66.68,-66.62,-66.62,-66.49,-66.55,-66.46,-66.68,-66.46,-66.58,-66.58,-66.58,-66.62,-66.71,-66.49,-66.4,-66.65,-66.68,-66.71,-66.68,-66.77,-66.68,-66.58,-66.8,-66.74,-66.71,-66.65,-66.71,-66.77,-66.68,-66.86,-66.74,-66.8,-66.65,-66.74,-66.74,-66.71,-66.86,-66.83,-66.68,-66.74,-66.74,-66.8,-66.86,-66.74,-66.93,-66.74,-66.8,-66.77,-66.8,-66.65,-66.8,-66.96,-66.74,-66.9,-66.9,-66.86,-66.93,-66.96,-66.74,-66.99,-66.9,-67.02,-66.86,-66.96,-66.96,-67.02,-66.86,-66.86,-66.9,-66.77,-66.77,-66.86,-66.8,-66.8,-66.86,-66.9,-66.77,-66.71,-66.8,-66.74,-66.74,-66.71,-66.71,-66.83,-66.8,-66.8,-66.68,-66.74,-66.8,-66.65,-66.8,-66.77,-66.52,-66.68,-66.65,-66.71,-66.62,-66.65,-66.55,-66.65,-66.55,-66.62,-66.65,-66.65,-66.58,-66.58,-66.68,-66.68,-66.65,-66.71,-66.49,-66.49,-66.52,-66.49,-66.52,-66.46,-66.55,-66.52,-66.68,-66.58,-66.74,-66.58,-66.62,-66.62,-66.58,-66.74,-66.62,-66.71,-66.77,-66.65,-66.71,-66.62,-66.77,-66.68,-66.55,-66.58,-66.74,-66.68,-66.68,-66.71,-66.77,-66.74,-66.77,-66.77,-66.71,-66.77,-66.74,-66.74,-66.83,-66.9,-66.8,-66.86,-66.83,-66.86,-66.74,-66.8,-66.9,-66.9,-66.99,-66.99,-66.83,-66.77,-66.96,-66.83,-66.83,-66.86,-66.83,-66.8,-67.02,-66.93,-66.83,-66.96,-66.99,-66.9,-66.93,-66.9,-66.71,-66.86,-66.83,-66.9,-66.74,-66.8,-66.77,-66.9,-66.9,-66.93,-66.86,-66.68,-66.8,-66.8,-66.77,-66.77,-66.71,-66.68,-66.74,-66.74,-66.77,-66.71,-66.77,-66.74,-66.65,-66.74,-66.83,-66.77,-66.71,-66.8,-66.77,-66.86,-67.05,-66.74,-66.74,-66.68,-66.77,-66.86,-66.86,-66.71,-66.71,-66.86,-66.83,-66.9,-66.8,-66.77,-66.77,-66.8,-66.83,-66.83,-66.83,-66.8,-66.9,-66.86,-66.83,-66.8,-66.9,-66.9,-66.77,-66.8,-66.68,-66.86,-66.74,-66.62,-66.9,-66.77,-66.86,-66.74,-66.68,-66.83,-66.74,-66.71,-66.71,-66.74,-66.77,-66.68,-66.8,-66.71,-66.68,-66.83,-66.74,-66.68,-66.74,-66.77,-66.83,-66.58,-66.8,-66.8,-66.77,-66.77,-66.71,-66.71,-66.77,-66.68,-66.8,-66.77,-66.74,-66.65,-66.77,-66.71,-66.65,-66.65,-66.65,-66.58,-66.71,-66.65,-66.71,-66.65,-66.65,-66.58,-66.55,-66.62,-66.58,-66.74,-66.71,-66.65,-66.62,-66.46,-66.55,-66.58,-66.62,-66.68,-66.55,-66.52,-66.65,-66.65,-66.62,-66.77,-66.8,-66.68,-66.62,-66.55,-66.58,-66.62,-66.65,-66.49,-66.58,-66.65,-66.62,-66.74,-66.65,-66.55,-66.68,-66.74,-66.65,-66.77,-66.77,-66.71,-66.65,-66.62,-66.71,-66.62,-66.74,-66.74,-66.68,-66.68,-66.58,-66.52,-66.55,-66.55,-66.65,-66.71,-66.65,-66.65,-66.68,-66.68,-66.65,-66.68,-66.65,-66.71,-66.65,-66.68,-66.86,-66.77,-66.8,-66.9,-66.83,-66.9,-66.83,-66.86,-66.68,-66.77,-66.8,-66.77,-66.77,-66.8,-66.86,-66.8,-66.74,-66.86,-66.93,-66.77,-66.8,-66.77,-66.77,-66.77,-66.71,-66.77,-66.71,-66.74,-66.77,-66.71,-66.8,-66.77,-66.86,-66.77,-66.77,-66.77,-66.86,-66.68,-66.77,-66.68,-66.71,-66.71,-66.71,-66.65,-66.74,-66.71,-66.8,-66.83,-66.65,-66.71,-66.58,-66.74,-66.62,-66.65,-66.8,-66.68,-66.71,-66.68,-66.77,-66.68,-66.68,-66.58,-66.65,-66.68,-66.74,-66.71,-66.8,-66.74,-66.8,-66.71,-66.55,-66.77,-66.65,-66.58,-66.55,-66.65,-66.65,-66.65,-66.68,-66.65,-66.71,-66.71,-66.65,-66.74,-66.58,-66.58,-66.62,-66.71,-66.62,-66.8,-66.71,-66.58,-66.65,-66.77,-66.68,-66.65,-66.77,-66.62,-66.71,-66.74,-66.9,-66.77,-66.83,-66.83,-66.8,-66.8,-66.8,-66.83,-66.9,-66.93,-66.99,-66.9,-66.83,-66.99,-66.9,-66.77,-66.96,-66.93,-66.86,-66.83,-66.77,-66.83,-66.86,-66.9,-66.77,-66.86,-66.96,-66.83,-66.83,-66.8,-66.8,-66.74,-66.74,-66.77,-66.65,-66.77,-66.83,-66.9,-66.9,-66.93,-66.9,-66.86,-66.71,-66.71,-66.68,-66.71,-66.74,-66.58,-66.74,-66.71,-66.62,-66.71,-66.55,-66.74,-66.58,-66.55,-66.62,-66.58,-66.68,-66.62,-66.62,-66.55,-66.55,-66.46,-66.49,-66.58,-66.71,-66.52,-66.71,-66.65,-66.68,-66.62,-66.58,-66.52,-66.65,-66.49,-66.68,-66.62,-66.68,-66.55,-66.65,-66.68,-66.62,-66.52,-66.46,-66.62,-66.65,-66.55,-66.65,-66.58,-66.58,-66.68,-66.62,-66.83,-66.8,-66.71,-66.8,-66.58,-66.74,-66.71,-66.74,-66.74,-66.74,-66.77,-66.86,-66.86,-66.77,-66.71,-66.74,-66.8,-66.86,-66.83,-66.9,-66.83,-66.71,-66.74,-66.74,-66.74,-66.74,-66.8,-66.8,-66.9,-66.77,-66.96,-66.8,-66.77,-66.83,-66.8,-66.65,-66.83,-66.74,-66.68,-66.68,-66.68,-66.68,-66.58,-66.65,-66.71,-66.52,-66.68,-66.55,-66.65,-66.71,-66.65,-66.62,-66.58,-66.71,-66.62,-66.52,-66.77,-66.62,-66.62,-66.65,-66.58,-66.58,-66.55,-66.62,-66.62,-66.62,-66.71,-66.71,-66.62,-66.68,-66.62,-66.62,-66.62,-66.68,-66.65,-66.74,-66.58,-66.74,-66.68,-66.65,-66.65,-66.65,-66.65,-66.74,-66.77,-66.74,-66.8,-66.58,-66.71,-66.71,-66.68,-66.68,-66.83,-66.8,-66.77,-66.9,-66.71,-66.71,-66.62,-66.65,-66.65,-66.77,-66.74,-66.74,-66.68,-66.71,-66.74,-66.74,-66.74,-66.86,-66.8,-66.8,-66.86,-66.86,-66.74,-66.8,-66.83,-66.83,-66.86,-66.99,-66.9,-67.02,-66.96,-66.96,-66.99,-66.93,-66.9,-66.99,-67.08,-66.99,-66.86,-66.93,-66.9,-66.99,-66.96,-67.05,-66.86,-66.9,-66.83,-66.93,-66.83,-66.8,-66.86,-67.05,-66.86,-66.99,-66.8,-66.96,-66.96,-66.93,-66.83,-66.83,-66.99,-66.8,-66.86,-66.93,-66.9,-66.8,-66.83,-66.9,-66.96,-66.99,-66.9,-66.9,-66.74,-66.71,-66.93,-66.99,-66.9,-66.9,-66.9,-66.99,-66.9,-66.9,-66.77,-66.86,-66.96,-66.93,-66.8,-66.74,-66.83,-66.9,-66.9,-66.9,-66.96,-66.93,-66.93,-66.93,-66.9,-67.02,-66.96,-66.9,-66.96,-66.86,-67.02,-66.99,-66.99,-66.83,-66.96,-66.96,-67.05,-66.9,-66.96,-66.93,-66.96,-66.99,-66.96,-66.93,-66.96,-67.11,-66.96,-67.05,-67.02,-67.05,-67.08,-67.05,-66.99,-67.02,-67.05,-67.08,-67.02,-67.14,-67.08,-67.14,-67.05,-66.99,-67.14,-67.11,-67.05,-67.05,-67.11,-67.11,-67.18,-67.14,-67.14,-67.05,-67.05,-67.02,-67.02,-66.99,-67.02,-67.08,-67.02,-67.05,-66.96,-66.96,-66.99,-67.05,-67.08,-67.08,-66.99,-66.9,-67.02,-67.11,-67.05,-67.05,-67.11,-67.08,-67.05,-67.02,-66.96,-66.96,-66.96,-67.02,-67.11,-67.02,-67.05,-66.93,-66.96,-66.99,-67.08,-67.05,-67.08,-67.08,-66.99,-67.08,-66.99,-67.24,-67.14,-67.02,-67.08,-67.05,-67.14,-66.96,-66.99,-67.08,-67.11,-67.11,-67.08,-67.05,-67.08,-67.05,-67.18,-67.08,-67.14,-67.27,-67.14,-67.08,-67.24,-67.11,-67.05,-67.18,-67.05,-67.11,-67.14,-67.11,-67.21,-67.14,-67.18,-67.18,-67.11,-67.18,-67.21,-67.3,-67.27,-67.18,-67.39,-67.21,-67.3,-67.24,-67.3,-67.27,-67.14,-67.24,-67.24,-67.27,-67.14,-67.18,-67.24,-67.3,-67.21,-67.14,-67.27,-67.18,-67.3,-67.02,-67.14,-67.11,-67.05,-67.11,-67.05,-67.14,-67.08,-67.02,-67.11,-67.02,-67.08,-67.05,-67.08,-67.05,-67.02,-66.83,-66.93,-66.99,-67.02,-66.99,-66.8,-66.9,-66.9,-66.86,-66.99,-66.8,-66.86,-66.99,-66.99,-66.93,-66.99,-66.9,-66.93,-66.9,-66.9,-66.99,-66.86,-66.86,-67.08,-66.83,-66.93,-66.96,-66.86,-66.99,-66.99,-66.9,-66.96,-66.96,-66.99,-66.96,-66.9,-66.86,-66.83,-66.8,-66.83,-66.86,-66.86,-66.86,-66.9,-66.86,-66.93,-66.9,-66.8,-66.9,-66.8,-66.9,-66.86,-66.74,-66.71,-66.77,-66.83,-66.8,-66.8,-66.86,-66.83,-66.83,-66.99,-66.93,-66.93,-66.9,-66.9,-67.02,-66.99,-67.08,-67.05,-67.08,-67.05,-67.05,-66.9,-66.99,-66.9,-67.14,-66.99,-66.99,-67.02,-66.93,-66.99,-67.02,-66.96,-66.93,-66.93,-66.8,-66.8,-66.74,-66.8,-66.86,-66.96,-66.83,-66.96,-66.74,-66.93,-66.83,-66.68,-66.77,-66.83,-66.74,-66.68,-66.71,-66.77,-66.62,-66.8,-66.74,-66.71,-66.68,-66.62,-66.71,-66.83,-66.65,-66.71,-66.71,-66.8,-66.77,-66.71,-66.71,-66.96,-66.83,-66.83,-66.74,-66.8,-66.8,-66.8,-66.9,-66.9,-66.77,-66.77,-66.83,-66.9,-66.68,-66.74,-66.74,-66.77,-66.65,-66.68,-66.77,-66.65,-66.68,-66.68,-66.83,-66.74,-66.65,-66.8,-66.77,-66.83,-66.8,-66.71,-66.77,-66.74,-66.77,-66.68,-66.83,-66.83,-66.9,-66.83,-66.9,-66.9,-66.99,-66.86,-67.02,-66.99,-66.93,-67.05,-66.9,-66.93,-66.99,-66.86,-66.99,-66.83,-66.93,-66.8,-66.77,-66.8,-66.99,-66.8,-66.86,-66.86,-66.96,-66.9,-66.9,-66.77,-66.8,-66.8,-66.86,-66.74,-66.74,-66.83,-66.71,-66.74,-66.8,-66.77,-66.74,-66.74,-66.68,-66.68,-66.62,-66.77,-66.74,-66.71,-66.68,-66.68,-66.55,-66.65,-66.68,-66.71,-66.74,-66.74,-66.71,-66.77,-66.68,-66.58,-66.58,-66.62,-66.62,-66.43,-66.62,-66.55,-66.62,-66.58,-66.74,-66.55,-66.62,-66.62,-66.62,-66.62,-66.58,-66.71,-66.65,-66.71,-66.71,-66.71,-66.65,-66.55,-66.58,-66.68,-66.65,-66.68,-66.71,-66.71,-66.74,-66.71,-66.71,-66.74,-66.86,-66.65,-66.71,-66.74,-66.62,-66.77,-66.74,-66.74,-66.68,-66.71,-66.71,-66.83,-66.74,-66.74,-66.71,-66.74,-66.77,-66.8,-66.8,-66.71,-66.77,-66.8,-66.8,-66.74,-66.77,-66.8,-66.86,-66.9,-66.9,-66.9,-66.68,-66.93,-66.9,-66.83,-66.9,-66.8,-66.8,-66.86,-66.77,-66.8,-66.77,-66.9,-66.71,-66.86,-66.74,-66.71,-66.8,-66.8,-66.74,-66.77,-66.74,-66.65,-66.74,-66.68,-66.74,-66.68,-66.83,-66.74,-66.74,-66.71,-66.74,-66.62,-66.65,-66.4,-66.65,-66.55,-66.62,-66.65,-66.62,-66.49,-66.55,-66.65,-66.65,-66.68,-66.74,-66.74,-66.62,-66.68,-66.65,-66.8,-66.62,-66.71,-66.62,-66.68,-66.71,-66.74,-66.77,-66.74,-66.8,-66.65,-66.74,-66.77,-66.8,-66.74,-66.8,-66.68,-66.65,-66.65,-66.74,-66.8,-66.74,-66.74,-66.74,-66.86,-66.77,-66.86,-66.62,-66.65,-66.74,-66.74,-66.71,-66.83,-66.71,-66.77,-66.8,-66.9,-66.77,-66.8,-66.93,-66.8,-66.83,-66.9,-66.8,-66.83,-66.83,-66.86,-66.8,-66.93,-66.8,-66.86,-66.8,-66.86,-66.77,-66.93,-66.83,-66.83,-66.83,-66.74,-66.96,-66.86,-66.8,-66.8,-66.9,-66.96,-66.74,-66.8,-66.8,-66.71,-66.71,-66.65,-66.77,-66.68,-66.62,-66.71,-66.74,-66.68,-66.68,-66.65,-66.55,-66.71,-66.74,-66.74,-66.74,-66.62,-66.68,-66.58,-66.62,-66.49,-66.52,-66.68,-66.68,-66.77,-66.77,-66.58,-66.52,-66.55,-66.65,-66.65,-66.52,-66.74,-66.62,-66.65,-66.71,-66.58,-66.68,-66.68,-66.62,-66.71,-66.55,-66.65,-66.65,-66.68,-66.68,-66.62,-66.62,-66.55,-66.58,-66.71,-66.62,-66.68,-66.71,-66.77,-66.58,-66.62,-66.68,-66.58,-66.65,-66.68,-66.71,-66.65,-66.74,-66.62,-66.49,-66.62,-66.52,-66.68,-66.58,-66.68,-66.65,-66.65,-66.65,-66.55,-66.65,-66.58,-66.62,-66.65,-66.62,-66.62,-66.58,-66.77,-66.68,-66.71,-66.58,-66.65,-66.58,-66.62,-66.65,-66.62,-66.52,-66.58,-66.55,-66.49,-66.52,-66.68,-66.52,-66.46,-66.52,-66.49,-66.46,-66.4,-66.4,-66.49,-66.49,-66.46,-66.49,-66.37,-66.52,-66.49,-66.43,-66.43,-66.3,-66.46,-66.4,-66.4,-66.55,-66.4,-66.37,-66.4,-66.34,-66.4,-66.43,-66.49,-66.46,-66.37,-66.34,-66.34,-66.4,-66.62,-66.55,-66.52,-66.4,-66.37,-66.52,-66.46,-66.4,-66.55,-66.43,-66.4,-66.52,-66.55,-66.52,-66.58,-66.4,-66.4,-66.4,-66.4,-66.52,-66.52,-66.3,-66.37,-66.46,-66.52,-66.3,-66.4,-66.52,-66.52,-66.4,-66.49,-66.4,-66.37,-66.49,-66.37,-66.46,-66.37,-66.52,-66.65,-66.46,-66.49,-66.55,-66.55,-66.58,-66.58,-66.62,-66.4,-66.49,-66.58,-66.52,-66.58,-66.46,-66.49,-66.55,-66.46,-66.55,-66.58,-66.58,-66.65,-66.52,-66.58,-66.52,-66.55,-66.65,-66.55,-66.62,-66.62,-66.65,-66.52,-66.46,-66.58,-66.4,-66.58,-66.46,-66.49,-66.62,-66.55,-66.55,-66.55,-66.52,-66.52,-66.65,-66.49,-66.46,-66.52,-66.52,-66.52,-66.58,-66.49,-66.71,-66.55,-66.55,-66.52,-66.46,-66.55,-66.68,-66.55,-66.55,-66.65,-66.55,-66.58,-66.55,-66.62,-66.62,-66.62,-66.74,-66.62,-66.62,-66.58,-66.55,-66.68,-66.74,-66.52,-66.65,-66.46,-66.55,-66.62,-66.58,-66.62,-66.68,-66.65,-66.58,-66.62,-66.52,-66.62,-66.49,-66.58,-66.58,-66.4,-66.46,-66.62,-66.62,-66.49,-66.49,-66.62,-66.71,-66.58,-66.58,-66.52,-66.68,-66.65,-66.71,-66.65,-66.65,-66.55,-66.65,-66.58,-66.52,-66.68,-66.62,-66.68,-66.65,-66.65,-66.58,-66.43,-66.65,-66.46,-66.58,-66.58,-66.52,-66.62,-66.49,-66.49,-66.4,-66.37,-66.34,-66.49,-66.4,-66.34,-66.49,-66.37,-66.4,-66.37,-66.37,-66.3,-66.37,-66.34,-66.34,-66.27,-66.34,-66.15,-66.34,-66.18,-66.3,-66.27,-66.27,-66.27,-66.3,-66.3,-66.34,-66.3,-66.37,-66.34,-66.21,-66.27,-66.4,-66.34,-66.43,-66.43,-66.24,-66.4,-66.46,-66.49,-66.34,-66.46,-66.49,-66.3,-66.34,-66.3,-66.34,-66.3,-66.4,-66.37,-66.4,-66.34,-66.3,-66.34,-66.24,-66.27,-66.21,-66.4,-66.3,-66.3,-66.24,-66.21,-66.3,-66.27,-66.34,-66.46,-66.46,-66.46,-66.43,-66.34,-66.34,-66.37,-66.49,-66.55,-66.49,-66.4,-66.55,-66.46,-66.37,-66.52,-66.55,-66.37,-66.49,-66.34,-66.52,-66.4,-66.4,-66.58,-66.52,-66.62,-66.55,-66.49,-66.62,-66.65,-66.4,-66.55,-66.55,-66.52,-66.55,-66.52,-66.55,-66.65,-66.43,-66.58,-66.58,-66.55,-66.55,-66.52,-66.43,-66.52,-66.58,-66.49,-66.65,-66.46,-66.65,-66.68,-66.55,-66.52,-66.49,-66.43,-66.58,-66.62,-66.46,-66.49,-66.52,-66.46,-66.55,-66.4,-66.49,-66.46,-66.46,-66.49,-66.4,-66.49,-66.62,-66.43,-66.49,-66.49,-66.46,-66.49,-66.58,-66.55,-66.58,-66.52,-66.65,-66.52,-66.58,-66.68,-66.58,-66.52,-66.58,-66.71,-66.58,-66.65,-66.62,-66.49,-66.62,-66.71,-66.65,-66.68,-66.58,-66.62,-66.65,-66.68,-66.71,-66.8,-66.71,-66.62,-66.71,-66.77,-66.83,-66.83,-66.86,-66.8,-66.83,-66.77,-66.8,-66.93,-66.9,-66.86,-66.9,-66.8,-66.99,-66.86,-67.02,-67.08,-66.96,-66.99,-66.96,-67.02,-67.05,-66.99,-67.08,-66.9,-67.08,-66.96,-67.02,-66.9,-66.86,-66.99,-66.9,-67.05,-66.99,-67.08,-67.05,-67.02,-66.96,-66.96,-67.11,-67.14,-66.9,-66.99,-66.9,-66.99,-66.77,-66.8,-66.8,-66.74,-66.9,-66.9,-66.99,-66.74,-66.9,-66.77,-66.9,-66.8,-66.77,-66.8,-66.9,-66.77,-66.74,-66.65,-66.93,-66.74,-66.68,-66.9,-66.83,-66.8,-66.71,-66.77,-66.77,-66.86,-66.71,-66.74,-66.9,-66.86,-66.8,-66.77,-66.86,-66.77,-66.77,-66.71,-66.8,-66.9,-66.77,-66.8,-66.83,-66.77,-66.71,-66.83,-66.8,-66.68,-66.74,-66.8,-66.9,-66.86,-66.77,-66.65,-66.77,-66.99,-66.8,-66.74,-66.86,-66.9,-66.8,-66.86,-66.8,-66.8,-66.83,-66.74,-66.74,-66.83,-66.8,-66.71,-66.8,-66.8,-66.8,-66.77,-66.77,-66.68,-66.77,-66.83,-66.8,-66.74,-66.8,-66.65,-66.58,-66.74,-66.65,-66.65,-66.55,-66.74,-66.55,-66.62,-66.74,-66.65,-66.62,-66.65,-66.65,-66.68,-66.55,-66.55,-66.62,-66.46,-66.55,-66.55,-66.49,-66.58,-66.52,-66.3,-66.49,-66.46,-66.49,-66.4,-66.52,-66.37,-66.55,-66.55,-66.55,-66.46,-66.49,-66.46,-66.46,-66.52,-66.55,-66.37,-66.62,-66.49,-66.62,-66.46,-66.4,-66.49,-66.46,-66.4,-66.52,-66.52,-66.49,-66.49,-66.52,-66.52,-66.37,-66.52,-66.46,-66.55,-66.49,-66.55,-66.4,-66.49,-66.49,-66.46,-66.55,-66.4,-66.49,-66.37,-66.4,-66.46,-66.4,-66.52,-66.46,-66.4,-66.49,-66.4,-66.55,-66.65,-66.46,-66.55,-66.58,-66.52,-66.43,-66.71,-66.52,-66.49,-66.52,-66.49,-66.46,-66.52,-66.65,-66.62,-66.4,-66.62,-66.49,-66.55,-66.55,-66.62,-66.52,-66.52,-66.65,-66.52,-66.65,-66.49,-66.55,-66.55,-66.62,-66.55,-66.55,-66.68,-66.71,-66.46,-66.52,-66.52,-66.62,-66.55,-66.55,-66.58,-66.46,-66.52,-66.43,-66.55,-66.49,-66.49,-66.65,-66.62,-66.62,-66.55,-66.49,-66.52,-66.65,-66.52,-66.55,-66.55,-66.65,-66.65,-66.49,-66.52,-66.55,-66.58,-66.65,-66.55,-66.58,-66.65,-66.68,-66.58,-66.55,-66.55,-66.55,-66.52,-66.58,-66.62,-66.52,-66.62,-66.62,-66.58,-66.49,-66.62,-66.68,-66.58,-66.71,-66.58,-66.58,-66.71,-66.58,-66.52,-66.74,-66.71,-66.55,-66.58,-66.62,-66.71,-66.65,-66.71,-66.74,-66.77,-66.58,-66.65,-66.74,-66.74,-66.62,-66.62,-66.71,-66.68,-66.65,-66.55,-66.71,-66.77,-66.68,-66.71,-66.8,-66.68,-66.65,-66.74,-66.68,-66.68,-66.8,-66.71,-66.74,-66.65,-66.71,-66.62,-66.86,-66.68,-66.65,-66.68,-66.77,-66.62,-66.55,-66.62,-66.62,-66.71,-66.68,-66.52,-66.65,-66.62,-66.58,-66.52,-66.4,-66.55,-66.4,-66.49,-66.46,-66.58,-66.46,-66.58,-66.58,-66.46,-66.58,-66.49,-66.55,-66.52,-66.58,-66.62,-66.62,-66.62,-66.68,-66.58,-66.49,-66.49,-66.49,-66.49,-66.65,-66.49,-66.52,-66.55,-66.58,-66.55,-66.52,-66.46,-66.4,-66.4,-66.52,-66.52,-66.52,-66.58,-66.55,-66.52,-66.55,-66.52,-66.52,-66.65,-66.52,-66.52,-66.55,-66.49,-66.49,-66.52,-66.65,-66.52,-66.46,-66.46,-66.37,-66.71,-66.55,-66.52,-66.46,-66.4,-66.62,-66.62,-66.58,-66.58,-66.52,-66.58,-66.62,-66.55,-66.58,-66.49,-66.68,-66.52,-66.52,-66.55,-66.58,-66.52,-66.52,-66.46,-66.49,-66.55,-66.62,-66.62,-66.37,-66.52,-66.43,-66.49,-66.46,-66.3,-66.4,-66.27,-66.37,-66.49,-66.52,-66.4,-66.37,-66.46,-66.52,-66.4,-66.49,-66.37,-66.24,-66.46,-66.49,-66.58,-66.4,-66.43,-66.46,-66.55,-66.68,-66.58,-66.52,-66.49,-66.49,-66.55,-66.65,-66.58,-66.71,-66.68,-66.52,-66.68,-66.58,-66.62,-66.68,-66.71,-66.55,-66.65,-66.68,-66.68,-66.77,-66.68,-66.68,-66.68,-66.65,-66.68,-66.71,-66.68,-66.68,-66.71,-66.77,-66.74,-66.71,-66.8,-66.65,-66.65,-66.74,-66.71,-66.71,-66.71,-66.74,-66.77,-66.77,-66.74,-66.83,-66.71,-66.9,-66.8,-66.99,-66.93,-66.9,-66.9,-66.86,-66.86,-66.99,-66.96,-66.96,-66.96,-66.99,-67.08,-66.99,-67.02,-67.02,-66.96,-66.99,-66.96,-66.96,-66.99,-66.96,-66.99,-66.96,-66.9,-66.99,-66.83,-67.05,-66.83,-66.8,-66.8,-66.86,-66.96,-66.8,-66.83,-66.9,-66.9,-66.8,-66.83,-66.9,-66.9,-66.93,-66.83,-66.99,-66.77,-66.8,-66.8,-66.77,-66.74,-66.8,-66.8,-66.83,-66.65,-66.86,-66.83,-66.8,-66.96,-66.8,-66.74,-66.86,-66.83,-66.8,-66.71,-66.77,-66.9,-66.83,-66.9,-66.74,-66.8,-66.9,-66.86,-66.96,-66.8,-66.8,-66.74,-66.8,-66.83,-66.8,-66.9,-66.74,-66.86,-66.83,-66.83,-66.8,-66.8,-66.83,-66.68,-66.74,-66.8,-66.77,-66.68,-66.71,-66.65,-66.8,-66.83,-66.77,-66.65,-66.74,-66.77,-66.8,-66.74,-66.74,-66.77,-66.62,-66.65,-66.55,-66.71,-66.65,-66.77,-66.77,-66.71,-66.71,-66.71,-66.65,-66.71,-66.77,-66.83,-66.65,-66.77,-66.68,-66.77,-66.68,-66.86,-66.68,-66.71,-66.71,-66.8,-66.52,-66.58,-66.71,-66.58,-66.71,-66.52,-66.65,-66.65,-66.65,-66.65,-66.58,-66.58,-66.62,-66.65,-66.65,-66.65,-66.74,-66.62,-66.65,-66.58,-66.52,-66.52,-66.49,-66.55,-66.68,-66.62,-66.65,-66.55,-66.65,-66.77,-66.71,-66.65,-66.58,-66.71,-66.65,-66.65,-66.55,-66.74,-66.52,-66.65,-66.62,-66.68,-66.71,-66.74,-66.58,-66.52,-66.52,-66.62,-66.52,-66.62,-66.62,-66.58,-66.52,-66.58,-66.62,-66.68,-66.55,-66.65,-66.55,-66.58,-66.68,-66.68,-66.65,-66.68,-66.68,-66.62,-66.58,-66.62,-66.55,-66.68,-66.55,-66.43,-66.62,-66.68,-66.49,-66.58,-66.68,-66.65,-66.62,-66.71,-66.55,-66.65,-66.65,-66.68,-66.62,-66.71,-66.74,-66.77,-66.65,-66.68,-66.77,-66.74,-66.58,-66.74,-66.68,-66.62,-66.62,-66.74,-66.58,-66.55,-66.65,-66.65,-66.58,-66.58,-66.58,-66.55,-66.58,-66.49,-66.46,-66.52,-66.49,-66.52,-66.55,-66.49,-66.4,-66.65,-66.49,-66.55,-66.62,-66.49,-66.49,-66.49,-66.52,-66.52,-66.37,-66.52,-66.52,-66.55,-66.52,-66.4,-66.4,-66.46,-66.52,-66.55,-66.55,-66.52,-66.49,-66.49,-66.4,-66.49,-66.4,-66.58,-66.55,-66.58,-66.49,-66.62,-66.4,-66.46,-66.52,-66.62,-66.49,-66.52,-66.49,-66.37,-66.4,-66.46,-66.62,-66.58,-66.52,-66.52,-66.58,-66.68,-66.58,-66.49,-66.58,-66.71,-66.62,-66.58,-66.46,-66.62,-66.55,-66.62,-66.65,-66.55,-66.55,-66.46,-66.52,-66.62,-66.49,-66.68,-66.55,-66.55,-66.68,-66.49,-66.65,-66.58,-66.49,-66.52,-66.55,-66.62,-66.68,-66.55,-66.62,-66.62,-66.65,-66.55,-66.58,-66.49,-66.55,-66.65,-66.71,-66.71,-66.52,-66.55,-66.77,-66.62,-66.58,-66.65,-66.52,-66.55,-66.58,-66.58,-66.58,-66.58,-66.58,-66.62,-66.52,-66.55,-66.46,-66.55,-66.55,-66.46,-66.46,-66.52,-66.49,-66.68,-66.52,-66.62,-66.55,-66.49,-66.62,-66.58,-66.68,-66.62,-66.62,-66.55,-66.62,-66.55,-66.58,-66.71,-66.55,-66.74,-66.58,-66.55,-66.52,-66.52,-66.68,-66.74,-66.65,-66.55,-66.55,-66.68,-66.52,-66.55,-66.49,-66.71,-66.62,-66.55,-66.62,-66.62,-66.49,-66.71,-66.62,-66.71,-66.71,-66.55,-66.65,-66.62,-66.58,-66.55,-66.71,-66.65,-66.62,-66.49,-66.55,-66.62,-66.55,-66.58,-66.71,-66.68,-66.65,-66.71,-66.65,-66.65,-66.68,-66.8,-66.83,-66.74,-66.93,-66.9,-67.02,-66.9,-66.8,-66.86,-66.83,-66.86,-66.74,-67.02,-66.9,-66.83,-66.74,-66.86,-66.65,-66.77,-66.8,-66.74,-66.68,-66.9,-66.8,-66.86,-66.8,-66.8,-66.74,-66.71,-66.74,-66.8,-66.68,-66.74,-66.68,-66.71,-66.74,-66.65,-66.58,-66.65,-66.62,-66.58,-66.65,-66.62,-66.58,-66.68,-66.68,-66.77,-66.68,-66.62,-66.62,-66.62,-66.62,-66.71,-66.62,-66.65,-66.74,-66.65,-66.62,-66.65,-66.68,-66.74,-66.62,-66.65,-66.77,-66.68,-66.68,-66.74,-66.49,-66.71,-66.55,-66.65,-66.65,-66.71,-66.55,-66.71,-66.65,-66.77,-66.58,-66.62,-66.62,-66.74,-66.68,-66.58,-66.58,-66.62,-66.65,-66.55,-66.68,-66.58,-66.68,-66.71,-66.77,-66.55,-66.68,-66.77,-66.62,-66.62,-66.8,-66.86,-66.74,-66.71,-66.74,-66.77,-66.68,-66.52,-66.83,-66.77,-66.77,-66.8,-66.62,-66.71,-66.8,-66.68,-66.83,-66.74,-66.68,-66.77,-66.68,-66.55,-66.68,-66.8,-66.71,-66.65,-66.55,-66.68,-66.71,-66.68,-66.71,-66.71,-66.68,-66.68,-66.62,-66.58,-66.62,-66.65,-66.58,-66.58,-66.52,-66.58,-66.62,-66.58,-66.62,-66.62,-66.68,-66.74,-66.68,-66.58,-66.49,-66.62,-66.65,-66.58,-66.62,-66.58,-66.58,-66.52,-66.58,-66.52,-66.58,-66.49,-66.4,-66.46,-66.4,-66.52,-66.52,-66.46,-66.52,-66.58,-66.49,-66.62,-66.52,-66.37,-66.4,-66.46,-66.43,-66.49,-66.55,-66.52,-66.55,-66.55,-66.52,-66.58,-66.52,-66.34,-66.55,-66.37,-66.37,-66.12,-65.99,-65.87,-65.78,-65.62,-65.47,-65.47,-65.34,-65.28,-65.28,-65.0,-65.0,-64.91,-64.81,-64.72,-64.91,-64.66,-64.66,-64.56,-64.59,-64.38,-64.35,-64.25,-64.22,-64.19,-64.07,-64.13,-63.91,-63.91,-63.88,-63.85,-63.72,-63.51,-63.66,-63.51,-63.41,-63.6,-63.48,-63.44,-63.35,-63.23,-63.23,-63.13,-63.04,-62.92,-62.85,-62.73,-62.67,-62.7,-62.61,-62.54,-62.54,-62.51,-62.51,-62.36,-62.26,-62.29,-62.26,-62.01,-62.17,-61.95,-61.98,-62.08,-61.92,-62.11,-61.8,-61.77,-61.86,-61.74,-61.89,-61.83,-61.74,-61.7,-61.67,-61.58,-61.39,-61.36,-61.3,-61.39,-61.27,-61.21,-61.18,-61.27,-61.3,-61.24,-61.11,-61.05,-61.21,-61.11,-61.08,-60.99,-61.02,-61.02,-60.83,-60.9,-60.74,-60.8,-60.77,-60.55,-60.74,-60.74,-60.74,-60.58,-60.74,-60.71,-60.68,-60.65,-60.43,-60.52,-60.62,-60.55,-60.58,-60.52,-60.52,-60.4,-60.55,-60.62,-60.62,-60.49,-60.34,-60.37,-60.4,-60.12,-60.24,-60.24,-60.21,-60.24,-60.31,-60.24,-60.15,-60.15,-60.06,-59.99,-59.96,-60.06,-59.9,-59.87,-59.84,-59.9,-59.9,-59.93,-59.78,-59.87,-59.71,-59.62,-59.81,-59.71,-59.65,-59.62,-59.71,-59.71,-59.53,-59.53,-59.56,-59.5,-59.43,-59.31,-59.37,-59.43,-59.31,-59.25,-59.22,-59.28,-59.31,-59.28,-59.19,-59.12,-59.34,-59.28,-59.28,-59.19,-59.25,-59.19,-59.22,-59.25,-59.22,-59.19,-59.06,-59.16,-59.25,-59.19,-59.22,-59.28,-59.25,-59.19,-59.12,-59.19,-59.19,-59.12,-59.19,-59.19,-59.22,-59.12,-59.19,-59.31,-59.09,-59.09,-59.12,-59.06,-59.16,-59.06,-59.12,-59.09,-59.16,-59.09,-59.22,-59.19,-59.12,-59.09,-59.16,-59.25,-59.09,-59.22,-59.12,-59.31,-59.25,-59.09,-59.09,-58.97,-59.16,-58.94,-59.09,-59.09,-59.09,-59.03,-58.94,-58.88,-59.16,-59.0,-58.94,-59.12,-59.0,-59.12,-59.0,-59.06,-58.91,-58.94,-59.09,-58.84,-58.81,-59.03,-58.84,-58.84,-58.84,-58.88,-59.0,-58.78,-58.91,-58.88,-58.84,-58.84,-58.94,-58.81,-58.88,-58.94,-58.91,-58.88,-58.97,-58.88,-58.84,-58.91,-58.91,-58.88,-58.84,-58.81,-58.94,-58.75,-59.0,-58.81,-58.84,-58.84,-58.72,-58.81,-58.84,-58.91,-58.78,-58.84,-58.91,-58.88,-58.81,-58.94,-59.09,-58.94,-58.88,-58.97,-58.97,-58.84,-59.0,-58.97,-59.0,-58.94,-58.88,-59.0,-58.91,-58.91,-58.91,-58.88,-58.84,-58.94,-58.94,-58.94,-58.97,-59.0,-59.16,-59.06,-58.91,-58.94,-59.0,-58.91,-59.19,-59.22,-59.06,-59.16,-59.06,-59.12,-59.16,-59.0,-59.12,-59.12,-59.16,-59.0,-59.09,-59.12,-59.19,-59.16,-59.16,-59.16,-59.22,-59.16,-59.22,-59.16,-59.06,-59.25,-59.22,-59.22,-59.16,-59.16,-59.19,-59.16,-59.19,-59.28,-59.19,-59.25,-59.22,-59.34,-59.25,-59.28,-59.16,-59.37,-59.19,-59.31,-59.22,-59.19,-59.19,-59.34,-59.31,-59.19,-59.25,-59.4,-59.22,-59.16,-59.16,-59.06,-59.09,-59.06,-59.12,-59.06,-59.31,-59.22,-59.09,-59.03,-59.09,-59.12,-59.09,-59.12,-59.19,-59.16,-59.06,-59.12,-59.22,-59.06,-59.06,-59.19,-59.06,-59.16,-58.97,-59.12,-59.09,-59.25,-59.25,-59.16,-59.12,-59.22,-59.12,-59.22,-59.31,-59.31,-59.22,-59.34,-59.4,-59.34,-59.28,-59.31,-59.53,-59.43,-59.28,-59.43,-59.4,-59.47,-59.53,-59.53,-59.5,-59.47,-59.65,-59.53,-59.68,-59.68,-59.71,-59.62,-59.65,-59.9,-59.71,-59.62,-59.75,-59.75,-59.75,-59.9,-59.71,-59.71,-59.81,-59.87,-59.84,-59.81,-59.99,-59.87,-60.09,-59.96,-59.99,-59.93,-59.9,-59.9,-59.78,-59.9,-59.96,-59.9,-59.75,-59.78,-59.87,-59.93,-59.81,-59.87,-59.81,-59.84,-59.71,-59.75,-59.68,-59.68,-59.75,-59.87,-59.81,-59.81,-59.87,-59.84,-59.75,-59.78,-59.81,-59.96,-59.96,-60.03,-59.99,-59.81,-60.15,-60.03,-59.93,-60.09,-59.9,-60.15,-59.99,-59.96,-60.06,-60.18,-60.06,-60.18,-60.12,-60.18,-60.12,-60.12,-60.24,-60.21,-60.18,-60.21,-60.31,-60.09,-60.18,-60.21,-60.24,-60.4,-60.31,-60.43,-60.27,-60.43,-60.4,-60.43,-60.46,-60.18,-60.27,-60.24,-60.24,-60.4,-60.4,-60.34,-60.43,-60.43,-60.49,-60.27,-60.43,-60.21,-60.37,-60.55,-60.4,-60.31,-60.37,-60.37,-60.49,-60.49,-60.34,-60.37,-60.49,-60.49,-60.52,-60.49,-60.55,-60.62,-60.65,-60.43,-60.52,-60.52,-60.52,-60.62,-60.68,-60.52,-60.4,-60.52,-60.58,-60.46,-60.52,-60.52,-60.52,-60.43,-60.4,-60.43,-60.58,-60.4,-60.46,-60.58,-60.55,-60.58,-60.52,-60.58,-60.58,-60.52,-60.52,-60.68,-60.55,-60.43,-60.62,-60.55,-60.58,-60.52,-60.49,-60.62,-60.62,-60.68,-60.62,-60.55,-60.55,-60.65,-60.49,-60.55,-60.49,-60.74,-60.62,-60.55,-60.43,-60.49,-60.49,-60.65,-60.55,-60.65,-60.74,-60.77,-60.52,-60.68,-60.74,-60.9,-60.65,-60.74,-60.74,-60.86,-60.93,-60.8,-60.74,-60.86,-60.93,-60.86,-60.86,-60.9,-60.86,-60.83,-60.9,-60.96,-60.86,-60.9,-60.96,-60.93,-61.02,-60.77,-60.93,-60.83,-60.77,-60.77,-60.83,-60.83,-60.74,-60.86,-60.83,-60.71,-60.65,-60.77,-60.74,-60.74,-60.77,-60.68,-60.55,-60.68,-60.58,-60.58,-60.62,-60.58,-60.52,-60.65,-60.58,-60.55,-60.58,-60.55,-60.49,-60.52,-60.62,-60.58,-60.55,-60.58,-60.58,-60.65,-60.68,-60.74,-60.62,-60.58,-60.74,-60.55,-60.62,-60.65,-60.68,-60.62,-60.74,-60.83,-60.62,-60.71,-60.65,-60.77,-60.77,-60.8,-60.77,-60.68,-60.74,-60.71,-60.68,-60.71,-60.71,-60.65,-60.8,-60.74,-60.71,-60.71,-60.71,-60.74,-60.77,-60.74,-60.9,-60.8,-60.83,-60.9,-60.83,-60.77,-60.9,-60.71,-60.8,-60.86,-60.8,-61.05,-60.93,-60.99,-61.08,-61.05,-60.96,-61.02,-61.11,-61.02,-61.18,-61.18,-61.08,-61.21,-61.39,-61.14,-61.33,-61.18,-61.27,-61.24,-61.08,-61.14,-61.21,-61.02,-61.18,-61.11,-61.21,-61.27,-61.24,-61.21,-61.21,-61.24,-61.27,-61.14,-61.24,-61.3,-61.11,-61.27,-61.21,-61.27,-61.27,-61.05,-61.08,-61.11,-61.21,-61.11,-61.14,-61.05,-61.18,-61.11,-61.14,-61.14,-61.18,-61.21,-61.08,-61.21,-61.18,-61.27,-61.21,-61.24,-61.18,-61.24,-61.27,-61.18,-61.21,-61.11,-61.14,-61.14,-61.24,-61.18,-61.11,-61.18,-61.24,-61.14,-61.18,-61.14,-61.08,-61.05,-61.08,-61.02,-61.14,-61.18,-61.18,-61.05,-61.18,-61.27,-61.11,-61.14,-61.08,-61.05,-61.08,-61.14,-61.18,-61.11,-61.21,-61.14,-61.08,-61.21,-61.27,-61.14,-61.18,-61.24,-61.24,-61.21,-61.3,-61.3,-61.21,-61.24,-61.33,-61.33,-61.18,-61.27,-61.36,-61.33,-61.42,-61.3,-61.39,-61.36,-61.24,-61.33,-61.3,-61.33,-61.33,-61.33,-61.33,-61.27,-61.27,-61.36,-61.3,-61.3,-61.3,-61.39,-61.42,-61.36,-61.33,-61.3,-61.27,-61.18,-61.33,-61.49,-61.27,-61.27,-61.36,-61.24,-61.36,-61.39,-61.18,-61.36,-61.39,-61.39,-61.3,-61.18,-61.33,-61.33,-61.27,-61.33,-61.39,-61.3,-61.33,-61.3,-61.33,-61.42,-61.27,-61.52,-61.3,-61.42,-61.3,-61.27,-61.39,-61.39,-61.36,-61.39,-61.33,-61.42,-61.49,-61.27,-61.21,-61.42,-61.33,-61.27,-61.21,-61.3,-61.18,-61.24,-61.33,-61.24,-61.27,-61.42,-61.27,-61.27,-61.3,-61.33,-61.3,-61.36,-61.39,-61.33,-61.36,-61.36,-61.21,-61.3,-61.42,-61.36,-61.3,-61.3,-61.3,-61.33,-61.42,-61.3,-61.36,-61.36,-61.36,-61.24,-61.36,-61.3,-61.14,-61.3,-61.3,-61.33,-61.36,-61.33,-61.33,-61.36,-61.42,-61.42,-61.27,-61.39,-61.42,-61.42,-61.55,-61.42,-61.55,-61.39,-61.33,-61.42,-61.42,-61.39,-61.36,-61.39,-61.36,-61.24,-61.33,-61.27,-61.3,-61.3,-61.49,-61.18,-61.24,-61.21,-61.33,-61.3,-61.18,-61.14,-61.21,-61.18,-61.14,-60.93,-61.11,-61.18,-61.24,-61.27,-61.24,-61.21,-61.18,-61.27,-61.24,-61.33,-61.3,-61.3,-61.27,-61.3,-61.27,-61.3,-61.18,-61.18,-61.11,-61.21,-61.11,-61.24,-61.11,-61.21,-61.21,-61.21,-61.21,-61.21,-61.14,-61.18,-61.05,-61.05,-61.05,-61.18,-61.18,-61.14,-61.05,-61.11,-61.08,-61.24,-61.27,-61.24,-61.18,-61.11,-61.24,-61.21,-61.08,-61.11,-61.27,-61.18,-61.24,-61.24,-61.3,-61.27,-61.42,-61.3,-61.33,-61.36,-61.46,-61.42,-61.33,-61.3,-61.33,-61.36,-61.36,-61.36,-61.36,-61.39,-61.39,-61.36,-61.52,-61.39,-61.33,-61.36,-61.33,-61.36,-61.33,-61.33,-61.39,-61.39,-61.39,-61.49,-61.42,-61.42,-61.36,-61.27,-61.39,-61.21,-61.39,-61.33,-61.36,-61.36,-61.46,-61.46,-61.39,-61.21,-61.36,-61.46,-61.27,-61.24,-61.3,-61.27,-61.39,-61.21,-61.36,-61.27,-61.36,-61.27,-61.3,-61.39,-61.27,-61.33,-61.3,-61.27,-61.33,-61.33,-61.24,-61.21,-61.36,-61.18,-61.27,-61.24,-61.42,-61.24,-61.42,-61.33,-61.21,-61.27,-61.05,-61.21,-61.33,-61.3,-61.3,-61.36,-61.33,-61.33,-61.36,-61.36,-61.33,-61.24,-61.24,-61.27,-61.24,-61.42,-61.33,-61.24,-61.3,-61.3,-61.49,-61.39,-61.36,-61.46,-61.42,-61.42,-61.55,-61.55,-61.52,-61.55,-61.64,-61.64,-61.58,-61.61,-61.74,-61.64,-61.7,-61.55,-61.64,-61.61,-61.74,-61.67,-61.67,-61.74,-61.83,-61.86,-61.92,-61.86,-61.83,-61.8,-61.83,-61.77,-61.83,-61.86,-61.8,-61.83,-61.77,-61.77,-61.77,-61.83,-61.7,-61.74,-61.8,-61.67,-61.77,-61.67,-61.7,-61.7,-61.74,-61.8,-61.61,-61.7,-61.67,-61.64,-61.89,-61.8,-61.67,-61.67,-61.77,-61.74,-61.74,-61.74,-61.77,-61.61,-61.58,-61.77,-61.64,-61.8,-61.74,-61.64,-61.61,-61.7,-61.74,-61.74,-61.8,-61.7,-61.7,-61.74,-61.7,-61.83,-61.8,-61.77,-61.77,-61.7,-61.67,-61.74,-61.77,-61.89,-61.89,-61.86,-61.8,-61.67,-61.74,-61.89,-61.8,-61.8,-61.86,-61.89,-61.89,-61.86,-61.89,-61.89,-61.92,-61.86,-62.01,-61.92,-62.05,-62.05,-62.14,-62.2,-62.2,-62.17,-62.01,-62.08,-62.01,-62.08,-62.08,-62.01,-62.01,-62.14,-62.01,-61.92,-62.08,-62.01,-61.95,-62.08,-62.01,-62.08,-62.17,-62.2,-62.11,-62.05,-62.11,-62.2,-62.17,-62.11,-62.08,-62.23,-62.11,-62.14,-62.08,-62.26,-62.08,-62.14,-62.2,-62.14,-62.23,-62.2,-62.05,-62.17,-62.2,-62.08,-62.08,-62.26,-62.14,-62.17,-62.11,-62.17,-62.33,-62.23,-62.23,-62.2,-62.23,-62.2,-62.26,-62.23,-62.2,-62.17,-62.08,-62.26,-62.2,-62.17,-62.2,-62.14,-62.17,-62.11,-62.26,-62.2,-62.2,-62.17,-62.08,-62.2,-62.11,-62.29,-62.14,-62.23,-62.23,-62.42,-62.26,-62.39,-62.29,-62.33,-62.23,-62.33,-62.36,-62.29,-62.33,-62.39,-62.29,-62.33,-62.33,-62.26,-62.39,-62.36,-62.23,-62.39,-62.33,-62.36,-62.48,-62.42,-62.48,-62.36,-62.42,-62.54,-62.39,-62.36,-62.48,-62.42,-62.33,-62.51,-62.36,-62.17,-62.33,-62.33,-62.14,-62.26,-62.2,-62.23,-62.29,-62.39,-62.23,-62.26,-62.2,-62.2,-62.33,-62.29,-62.29,-62.23,-62.26,-62.29,-62.29,-62.14,-62.14,-62.17,-62.2,-62.17,-62.33,-62.11,-62.17,-62.2,-62.29,-62.29,-62.14,-62.33,-62.33,-62.26,-62.26,-62.33,-62.26,-62.17,-62.36,-62.26,-62.29,-62.2,-62.39,-62.26,-62.39,-62.17,-62.39,-62.26,-62.29,-62.33,-62.23,-62.14,-62.33,-62.23,-62.23,-62.26,-62.29,-62.26,-62.2,-62.2,-62.26,-62.23,-62.33,-62.36,-62.29,-62.33,-62.2,-62.23,-62.36,-62.29,-62.48,-62.33,-62.42,-62.23,-62.33,-62.26,-62.17,-62.14,-62.23,-62.2,-62.14,-62.17,-62.36,-62.29,-62.11,-62.29,-62.17,-62.26,-62.17,-62.33,-62.33,-62.2,-62.36,-62.17,-62.14,-62.33,-62.33,-62.23,-62.39,-62.29,-62.23,-62.33,-62.45,-62.23,-62.33,-62.26,-62.29,-62.29,-62.33,-62.26,-62.26,-62.08,-62.29,-62.36,-62.36,-62.23,-62.23,-62.17,-62.17,-62.2,-62.23,-62.17,-62.17,-62.14,-62.08,-62.17,-62.26,-62.17,-62.29,-61.92,-62.17,-62.08,-62.05,-62.08,-62.08,-62.01,-61.98,-61.98,-62.05,-62.11,-62.29,-62.29,-62.29,-62.29,-62.26,-62.26,-62.14,-62.2,-62.11,-62.17,-62.11,-62.11,-62.2,-62.14,-62.08,-62.11,-62.08,-62.17,-62.17,-62.05,-62.14,-62.23,-62.23,-62.23,-62.36,-62.33,-62.29,-62.23,-62.29,-62.26,-62.26,-62.33,-62.33,-62.26,-62.29,-62.26,-62.36,-62.36,-62.36,-62.29,-62.36,-62.42,-62.48,-62.42,-62.39,-62.48,-62.48,-62.54,-62.57,-62.45,-62.42,-62.61,-62.54,-62.67,-62.64,-62.57,-62.45,-62.67,-62.64,-62.57,-62.54,-62.42,-62.42,-62.54,-62.48,-62.39,-62.45,-62.42,-62.57,-62.36,-62.51,-62.48,-62.54,-62.36,-62.42,-62.42,-62.39,-62.54,-62.57,-62.54,-62.54,-62.51,-62.42,-62.42,-62.29,-62.51,-62.36,-62.45,-62.42,-62.48,-62.42,-62.51,-62.48,-62.57,-62.45,-62.42,-62.42,-62.39,-62.29,-62.42,-62.39,-62.61,-62.48,-62.48,-62.42,-62.45,-62.51,-62.33,-62.36,-62.48,-62.42,-62.39,-62.48,-62.42,-62.39,-62.39,-62.48,-62.29,-62.42,-62.48,-62.29,-62.48,-62.42,-62.39,-62.33,-62.29,-62.36,-62.17,-62.26,-62.17,-62.26,-62.26,-62.2,-62.39,-62.36,-62.29,-62.42,-62.39,-62.23,-62.23,-62.33,-62.2,-62.36,-62.33,-62.26,-62.26,-62.29,-62.29,-62.17,-62.26,-62.36,-62.14,-62.2,-62.29,-62.42,-62.29,-62.39,-62.42,-62.23,-62.36
Sweep_6,-25.0,-62.17,-62.08,-62.11,-62.08,-62.14,-62.23,-62.11,-62.17,-62.14,-62.17,-62.11,-62.08,-62.17,-62.14,-62.05,-62.11,-61.98,-62.14,-62.17,-62.33,-62.2,-62.23,-62.23,-62.2,-62.17,-62.17,-62.23,-62.17,-62.01,-62.14,-62.08,-62.01,-62.17,-62.14,-61.98,-62.08,-62.17,-62.08,-62.01,-62.08,-62.17,-62.17,-62.23,-62.17,-62.05,-61.98,-62.17,-62.14,-62.17,-62.2,-62.17,-62.14,-62.01,-62.05,-61.92,-62.2,-62.17,-62.11,-62.11,-61.92,-62.14,-62.11,-62.23,-62.08,-62.05,-62.17,-62.23,-62.01,-62.11,-62.14,-62.29,-62.26,-62.11,-62.23,-62.33,-62.23,-62.2,-62.17,-62.23,-62.17,-62.29,-62.33,-62.26,-62.33,-62.23,-62.42,-62.26,-62.29,-62.17,-62.36,-62.23,-62.29,-62.33,-62.26,-62.26,-62.33,-62.2,-62.11,-62.29,-62.2,-62.2,-62.05,-62.14,-62.11,-62.08,-62.17,-61.83,-62.08,-62.01,-61.92,-62.05,-62.14,-61.89,-61.98,-62.01,-62.05,-61.89,-62.08,-62.05,-62.14,-62.11,-62.08,-62.05,-62.01,-61.95,-62.05,-62.14,-62.11,-62.11,-62.2,-62.29,-62.26,-62.01,-62.23,-62.2,-62.14,-62.11,-62.17,-62.36,-62.11,-62.29,-62.26,-62.2,-62.23,-62.23,-62.26,-62.14,-62.17,-62.26,-62.2,-62.17,-62.11,-62.23,-62.08,-62.14,-62.11,-62.17,-62.14,-62.11,-62.11,-62.14,-62.08,-62.14,-62.17,-62.17,-62.2,-62.08,-62.17,-62.17,-62.33,-62.29,-62.23,-62.36,-62.23,-62.48,-62.39,-62.42,-62.39,-62.42,-62.36,-62.42,-62.57,-62.51,-62.48,-62.57,-62.42,-62.64,-62.42,-62.54,-62.51,-62.54,-62.51,-62.42,-62.61,-62.54,-62.42,-62.51,-62.61,-62.42,-62.51,-62.42,-62.51,-62.51,-62.57,-62.67,-62.67,-62.51,-62.57,-62.48,-62.51,-62.45,-62.48,-62.39,-62.42,-62.54,-62.61,-62.51,-62.51,-62.57,-62.54,-62.51,-62.42,-62.57,-62.64,-62.61,-62.54,-62.61,-62.67,-62.54,-62.7,-62.64,-62.67,-62.67,-62.54,-62.54,-62.7,-62.7,-62.61,-62.64,-62.67,-62.7,-62.64,-62.64,-62.67,-62.61,-62.76,-62.61,-62.73,-62.67,-62.7,-62.79,-62.76,-62.7,-62.76,-62.76,-62.79,-62.79,-62.79,-62.82,-62.73,-62.73,-62.85,-62.73,-62.76,-62.85,-62.73,-62.82,-62.76,-62.89,-62.79,-62.82,-62.79,-62.7,-62.7,-62.89,-62.92,-62.85,-62.82,-62.82,-62.85,-62.76,-62.79,-62.92,-62.79,-62.82,-62.95,-62.95,-62.89,-62.89,-62.79,-62.89,-62.92,-62.85,-62.82,-62.73,-62.73,-62.79,-62.76,-62.76,-62.64,-62.7,-62.76,-62.82,-62.85,-62.73,-62.61,-62.73,-62.64,-62.7,-62.64,-62.73,-62.7,-62.61,-62.61,-62.57,-62.61,-62.67,-62.61,-62.61,-62.64,-62.48,-62.61,-62.61,-62.54,-62.54,-62.61,-62.7,-62.57,-62.61,-62.64,-62.64,-62.61,-62.51,-62.51,-62.51,-62.64,-62.57,-62.67,-62.57,-62.57,-62.54,-62.64,-62.67,-62.61,-62.64,-62.61,-62.48,-62.57,-62.45,-62.61,-62.54,-62.61,-62.61,-62.57,-62.61,-62.61,-62.61,-62.57,-62.61,-62.57,-62.48,-62.54,-62.51,-62.48,-62.54,-62.51,-62.7,-62.7,-62.7,-62.64,-62.61,-62.64,-62.54,-62.61,-62.54,-62.51,-62.42,-62.39,-62.23,-62.11,-61.86,-61.83,-61.8,-61.55,-61.52,-61.36,-61.33,-61.21,-61.08,-61.02,-60.83,-60.86,-60.58,-60.65,-60.52,-60.34,-60.37,-60.15,-60.12,-60.12,-59.93,-59.9,-59.84,-59.62,-59.59,-59.43,-59.4,-59.37,-59.22,-59.25,-59.16,-59.12,-59.0,-58.78,-58.91,-58.81,-58.66,-58.69,-58.56,-58.44,-58.44,-58.5,-58.32,-58.25,-58.32,-58.32,-58.07,-57.94,-57.82,-57.63,-57.66,-57.54,-57.38,-57.35,-57.13,-57.23,-57.13,-57.13,-57.04,-57.07,-56.79,-56.76,-56.64,-56.54,-56.39,-56.33,-56.36,-56.26,-56.17,-56.11,-56.05,-55.86,-55.67,-55.7,-55.52,-55.55,-55.55,-55.33,-55.21,-55.02,-55.08,-54.99,-54.99,-54.93,-54.77,-54.65,-54.62,-54.49,-54.37,-54.31,-54.34,-53.9,-53.93,-54.06,-53.9,-53.9,-53.75,-53.62,-53.47,-53.47,-53.22,-53.09,-52.91,-52.94,-52.69,-52.41,-52.47,-52.13,-52.1,-51.88,-51.69,-51.41,-51.29,-50.95,-50.86,-50.26,-49.95,-49.36,-48.46,-44.79,29.38,27.17,-14.98,-44.79,-57.73,-61.11,-61.89,-62.11,-61.95,-61.42,-61.3,-60.8,-60.52,-60.49,-60.46,-60.31,-60.24,-60.09,-59.96,-60.12,-60.12,-60.09,-60.03,-59.93,-59.93,-59.87,-59.9,-59.99,-59.81,-59.93,-60.06,-59.71,-59.9,-59.87,-59.81,-59.84,-59.75,-59.81,-59.87,-59.84,-59.84,-59.68,-59.59,-59.81,-59.75,-59.93,-59.75,-59.81,-59.84,-59.87,-59.68,-59.78,-59.71,-59.71,-59.78,-59.75,-59.71,-59.78,-59.93,-59.84,-59.93,-59.75,-59.78,-59.78,-59.75,-59.81,-59.56,-59.5,-59.62,-59.68,-59.62,-59.56,-59.65,-59.59,-59.65,-59.53,-59.62,-59.62,-59.62,-59.5,-59.59,-59.56,-59.65,-59.56,-59.47,-59.62,-59.56,-59.5,-59.43,-59.47,-59.37,-59.4,-59.37,-59.4,-59.43,-59.28,-59.31,-59.22,-59.4,-59.16,-59.19,-59.09,-59.0,-59.06,-58.91,-59.03,-59.03,-59.12,-59.03,-58.94,-59.09,-59.16,-59.0,-58.88,-58.91,-58.94,-58.84,-58.91,-58.91,-58.78,-58.69,-58.94,-58.69,-58.84,-58.66,-58.63,-58.69,-58.6,-58.72,-58.66,-58.63,-58.69,-58.66,-58.63,-58.66,-58.6,-58.56,-58.5,-58.44,-58.41,-58.41,-58.47,-58.41,-58.53,-58.41,-58.38,-58.44,-58.44,-58.41,-58.41,-58.35,-58.44,-58.35,-58.25,-58.25,-58.38,-58.13,-58.19,-58.16,-58.28,-58.28,-58.22,-58.13,-58.16,-58.1,-58.0,-57.94,-58.1,-57.94,-57.94,-58.0,-57.88,-57.88,-57.82,-57.88,-57.82,-57.69,-57.85,-57.69,-57.76,-57.66,-57.69,-57.63,-57.76,-57.69,-57.69,-57.57,-57.35,-57.41,-57.41,-57.26,-57.23,-57.38,-57.29,-57.2,-57.23,-57.1,-56.98,-57.07,-56.95,-57.01,-56.98,-57.01,-57.04,-56.82,-56.85,-56.61,-56.67,-56.54,-56.57,-56.67,-56.7,-56.57,-56.57,-56.42,-56.51,-56.51,-56.3,-56.33,-56.23,-56.08,-56.2,-56.11,-55.95,-56.11,-56.11,-56.02,-55.89,-55.89,-55.77,-55.86,-55.83,-55.86,-55.77,-55.64,-55.64,-55.64,-55.61,-55.52,-55.52,-55.52,-55.27,-55.24,-55.3,-55.24,-55.21,-55.05,-54.9,-55.02,-54.9,-54.8,-54.87,-54.8,-54.9,-54.77,-54.8,-54.62,-54.59,-54.49,-54.34,-54.34,-54.21,-54.15,-54.21,-54.06,-53.96,-53.93,-53.9,-53.84,-53.72,-53.75,-53.75,-53.59,-53.59,-53.47,-53.47,-53.37,-53.47,-53.34,-53.25,-53.25,-53.12,-53.22,-53.09,-53.09,-52.97,-52.94,-52.81,-52.81,-52.81,-52.78,-52.63,-52.69,-52.6,-52.56,-52.32,-52.32,-52.19,-52.01,-52.1,-52.13,-52.29,-52.19,-52.19,-52.1,-52.01,-51.97,-51.76,-51.66,-51.57,-51.38,-51.1,-50.79,-50.86,-50.86,-50.64,-50.7,-50.39,-50.42,-50.26,-50.08,-49.86,-49.8,-49.74,-49.64,-49.33,-49.24,-49.11,-48.96,-48.74,-48.21,-47.78,-47.47,-46.25,-25.33,34.94,14.17,-21.42,-46.78,-56.67,-59.78,-60.9,-61.05,-61.08,-60.86,-60.74,-60.4,-60.4,-60.27,-60.24,-60.12,-60.09,-60.09,-60.12,-60.21,-60.12,-60.15,-60.18,-60.15,-60.06,-59.84,-59.96,-59.96,-60.06,-59.93,-59.93,-60.09,-60.06,-60.06,-60.18,-60.18,-60.09,-60.18,-60.18,-60.15,-60.21,-60.18,-60.21,-60.34,-60.24,-60.21,-60.21,-60.15,-60.34,-60.24,-60.31,-60.31,-60.24,-60.24,-60.27,-60.43,-60.37,-60.4,-60.37,-60.4,-60.31,-60.31,-60.18,-60.27,-60.12,-60.09,-60.18,-60.31,-60.18,-60.12,-60.21,-60.21,-60.24,-60.15,-60.15,-60.18,-60.21,-60.15,-60.12,-60.24,-60.18,-60.15,-59.99,-60.03,-60.18,-60.12,-60.21,-60.06,-60.06,-60.12,-60.09,-59.87,-60.12,-59.96,-60.09,-59.96,-59.93,-59.93,-60.03,-59.87,-59.93,-59.84,-59.87,-59.87,-59.78,-59.84,-59.75,-59.71,-59.71,-59.68,-59.65,-59.65,-59.68,-59.62,-59.71,-59.62,-59.71,-59.68,-59.62,-59.62,-59.59,-59.5,-59.62,-59.59,-59.5,-59.43,-59.4,-59.56,-59.31,-59.34,-59.34,-59.5,-59.28,-59.34,-59.34,-59.28,-59.31,-59.12,-59.34,-59.25,-59.19,-59.25,-59.16,-59.31,-59.37,-59.25,-59.06,-59.12,-59.31,-59.31,-59.34,-59.19,-59.28,-59.25,-59.28,-59.19,-59.19,-59.06,-59.16,-59.12,-59.06,-59.06,-58.88,-58.84,-58.81,-58.81,-58.69,-58.66,-58.75,-58.6,-58.72,-58.6,-58.41,-58.44,-58.41,-58.41,-58.47,-58.44,-58.41,-58.19,-58.32,-58.1,-58.16,-58.19,-58.13,-58.1,-58.1,-57.94,-58.07,-57.82,-57.79,-57.79,-57.85,-57.82,-57.76,-57.76,-57.82,-57.76,-57.73,-57.79,-57.82,-57.6,-57.69,-57.57,-57.63,-57.54,-57.6,-57.6,-57.41,-57.41,-57.35,-57.51,-57.41,-57.35,-57.29,-57.29,-57.26,-57.23,-57.2,-57.07,-57.13,-57.17,-57.01,-57.04,-57.04,-57.07,-57.13,-56.98,-56.95,-56.89,-56.92,-56.85,-56.85,-56.79,-56.85,-56.79,-56.79,-56.7,-56.61,-56.64,-56.57,-56.57,-56.54,-56.51,-56.67,-56.45,-56.39,-56.3,-56.36,-56.26,-56.42,-56.11,-56.11,-56.2,-56.14,-55.95,-56.11,-56.05,-56.02,-55.92,-55.92,-55.86,-55.92,-55.74,-55.86,-55.67,-55.64,-55.86,-55.8,-55.64,-55.67,-55.7,-55.67,-55.64,-55.61,-55.55,-55.49,-55.46,-55.52,-55.46,-55.3,-55.33,-55.36,-55.27,-55.36,-55.36,-55.33,-55.36,-55.33,-55.36,-55.24,-55.21,-55.27,-55.21,-54.96,-54.93,-54.93,-54.93,-54.9,-54.8,-54.83,-54.83,-54.77,-54.65,-54.68,-54.65,-54.74,-54.77,-54.68,-54.74,-54.8,-54.77,-54.74,-54.68,-54.74,-54.68,-54.62,-54.4,-54.55,-54.27,-54.37,-54.21,-54.43,-54.21,-54.18,-54.24,-54.06,-54.31,-54.09,-54.18,-54.09,-54.09,-53.96,-53.87,-54.03,-53.93,-53.65,-53.81,-53.72,-53.78,-53.62,-53.81,-53.68,-53.68,-53.65,-53.84,-53.9,-53.68,-53.72,-53.68,-53.68,-53.62,-53.59,-53.53,-53.53,-53.44,-53.34,-53.28,-53.37,-53.16,-53.16,-52.91,-52.84,-52.84,-53.03,-52.91,-52.75,-52.81,-52.75,-52.66,-52.47,-52.44,-52.32,-52.29,-52.1,-52.19,-52.13,-52.25,-52.1,-52.1,-52.07,-51.85,-51.91,-51.79,-51.79,-51.82,-51.66,-51.63,-51.6,-51.48,-51.41,-51.41,-51.35,-51.45,-51.23,-51.14,-50.82,-50.82,-50.67,-50.58,-50.76,-50.76,-50.61,-50.54,-50.48,-50.58,-50.36,-50.3,-50.11,-50.02,-50.05,-49.92,-49.83,-49.83,-49.61,-49.67,-49.61,-49.33,-49.11,-49.15,-48.96,-48.99,-48.77,-48.83,-48.83,-48.62,-48.46,-48.56,-48.46,-48.37,-48.24,-48.4,-48.4,-48.4,-48.21,-48.24,-48.24,-48.15,-48.06,-47.96,-48.0,-47.9,-47.81,-47.65,-47.31,-47.28,-47.28,-47.19,-47.19,-47.19,-46.81,-46.78,-46.38,-46.07,-45.85,-45.63,-45.14,-44.3,-25.74,30.71,17.66,-15.95,-42.0,-53.81,-58.16,-59.87,-60.27,-60.27,-60.24,-60.09,-60.12,-60.03,-60.06,-60.09,-60.06,-59.9,-59.84,-59.75,-59.81,-59.84,-59.78,-59.87,-59.62,-59.75,-59.75,-59.75,-59.68,-59.81,-59.71,-59.81,-59.71,-59.68,-59.59,-59.71,-59.65,-59.71,-59.65,-59.59,-59.75,-59.65,-59.81,-59.68,-59.71,-59.62,-59.84,-59.65,-59.75,-59.71,-59.78,-59.68,-59.62,-59.68,-59.62,-59.62,-59.68,-59.75,-59.75,-59.78,-59.9,-59.71,-59.75,-59.53,-59.68,-59.75,-59.81,-59.59,-59.68,-59.71,-59.68,-59.75,-59.71,-59.75,-59.81,-59.78,-59.84,-59.9,-59.84,-59.78,-59.78,-59.87,-59.81,-59.75,-59.84,-59.9,-59.96,-59.87,-59.87,-59.84,-59.81,-59.87,-59.81,-59.78,-59.84,-59.75,-59.71,-59.65,-59.68,-59.68,-59.65,-59.65,-59.75,-59.62,-59.65,-59.56,-59.65,-59.71,-59.75,-59.65,-59.68,-59.62,-59.62,-59.65,-59.62,-59.62,-59.62,-59.59,-59.5,-59.59,-59.5,-59.56,-59.43,-59.43,-59.43,-59.4,-59.43,-59.5,-59.5,-59.53,-59.62,-59.62,-59.56,-59.53,-59.56,-59.43,-59.59,-59.56,-59.56,-59.5,-59.56,-59.43,-59.43,-59.56,-59.31,-59.37,-59.4,-59.37,-59.34,-59.25,-59.47,-59.53,-59.43,-59.34,-59.31,-59.4,-59.34,-59.31,-59.31,-59.34,-59.4,-59.43,-59.28,-59.34,-59.25,-59.25,-59.22,-59.22,-59.12,-59.09,-59.19,-59.19,-59.03,-59.19,-59.22,-59.25,-59.19,-59.06,-59.16,-58.91,-59.06,-58.88,-58.91,-58.94,-58.84,-58.78,-58.75,-58.84,-58.69,-58.75,-58.6,-58.69,-58.69,-58.72,-58.75,-58.66,-58.63,-58.6,-58.6,-58.72,-58.5,-58.53,-58.41,-58.6,-58.44,-58.5,-58.35,-58.44,-58.38,-58.5,-58.38,-58.35,-58.32,-58.28,-58.19,-58.25,-58.13,-58.13,-58.16,-58.16,-58.16,-58.13,-58.1,-57.97,-58.0,-58.07,-58.16,-57.94,-57.91,-57.85,-57.88,-57.79,-57.91,-57.85,-57.79,-57.69,-57.73,-57.82,-57.91,-57.85,-57.76,-57.79,-57.73,-57.66,-57.76,-57.6,-57.51,-57.63,-57.51,-57.48,-57.54,-57.48,-57.57,-57.51,-57.45,-57.54,-57.38,-57.35,-57.35,-57.35,-57.32,-57.29,-57.35,-57.35,-57.26,-57.23,-57.23,-57.2,-57.07,-57.23,-57.13,-56.98,-57.01,-56.92,-56.89,-56.89,-56.82,-57.01,-56.89,-56.92,-56.82,-56.76,-56.85,-56.79,-56.64,-56.57,-56.64,-56.57,-56.57,-56.61,-56.57,-56.54,-56.57,-56.3,-56.39,-56.33,-56.33,-56.23,-56.3,-56.33,-56.3,-56.33,-56.3,-56.17,-56.23,-56.08,-56.11,-55.86,-55.89,-55.86,-55.8,-55.83,-55.83,-55.64,-55.64,-55.61,-55.74,-55.7,-55.46,-55.55,-55.46,-55.52,-55.46,-55.42,-55.39,-55.46,-55.36,-55.42,-55.27,-55.11,-55.08,-55.08,-55.08,-55.15,-54.9,-55.08,-54.87,-54.9,-54.93,-54.87,-54.77,-54.68,-54.71,-54.74,-54.55,-54.71,-54.62,-54.52,-54.49,-54.37,-54.31,-54.15,-54.31,-54.34,-53.84,-54.12,-53.96,-54.12,-54.09,-53.96,-54.15,-54.18,-54.09,-54.15,-54.12,-54.09,-54.09,-54.09,-54.09,-54.03,-54.03,-53.87,-54.03,-53.93,-53.75,-53.81,-53.56,-53.59,-53.53,-53.53,-53.37,-53.37,-53.34,-53.34,-53.22,-53.19,-53.25,-53.06,-53.09,-53.25,-53.16,-53.12,-52.88,-53.16,-53.03,-53.0,-53.06,-53.19,-53.12,-52.84,-52.97,-52.88,-52.94,-52.69,-52.72,-52.66,-52.69,-52.63,-52.53,-52.53,-52.69,-52.47,-52.44,-52.47,-52.32,-52.44,-52.38,-52.32,-52.16,-52.04,-52.19,-52.16,-52.1,-51.82,-51.73,-51.76,-51.54,-51.48,-51.38,-51.38,-51.45,-51.29,-51.29,-51.1,-51.1,-51.07,-50.98,-50.86,-50.89,-51.07,-50.92,-50.82,-50.42,-50.61,-50.42,-50.3,-50.26,-50.14,-50.11,-50.2,-50.23,-50.23,-50.14,-49.89,-49.98,-50.11,-49.83,-49.8,-49.74,-49.64,-49.43,-49.33,-49.43,-49.39,-49.21,-49.33,-49.52,-49.21,-49.27,-49.21,-49.21,-49.18,-49.18,-49.18,-49.18,-49.3,-49.24,-49.15,-49.27,-49.33,-49.36,-49.46,-49.43,-49.27,-49.27,-48.9,-49.11,-49.08,-48.99,-48.83,-48.68,-48.56,-48.65,-48.59,-48.46,-48.31,-48.28,-48.09,-47.81,-47.59,-47.62,-47.5,-47.44,-47.5,-47.22,-47.31,-47.28,-47.25,-47.34,-47.4,-47.56,-47.56,-47.4,-47.44,-47.25,-47.25,-47.34,-47.25,-47.0,-46.88,-46.88,-46.63,-46.32,-45.85,-45.14,-43.21,0.81,30.49,1.37,-28.66,-48.18,-55.95,-58.91,-60.06,-60.52,-60.55,-60.43,-60.4,-60.4,-60.34,-60.27,-60.03,-59.99,-60.15,-60.03,-59.96,-59.99,-59.93,-59.81,-59.9,-59.93,-59.9,-59.87,-59.99,-59.81,-59.9,-59.81,-59.87,-59.9,-59.99,-60.12,-59.96,-59.99,-59.99,-60.03,-60.09,-60.09,-59.99,-59.93,-60.12,-60.21,-60.03,-60.06,-60.09,-60.09,-60.09,-60.03,-60.12,-60.18,-60.09,-60.15,-60.18,-60.27,-60.21,-60.18,-60.34,-60.4,-60.34,-60.34,-60.31,-60.24,-60.27,-60.24,-60.34,-60.21,-60.24,-60.24,-60.24,-60.4,-60.37,-60.09,-60.31,-60.27,-60.15,-60.21,-60.21,-60.27,-60.24,-60.21,-60.12,-60.15,-60.12,-60.06,-60.03,-60.03,-60.06,-60.06,-60.03,-59.99,-59.99,-59.87,-59.99,-59.68,-59.87,-59.78,-59.81,-59.78,-59.75,-59.75,-59.81,-59.87,-59.9,-59.87,-59.81,-59.78,-59.78,-59.84,-59.81,-59.81,-59.68,-59.71,-59.81,-59.62,-59.62,-59.75,-59.84,-59.62,-59.71,-59.65,-59.68,-59.75,-59.78,-59.65,-59.68,-59.62,-59.62,-59.43,-59.59,-59.4,-59.4,-59.37,-59.4,-59.4,-59.4,-59.47,-59.34,-59.28,-59.37,-59.37,-59.31,-59.31,-59.25,-59.06,-59.19,-59.19,-59.34,-59.31,-59.16,-59.12,-59.06,-59.12,-59.06,-59.25,-59.19,-59.16,-59.16,-59.19,-59.0,-59.0,-59.12,-59.12,-59.03,-59.19,-59.16,-59.16,-59.19,-59.16,-59.25,-59.09,-59.06,-59.22,-59.06,-59.16,-59.06,-59.03,-59.03,-59.0,-59.09,-59.09,-59.06,-58.94,-59.03,-59.06,-59.06,-59.06,-59.03,-58.97,-58.91,-58.84,-58.84,-58.72,-58.75,-58.66,-58.56,-58.44,-58.66,-58.56,-58.72,-58.63,-58.69,-58.69,-58.63,-58.56,-58.53,-58.44,-58.6,-58.41,-58.44,-58.44,-58.35,-58.41,-58.35,-58.53,-58.41,-58.41,-58.35,-58.44,-58.32,-58.16,-58.28,-58.25,-58.22,-58.16,-58.19,-58.0,-58.07,-58.07,-57.94,-57.85,-57.94,-58.0,-57.82,-57.85,-57.82,-57.88,-57.88,-57.82,-57.73,-57.76,-57.91,-57.91,-57.82,-57.82,-57.91,-57.76,-57.69,-57.85,-57.82,-57.88,-57.66,-57.76,-57.79,-57.69,-57.73,-57.6,-57.51,-57.57,-57.54,-57.45,-57.26,-57.29,-57.41,-57.29,-57.35,-57.26,-57.2,-57.2,-57.17,-57.1,-57.07,-57.2,-57.17,-57.07,-56.89,-56.95,-56.92,-56.82,-56.82,-56.82,-56.79,-56.7,-56.7,-56.7,-56.57,-56.61,-56.61,-56.57,-56.48,-56.39,-56.39,-56.45,-56.39,-56.42,-56.3,-56.3,-56.26,-56.3,-56.2,-56.11,-55.92,-55.98,-55.89,-56.11,-56.08,-55.98,-55.89,-56.02,-55.89,-55.83,-55.83,-55.89,-55.77,-55.8,-55.67,-55.7,-55.74,-55.74,-55.55,-55.61,-55.49,-55.46,-55.49,-55.3,-55.42,-55.46,-55.39,-55.33,-55.33,-55.27,-55.46,-55.52,-55.36,-55.24,-55.27,-55.33,-55.24,-55.24,-55.24,-55.18,-55.3,-55.24,-55.27,-55.05,-55.08,-55.11,-55.21,-55.05,-55.05,-55.21,-55.08,-55.05,-55.11,-54.99,-55.05,-55.08,-54.93,-54.96,-54.87,-54.9,-54.93,-54.87,-54.9,-54.9,-54.8,-54.62,-54.71,-54.71,-54.62,-54.59,-54.52,-54.55,-54.43,-54.31,-54.46,-54.34,-54.18,-54.24,-54.31,-54.24,-54.12,-53.96,-53.87,-53.81,-53.65,-53.78,-53.68,-53.65,-53.53,-53.56,-53.34,-53.34,-53.4,-53.34,-53.22,-53.28,-53.31,-53.31,-53.31,-53.19,-53.22,-53.31,-53.22,-53.19,-52.88,-52.97,-53.0,-52.78,-52.84,-52.97,-53.03,-52.94,-52.88,-52.94,-52.97,-52.84,-52.88,-53.0,-52.91,-52.97,-52.84,-52.81,-52.72,-52.78,-52.72,-52.63,-52.53,-52.63,-52.47,-52.5,-52.6,-52.47,-52.32,-52.25,-52.22,-52.19,-52.13,-52.01,-51.97,-51.97,-51.94,-51.97,-51.94,-51.97,-52.1,-52.13,-52.1,-51.97,-52.19,-52.1,-52.13,-52.19,-52.13,-52.07,-52.01,-52.07,-52.04,-51.97,-51.97,-52.13,-51.76,-51.88,-51.79,-51.73,-51.73,-51.57,-51.45,-51.57,-51.41,-51.66,-51.48,-51.54,-51.48,-51.51,-51.57,-51.41,-51.35,-51.2,-51.38,-51.29,-51.14,-51.04,-51.17,-51.14,-51.23,-51.1,-50.92,-50.89,-51.01,-50.92,-50.67,-50.58,-50.42,-50.2,-50.11,-50.17,-49.89,-49.67,-49.67,-49.58,-49.24,-49.24,-49.05,-48.99,-49.15,-49.18,-49.05,-48.99,-48.93,-48.8,-48.74,-48.8,-48.62,-48.43,-48.52,-48.4,-48.12,-48.15,-47.9,-47.96,-47.65,-47.47,-47.22,-46.75,-46.5,-45.91,-44.98,-27.95,29.53,19.58,-15.26,-41.72,-53.75,-58.07,-59.75,-60.27,-60.52,-60.43,-60.43,-60.34,-60.27,-60.24,-60.37,-60.24,-60.31,-60.12,-60.18,-60.21,-60.18,-60.12,-60.12,-60.03,-59.99,-59.9,-60.12,-59.99,-59.99,-60.15,-60.03,-60.18,-60.18,-60.06,-60.12,-60.06,-60.12,-60.12,-60.03,-60.12,-60.09,-60.12,-60.09,-60.09,-60.15,-60.09,-59.99,-59.96,-60.03,-60.09,-60.06,-60.06,-60.09,-60.15,-60.12,-59.96,-59.93,-60.09,-59.9,-59.93,-59.9,-59.9,-59.99,-60.03,-59.93,-60.09,-59.96,-59.93,-59.96,-59.87,-59.9,-59.93,-59.96,-59.99,-59.9,-60.09,-60.06,-59.93,-59.93,-60.06,-60.03,-59.93,-60.12,-59.96,-59.87,-59.87,-59.78,-59.78,-59.87,-59.81,-59.81,-59.9,-59.9,-59.78,-59.81,-59.71,-59.75,-59.71,-59.68,-59.75,-59.81,-59.71,-59.71,-59.68,-59.75,-59.59,-59.84,-59.75,-59.68,-59.75,-59.71,-59.71,-59.71,-59.65,-59.62,-59.62,-59.62,-59.62,-59.62,-59.75,-59.65,-59.62,-59.62,-59.75,-59.65,-59.75,-59.78,-59.59,-59.59,-59.68,-59.68,-59.62,-59.53,-59.59,-59.5,-59.62,-59.68,-59.53,-59.5,-59.47,-59.28,-59.4,-59.37,-59.34,-59.37,-59.4,-59.4,-59.31,-59.43,-59.31,-59.31,-59.31,-59.25,-59.16,-59.12,-59.28,-59.31,-59.31,-59.31,-59.19,-59.25,-59.19,-59.12,-59.25,-59.19,-59.12,-59.19,-59.16,-59.09,-58.94,-59.03,-59.12,-59.03,-58.91,-58.88,-58.94,-59.03,-59.03,-58.91,-58.81,-58.94,-58.94,-58.84,-58.88,-58.88,-58.81,-59.06,-58.72,-58.78,-58.88,-58.81,-58.91,-58.72,-58.69,-58.75,-58.66,-58.66,-58.69,-58.66,-58.47,-58.63,-58.56,-58.72,-58.63,-58.72,-58.69,-58.56,-58.69,-58.63,-58.56,-58.44,-58.56,-58.5,-58.44,-58.44,-58.44,-58.44,-58.6,-58.47,-58.44,-58.56,-58.44,-58.44,-58.56,-58.5,-58.56,-58.5,-58.56,-58.44,-58.35,-58.41,-58.56,-58.47,-58.44,-58.5,-58.41,-58.38,-58.38,-58.44,-58.32,-58.44,-58.41,-58.35,-58.38,-58.38,-58.19,-58.22,-58.22,-58.16,-58.04,-58.1,-58.16,-58.22,-57.97,-58.07,-58.0,-57.94,-57.94,-57.66,-57.79,-57.82,-57.91,-57.69,-58.0,-57.91,-57.82,-57.76,-57.82,-57.76,-57.76,-57.66,-57.79,-57.79,-57.76,-57.76,-57.76,-57.76,-57.85,-57.88,-58.0,-57.82,-57.76,-57.73,-57.76,-57.69,-57.76,-57.79,-57.82,-57.66,-57.73,-57.69,-57.63,-57.63,-57.66,-57.6,-57.69,-57.69,-57.73,-57.57,-57.63,-57.63,-57.69,-57.63,-57.6,-57.54,-57.48,-57.57,-57.57,-57.51,-57.45,-57.48,-57.51,-57.54,-57.54,-57.45,-57.54,-57.6,-57.51,-57.54,-57.66,-57.57,-57.51,-57.6,-57.45,-57.41,-57.45,-57.38,-57.32,-57.32,-57.23,-57.26,-57.13,-57.23,-57.13,-57.1,-57.07,-57.13,-57.07,-57.1,-57.07,-57.1,-57.1,-56.92,-56.89,-56.89,-56.79,-56.73,-56.79,-56.79,-56.7,-56.7,-56.67,-56.48,-56.57,-56.64,-56.54,-56.51,-56.42,-56.39,-56.45,-56.42,-56.54,-56.3,-56.33,-56.23,-56.2,-56.23,-56.08,-56.26,-56.3,-56.23,-56.17,-56.17,-56.14,-56.23,-56.23,-56.08,-56.11,-56.05,-56.08,-55.98,-55.95,-56.02,-55.89,-56.02,-55.98,-55.92,-55.98,-55.89,-55.98,-55.98,-55.83,-55.89,-55.92,-56.08,-55.86,-55.92,-55.86,-55.86,-55.95,-55.86,-55.77,-55.8,-55.7,-55.61,-55.55,-55.55,-55.46,-55.36,-55.49,-55.39,-55.39,-55.27,-55.3,-55.36,-55.24,-55.27,-55.11,-55.21,-55.08,-54.96,-55.05,-55.05,-55.02,-55.11,-55.02,-54.83,-54.93,-54.77,-54.8,-54.65,-54.68,-54.55,-54.55,-54.59,-54.55,-54.59,-54.4,-54.34,-54.27,-54.37,-54.37,-54.15,-54.09,-54.12,-53.9,-53.99,-53.81,-53.9,-53.65,-53.65,-53.53,-53.56,-53.44,-53.62,-53.62,-53.37,-53.37,-53.31,-53.34,-53.31,-53.28,-53.19,-53.22,-53.25,-53.19,-53.12,-53.16,-53.12,-53.09,-53.09,-52.97,-53.03,-52.97,-52.88,-52.81,-52.88,-52.75,-52.81,-52.53,-52.5,-52.44,-52.41,-52.38,-52.38,-52.38,-52.29,-52.22,-52.29,-52.16,-52.22,-52.19,-52.13,-52.13,-52.13,-52.1,-52.04,-52.13,-51.97,-52.07,-51.97,-52.1,-51.97,-52.13,-51.97,-52.07,-52.01,-51.97,-52.1,-51.85,-51.69,-51.94,-51.82,-51.76,-51.91,-51.63,-51.79,-51.73,-51.63,-51.69,-51.57,-51.41,-51.69,-51.6,-51.54,-51.38,-51.14,-51.32,-51.23,-51.32,-51.26,-51.29,-51.23,-51.14,-51.23,-51.29,-51.29,-51.35,-51.29,-51.2,-51.45,-51.45,-51.48,-51.38,-51.35,-51.35,-51.57,-51.45,-51.32,-51.45,-51.35,-51.45,-51.32,-51.2,-51.26,-50.92,-50.95,-50.95,-50.86,-50.86,-50.73,-50.58,-50.76,-50.7,-50.73,-50.7,-50.61,-50.79,-50.64,-50.76,-50.64,-50.58,-50.54,-50.45,-50.45,-50.45,-50.54,-50.61,-50.54,-50.14,-50.11,-50.11,-50.17,-50.02,-50.17,-50.26,-50.33,-50.36,-50.33,-50.05,-50.14,-50.2,-50.11,-50.14,-50.2,-50.2,-49.98,-50.08,-50.2,-50.26,-50.08,-50.23,-50.23,-50.26,-50.17,-50.23,-50.14,-50.3,-50.45,-50.45,-50.33,-50.3,-50.17,-50.14,-50.11,-50.2,-50.14,-50.26,-50.17,-50.39,-50.26,-50.36,-50.23,-50.36,-50.39,-50.26,-50.39,-50.3,-50.33,-50.2,-50.36,-50.36,-50.45,-50.67,-50.76,-50.79,-51.01,-50.95,-51.07,-50.92,-50.92,-50.82,-50.89,-50.82,-50.89,-51.04,-50.89,-50.95,-51.14,-50.92,-51.04,-51.01,-50.95,-51.04,-51.1,-51.04,-51.1,-51.01,-50.98,-50.95,-50.79,-50.89,-50.86,-51.07,-50.98,-50.92,-51.07,-51.07,-51.14,-51.07,-51.17,-51.29,-51.26,-51.32,-51.23,-51.2,-51.38,-51.32,-51.29,-51.38,-51.1,-51.32,-51.38,-51.17,-51.26,-51.48,-51.35,-51.41,-51.45,-51.38,-51.54,-51.69,-51.57,-51.63,-51.48,-51.63,-51.45,-51.63,-51.69,-51.69,-51.63,-51.69,-51.69,-51.79,-51.82,-51.79,-51.69,-51.63,-51.66,-51.6,-51.6,-51.66,-51.63,-51.6,-51.79,-51.69,-51.76,-51.73,-51.76,-51.82,-51.88,-51.97,-51.97,-51.94,-51.97,-51.88,-51.79,-51.85,-51.94,-52.01,-52.01,-51.91,-52.1,-52.13,-52.19,-52.29,-52.29,-52.32,-52.35,-52.38,-52.29,-52.35,-52.19,-52.19,-52.25,-52.22,-52.25,-52.35,-52.22,-52.25,-52.19,-52.35,-52.19,-52.16,-52.29,-51.97,-52.1,-52.13,-52.07,-52.19,-52.1,-52.1,-52.04,-52.1,-51.94,-51.94,-51.85,-51.91,-51.94,-52.01,-52.07,-51.97,-51.94,-51.85,-51.94,-51.79,-51.97,-51.85,-51.85,-52.07,-52.19,-52.04,-52.04,-52.1,-52.13,-52.1,-51.85,-51.82,-52.1,-52.07,-52.04,-52.07,-51.76,-51.88,-51.97,-52.1,-52.07,-52.19,-52.01,-51.97,-52.07,-52.1,-52.07,-51.85,-51.79,-51.82,-51.79,-51.85,-51.88,-51.91,-51.91,-51.97,-52.1,-52.04,-51.94,-51.91,-51.88,-51.88,-51.88,-51.94,-52.04,-51.94,-52.01,-51.85,-51.91,-51.82,-51.85,-51.82,-51.76,-51.6,-51.66,-51.57,-51.48,-51.63,-51.69,-51.69,-51.54,-51.38,-51.48,-51.51,-51.69,-51.6,-51.45,-51.48,-51.45,-51.38,-51.41,-51.2,-51.29,-51.14,-51.45,-51.41,-51.2,-51.29,-51.45,-51.48,-51.54,-51.51,-51.45,-51.57,-51.41,-51.26,-51.32,-51.23,-51.14,-51.29,-51.2,-51.23,-51.2,-51.23,-51.23,-50.79,-50.86,-50.73,-50.86,-50.58,-50.7,-50.64,-50.64,-50.54,-50.58,-50.48,-50.45,-50.51,-50.48,-50.45,-50.42,-50.42,-50.36,-50.3,-50.3,-50.36,-50.2,-50.45,-50.2,-50.26,-50.26,-50.23,-50.17,-50.11,-50.3,-50.2,-50.05,-50.14,-50.26,-50.36,-50.45,-50.48,-50.26,-50.26,-50.23,-50.33,-50.42,-50.45,-50.39,-50.48,-50.48,-50.39,-50.33,-50.33,-50.14,-50.08,-50.45,-50.39,-50.3,-50.39,-50.39,-50.26,-50.42,-50.33,-50.54,-50.33,-50.33,-50.51,-50.39,-50.23,-50.26,-50.23,-50.26,-50.3,-50.11,-50.11,-50.2,-50.23,-50.23,-50.08,-50.11,-50.05,-50.08,-49.95,-49.98,-50.05,-49.8,-49.77,-49.83,-49.83,-49.67,-49.67,-49.58,-49.58,-49.74,-49.46,-49.46,-49.71,-49.71,-49.64,-49.64,-49.49,-49.49,-49.55,-49.55,-49.67,-49.52,-49.27,-49.24,-49.21,-49.15,-49.08,-49.11,-48.83,-48.65,-48.56,-48.46,-48.56,-48.77,-48.68,-48.8,-48.74,-48.77,-48.71,-48.77,-48.68,-48.56,-48.65,-48.83,-48.9,-48.9,-48.8,-48.74,-48.4,-48.43,-48.34,-48.37,-48.37,-48.28,-48.31,-48.28,-48.21,-47.96,-47.93,-47.93,-47.87,-48.09,-48.21,-47.87,-48.06,-48.12,-48.12,-48.28,-48.4,-48.49,-48.49,-48.49,-48.46,-48.43,-48.46,-48.46,-48.71,-48.77,-48.74,-48.56,-48.46,-48.56,-48.62,-48.62,-48.37,-48.34,-48.34,-48.31,-47.96,-48.12,-48.18,-47.96,-48.03,-48.03,-47.5,-47.59,-47.4,-47.37,-47.62,-47.84,-47.78,-47.9,-48.09,-48.03,-47.93,-48.0,-47.96,-48.12,-47.96,-47.72,-47.44,-47.4,-47.16,-46.88,-46.6,-46.5,-46.63,-46.16,-45.42,-43.83,-7.03,31.33,7.43,-22.6,-44.86,-54.34,-57.94,-59.43,-59.99,-60.15,-60.12,-60.21,-60.15,-60.09,-59.93,-60.06,-60.03,-60.03,-60.06,-60.21,-60.12,-59.93,-59.99,-60.03,-60.18,-59.93,-60.21,-60.24,-60.12,-60.24,-60.34,-60.27,-60.34,-60.27,-60.31,-60.21,-60.43,-60.37,-60.43,-60.55,-60.65,-60.58,-60.68,-60.68,-60.86,-60.74,-60.74,-60.74,-60.71,-60.8,-60.93,-60.9,-60.77,-61.05,-61.05,-61.08,-61.18,-61.14,-61.11,-61.08,-61.36,-61.27,-61.3,-61.08,-61.3,-61.24,-61.3,-61.27,-61.14,-61.27,-61.33,-61.18,-61.18,-61.27,-61.33,-61.24,-61.11,-61.18,-61.11,-61.05,-61.24,-61.11,-61.11,-61.08,-61.14,-61.14,-61.02,-61.18,-61.14,-61.18,-61.11,-61.14,-61.21,-61.18,-61.11,-61.08,-61.24,-61.18,-61.11,-61.08,-61.21,-61.24,-61.24,-61.14,-61.21,-61.05,-61.21,-61.11,-61.18,-61.18,-61.21,-61.11,-61.14,-61.27,-61.24,-61.08,-61.24,-61.18,-61.18,-61.18,-61.18,-61.3,-61.27,-61.36,-61.27,-61.33,-61.24,-61.08,-61.42,-61.08,-61.24,-61.24,-61.27,-61.24,-61.24,-61.18,-61.18,-61.18,-61.27,-61.21,-61.14,-61.18,-61.27,-61.14,-61.08,-61.18,-61.05,-61.05,-61.14,-61.11,-61.05,-61.11,-61.18,-61.05,-61.08,-61.08,-60.99,-60.99,-61.11,-60.9,-61.02,-60.86,-60.99,-61.08,-61.11,-60.86,-60.86,-60.93,-60.86,-60.83,-60.96,-60.9,-60.77,-60.9,-60.8,-60.74,-60.68,-60.77,-60.9,-60.74,-60.8,-60.74,-60.77,-60.8,-60.62,-60.58,-60.55,-60.49,-60.58,-60.49,-60.55,-60.4,-60.55,-60.4,-60.49,-60.46,-60.34,-60.34,-60.27,-60.49,-60.31,-60.4,-60.43,-60.37,-60.4,-60.31,-60.27,-60.27,-60.27,-60.31,-60.21,-60.27,-60.09,-60.15,-59.99,-60.09,-59.87,-59.93,-59.9,-59.93,-59.81,-59.96,-59.75,-59.81,-59.93,-59.81,-59.84,-59.78,-59.9,-59.78,-59.75,-59.68,-59.62,-59.68,-59.68,-59.53,-59.56,-59.53,-59.56,-59.62,-59.68,-59.53,-59.56,-59.47,-59.65,-59.62,-59.65,-59.5,-59.43,-59.65,-59.65,-59.68,-59.56,-59.53,-59.62,-59.59,-59.53,-59.59,-59.43,-59.43,-59.43,-59.4,-59.43,-59.4,-59.4,-59.43,-59.4,-59.43,-59.22,-59.31,-59.25,-59.22,-59.25,-59.22,-59.25,-59.28,-59.16,-59.31,-59.19,-59.28,-59.16,-59.12,-59.16,-59.06,-58.94,-59.19,-59.09,-59.0,-59.06,-58.97,-58.91,-58.84,-58.81,-58.75,-58.84,-58.81,-58.84,-58.72,-58.81,-58.78,-58.75,-58.81,-58.75,-58.75,-58.72,-58.66,-58.84,-58.84,-58.69,-58.78,-58.72,-58.78,-58.84,-58.63,-58.81,-58.91,-58.78,-58.72,-58.66,-58.75,-58.69,-58.63,-58.84,-58.75,-58.56,-58.63,-58.75,-58.56,-58.69,-58.63,-58.56,-58.66,-58.63,-58.6,-58.63,-58.47,-58.41,-58.41,-58.38,-58.41,-58.5,-58.32,-58.35,-58.5,-58.5,-58.41,-58.44,-58.41,-58.38,-58.41,-58.32,-58.22,-58.41,-58.47,-58.38,-58.41,-58.41,-58.28,-58.22,-58.07,-58.16,-58.32,-58.25,-58.25,-58.25,-58.1,-58.35,-58.19,-58.22,-58.13,-58.13,-58.07,-58.04,-58.04,-57.94,-58.19,-58.0,-58.07,-58.07,-58.04,-57.79,-57.79,-57.79,-57.82,-57.85,-57.82,-57.76,-57.79,-57.66,-57.79,-57.76,-57.69,-57.6,-57.51,-57.48,-57.48,-57.38,-57.32,-57.51,-57.51,-57.57,-57.38,-57.45,-57.35,-57.38,-57.2,-57.35,-57.32,-57.35,-57.32,-57.2,-57.41,-57.23,-57.2,-57.17,-57.13,-57.29,-57.17,-57.1,-57.26,-57.2,-57.2,-57.1,-57.26,-57.07,-57.2,-57.2,-57.2,-57.26,-57.2,-57.1,-57.1,-57.13,-57.23,-57.13,-56.95,-56.95,-57.01,-56.95,-57.04,-57.07,-56.98,-56.98,-57.07,-56.95,-56.98,-56.92,-56.89,-56.92,-56.85,-56.92,-56.98,-57.01,-56.76,-56.92,-56.85,-56.85,-56.89,-56.82,-56.89,-56.82,-56.73,-56.73,-56.7,-56.57,-56.79,-56.64,-56.7,-56.57,-56.51,-56.54,-56.54,-56.57,-56.61,-56.54,-56.51,-56.64,-56.48,-56.45,-56.3,-56.33,-56.36,-56.39,-56.36,-56.2,-56.05,-55.95,-56.02,-56.02,-56.02,-56.08,-56.02,-55.86,-56.08,-56.05,-55.83,-55.8,-55.83,-55.86,-55.83,-55.77,-55.8,-55.77,-55.8,-55.61,-55.64,-55.52,-55.46,-55.52,-55.42,-55.52,-55.52,-55.49,-55.58,-55.55,-55.55,-55.64,-55.55,-55.64,-55.46,-55.61,-55.55,-55.46,-55.36,-55.36,-55.46,-55.33,-55.39,-55.33,-55.39,-55.33,-55.27,-55.15,-55.21,-55.27,-55.24,-55.27,-55.24,-55.24,-55.11,-55.18,-55.18,-55.36,-55.02,-55.18,-55.08,-55.08,-55.18,-55.15,-55.11,-55.15,-55.15,-54.96,-55.15,-55.15,-55.24,-55.02,-55.11,-55.05,-54.99,-54.96,-54.96,-54.93,-54.9,-54.77,-54.9,-54.83,-54.93,-54.8,-54.68,-54.71,-54.8,-54.62,-54.62,-54.62,-54.55,-54.59,-54.59,-54.52,-54.52,-54.55,-54.46,-54.46,-54.4,-54.43,-54.62,-54.55,-54.34,-54.27,-54.09,-54.15,-54.31,-54.27,-54.31,-54.27,-54.12,-54.27,-54.24,-54.27,-54.21,-54.21,-54.12,-54.12,-54.15,-54.12,-54.15,-54.09,-53.99,-54.15,-54.18,-54.03,-54.15,-54.03,-54.18,-54.03,-53.99,-54.03,-53.84,-53.84,-53.9,-53.84,-53.93,-53.93,-53.96,-53.93,-53.75,-53.93,-53.78,-53.62,-53.68,-53.59,-53.65,-53.5,-53.53,-53.53,-53.4,-53.47,-53.31,-53.47,-53.44,-53.28,-53.34,-53.37,-53.28,-53.34,-53.25,-53.28,-53.12,-53.19,-53.16,-53.12,-53.0,-53.06,-53.0,-52.94,-52.81,-52.94,-52.97,-52.78,-52.81,-52.72,-52.72,-52.63,-52.66,-52.66,-52.5,-52.44,-52.38,-52.19,-52.35,-52.38,-52.47,-52.29,-52.29,-52.38,-52.35,-52.25,-52.1,-51.97,-51.97,-51.85,-51.88,-51.76,-51.66,-51.54,-51.51,-51.6,-51.35,-51.23,-51.23,-51.04,-50.95,-51.04,-50.95,-51.07,-50.95,-50.92,-50.79,-50.76,-50.64,-50.67,-50.7,-50.45,-50.51,-50.45,-50.42,-50.36,-50.39,-50.08,-50.02,-49.95,-49.92,-49.8,-49.77,-49.36,-49.11,-48.93,-48.65,-48.49,-48.34,-48.37,-48.21,-48.37,-48.31,-48.03,-47.81,-47.68,-47.78,-47.47,-46.81,-46.19,-45.14,-20.8,32.92,13.43,-20.64,-44.95,-54.93,-58.6,-59.99,-60.49,-60.37,-60.34,-60.12,-59.99,-59.9,-59.65,-59.78,-59.81,-59.68,-59.78,-59.78,-59.78,-59.75,-59.9,-59.84,-59.9,-59.84,-60.03,-59.93,-59.9,-59.96,-59.93,-60.09,-60.06,-59.96,-59.99,-59.99,-60.09,-60.15,-60.09,-60.21,-60.15,-60.18,-60.18,-60.27,-60.15,-60.09,-60.31,-60.18,-60.31,-60.21,-60.09,-60.15,-60.27,-60.24,-60.15,-60.27,-60.12,-60.21,-60.15,-60.03,-60.15,-60.15,-60.24,-60.4,-60.24,-60.24,-60.18,-60.37,-60.09,-60.15,-60.24,-60.15,-60.24,-60.21,-60.15,-60.34,-60.37,-60.31,-60.21,-60.27,-60.21,-60.37,-60.12,-60.12,-60.15,-60.31,-60.21,-60.18,-60.21,-60.18,-60.21,-60.27,-60.15,-60.24,-60.12,-60.18,-60.18,-60.15,-60.27,-60.15,-60.18,-60.18,-60.06,-60.09,-60.15,-60.03,-60.12,-59.87,-59.81,-59.99,-60.03,-60.12,-59.84,-60.06,-59.93,-59.9,-60.09,-59.9,-59.96,-59.9,-59.93,-60.06,-59.9,-60.12,-60.06,-60.12,-60.03,-59.96,-60.09,-59.99,-60.03,-60.15,-59.96,-59.96,-59.81,-59.93,-59.81,-59.84,-59.9,-59.84,-59.9,-59.84,-59.81,-59.78,-59.9,-59.75,-59.71,-59.68,-59.65,-59.68,-59.62,-59.59,-59.68,-59.56,-59.53,-59.47,-59.62,-59.68,-59.43,-59.47,-59.4,-59.59,-59.56,-59.37,-59.37,-59.53,-59.4,-59.56,-59.56,-59.34,-59.56,-59.34,-59.4,-59.31,-59.22,-59.19,-59.31,-59.34,-59.34,-59.25,-59.25,-59.19,-59.31,-59.16,-59.09,-59.06,-59.09,-59.19,-59.09,-59.09,-59.09,-59.19,-59.16,-59.03,-59.06,-58.97,-58.97,-58.88,-58.91,-58.84,-58.84,-58.94,-58.94,-58.81,-58.91,-58.75,-58.88,-58.6,-58.5,-58.66,-58.72,-58.69,-58.56,-58.72,-58.75,-58.66,-58.6,-58.53,-58.63,-58.66,-58.63,-58.5,-58.53,-58.47,-58.6,-58.53,-58.56,-58.63,-58.5,-58.5,-58.56,-58.53,-58.56,-58.66,-58.47,-58.38,-58.32,-58.28,-58.38,-58.28,-58.22,-58.41,-58.28,-58.38,-58.32,-58.32,-58.25,-58.22,-58.16,-58.1,-58.07,-58.1,-57.97,-57.88,-57.94,-58.04,-57.88,-57.91,-57.76,-57.85,-57.66,-57.85,-57.69,-57.73,-57.69,-57.73,-57.63,-57.48,-57.57,-57.41,-57.54,-57.51,-57.48,-57.41,-57.35,-57.23,-57.29,-57.41,-57.35,-57.32,-57.32,-57.23,-57.29,-57.29,-57.23,-57.1,-57.1,-57.1,-57.07,-57.01,-57.07,-56.89,-56.98,-56.92,-56.85,-56.92,-56.95,-57.01,-57.04,-56.85,-56.82,-56.85,-56.76,-56.64,-56.7,-56.76,-56.64,-56.73,-56.67,-56.64,-56.54,-56.61,-56.64,-56.54,-56.57,-56.57,-56.39,-56.39,-56.51,-56.45,-56.51,-56.57,-56.36,-56.42,-56.42,-56.54,-56.42,-56.45,-56.42,-56.39,-56.51,-56.45,-56.48,-56.61,-56.54,-56.48,-56.48,-56.39,-56.45,-56.33,-56.26,-56.23,-56.23,-56.23,-56.14,-56.11,-56.14,-56.11,-56.11,-56.05,-55.83,-55.89,-55.74,-55.8,-55.8,-55.64,-55.64,-55.64,-55.67,-55.55,-55.55,-55.61,-55.55,-55.36,-55.27,-55.33,-55.21,-55.33,-55.27,-55.21,-55.27,-55.21,-55.11,-55.15,-55.15,-55.11,-55.15,-55.05,-54.87,-54.8,-54.77,-54.77,-55.02,-54.83,-54.99,-54.93,-54.9,-54.77,-54.65,-54.65,-54.65,-54.8,-54.71,-54.68,-54.68,-54.65,-54.46,-54.59,-54.52,-54.52,-54.34,-54.37,-54.4,-54.59,-54.46,-54.46,-54.46,-54.37,-54.46,-54.46,-54.52,-54.37,-54.46,-54.65,-54.65,-54.52,-54.62,-54.68,-54.62,-54.62,-54.43,-54.49,-54.59,-54.52,-54.59,-54.46,-54.46,-54.27,-54.43,-54.4,-54.27,-54.31,-54.27,-54.31,-54.31,-54.24,-54.12,-54.24,-54.18,-54.15,-54.21,-53.96,-53.9,-53.87,-53.81,-53.87,-53.72,-53.72,-53.75,-53.53,-53.68,-53.75,-53.47,-53.56,-53.47,-53.44,-53.4,-53.34,-53.34,-53.25,-53.09,-53.0,-52.91,-52.78,-52.66,-52.66,-52.66,-52.66,-52.35,-52.38,-52.19,-52.32,-52.44,-52.35,-52.53,-52.29,-52.16,-52.16,-52.22,-52.16,-52.22,-52.22,-52.1,-52.13,-52.16,-52.13,-52.22,-52.13,-52.07,-51.91,-52.04,-52.07,-51.97,-51.79,-51.63,-51.79,-51.45,-51.69,-51.63,-51.41,-51.32,-51.23,-51.07,-50.76,-50.64,-50.48,-50.39,-50.39,-50.23,-49.95,-49.95,-49.64,-49.64,-49.67,-49.46,-49.18,-49.11,-49.11,-48.83,-48.56,-48.43,-48.21,-47.84,-47.28,-47.03,-46.63,-45.94,-44.95,-18.34,32.39,11.91,-20.67,-45.14,-55.11,-58.81,-60.37,-60.86,-60.99,-60.77,-60.77,-60.62,-60.52,-60.4,-60.24,-60.21,-60.09,-60.03,-59.99,-60.03,-59.87,-59.87,-59.9,-59.84,-60.09,-59.96,-59.87,-60.03,-59.87,-59.87,-59.9,-59.87,-59.84,-59.87,-59.9,-59.9,-59.84,-59.75,-59.78,-59.84,-59.9,-59.84,-59.9,-59.87,-59.96,-59.87,-59.96,-59.81,-59.99,-59.99,-59.99,-59.93,-60.06,-59.96,-59.96,-59.99,-60.06,-60.09,-60.06,-59.99,-60.06,-59.99,-59.96,-59.96,-60.09,-60.12,-59.99,-60.12,-60.09,-60.03,-60.21,-60.12,-60.15,-60.34,-60.24,-60.21,-60.15,-60.37,-60.34,-60.4,-60.27,-60.21,-60.34,-60.24,-60.24,-60.4,-60.4,-60.24,-60.24,-60.31,-60.4,-60.21,-60.31,-60.15,-60.31,-60.27,-60.18,-60.37,-60.18,-60.27,-60.09,-60.21,-60.12,-60.15,-60.06,-60.15,-60.06,-60.12,-60.12,-60.03,-59.9,-59.99,-59.99,-60.06,-60.03,-59.81,-59.9,-59.99,-59.84,-59.9,-60.06,-59.9,-59.93,-59.81,-59.75,-59.81,-59.81,-59.84,-59.78,-59.78,-59.78,-59.75,-59.71,-59.62,-59.62,-59.68,-59.65,-59.53,-59.62,-59.56,-59.65,-59.65,-59.56,-59.43,-59.43,-59.43,-59.43,-59.5,-59.43,-59.37,-59.37,-59.37,-59.34,-59.43,-59.53,-59.28,-59.34,-59.34,-59.34,-59.25,-59.37,-59.37,-59.28,-59.37,-59.37,-59.31,-59.28,-59.19,-59.28,-59.22,-59.16,-59.34,-59.19,-59.22,-59.25,-59.12,-59.12,-59.03,-59.06,-59.12,-59.12,-58.94,-58.91,-59.03,-59.03,-59.0,-59.12,-58.97,-59.0,-59.06,-59.03,-59.06,-58.88,-58.78,-58.84,-58.81,-58.91,-58.78,-58.78,-58.81,-58.94,-58.72,-58.78,-58.6,-58.66,-58.63,-58.75,-58.63,-58.72,-58.56,-58.6,-58.63,-58.53,-58.53,-58.63,-58.44,-58.53,-58.44,-58.5,-58.38,-58.38,-58.41,-58.41,-58.35,-58.41,-58.44,-58.22,-58.41,-58.32,-58.35,-58.19,-58.32,-58.07,-58.16,-58.04,-58.0,-58.07,-58.0,-57.94,-58.07,-58.0,-57.85,-58.04,-57.88,-57.82,-57.88,-57.94,-57.88,-57.79,-57.82,-57.73,-57.82,-57.63,-57.69,-57.73,-57.63,-57.48,-57.6,-57.66,-57.69,-57.51,-57.57,-57.57,-57.54,-57.54,-57.6,-57.63,-57.51,-57.54,-57.45,-57.45,-57.54,-57.57,-57.45,-57.45,-57.32,-57.54,-57.45,-57.26,-57.35,-57.32,-57.41,-57.1,-57.26,-57.23,-57.26,-57.26,-57.26,-57.32,-57.23,-57.23,-57.23,-57.23,-57.23,-57.26,-57.17,-57.23,-57.04,-56.85,-57.13,-57.1,-57.17,-57.07,-57.04,-56.95,-57.07,-57.1,-56.98,-56.92,-56.95,-57.07,-56.92,-56.89,-56.85,-56.76,-56.76,-56.76,-56.64,-56.57,-56.67,-56.61,-56.7,-56.61,-56.7,-56.61,-56.54,-56.45,-56.54,-56.54,-56.42,-56.51,-56.36,-56.54,-56.26,-56.23,-56.33,-56.26,-56.23,-56.26,-56.17,-56.17,-56.14,-56.14,-56.2,-56.11,-56.14,-56.08,-56.08,-56.02,-55.95,-56.05,-55.95,-55.95,-56.05,-55.95,-55.95,-55.92,-55.98,-55.95,-55.83,-55.86,-55.89,-55.89,-55.77,-55.77,-55.8,-55.7,-55.74,-55.74,-55.74,-55.83,-55.77,-55.77,-55.89,-55.83,-55.8,-55.89,-55.8,-55.86,-55.83,-55.8,-55.86,-55.74,-55.86,-55.77,-55.77,-55.83,-55.74,-55.86,-55.8,-55.8,-55.89,-55.89,-55.74,-55.67,-55.61,-55.61,-55.64,-55.64,-55.58,-55.55,-55.61,-55.3,-55.58,-55.42,-55.21,-55.21,-55.18,-55.27,-55.18,-55.21,-55.02,-55.08,-55.05,-54.99,-54.9,-54.87,-54.71,-54.77,-54.68,-54.71,-54.65,-54.74,-54.74,-54.71,-54.62,-54.43,-54.52,-54.34,-54.37,-54.31,-54.31,-54.24,-54.31,-54.27,-54.24,-54.27,-54.21,-54.12,-54.24,-54.21,-54.21,-54.24,-54.15,-54.09,-54.15,-54.15,-54.21,-54.09,-54.09,-54.06,-53.96,-53.96,-53.9,-54.18,-54.09,-54.12,-54.21,-54.15,-54.27,-54.24,-54.09,-53.96,-53.96,-54.03,-54.06,-54.09,-54.18,-54.12,-54.12,-54.18,-54.03,-54.15,-54.09,-54.03,-53.93,-53.99,-54.03,-53.93,-54.03,-53.93,-53.93,-53.81,-53.9,-54.06,-53.9,-53.9,-53.96,-53.99,-53.84,-54.03,-53.9,-53.78,-53.81,-53.78,-53.87,-54.03,-53.81,-53.78,-53.81,-53.93,-53.78,-53.65,-53.75,-53.78,-53.96,-53.75,-53.81,-53.87,-53.68,-53.87,-53.68,-53.65,-53.84,-53.93,-53.81,-53.81,-53.87,-53.72,-53.78,-53.84,-53.93,-53.99,-54.12,-53.87,-53.9,-53.9,-53.93,-53.75,-53.81,-53.81,-53.68,-53.78,-53.68,-53.65,-53.78,-53.65,-53.65,-53.62,-53.62,-53.44,-53.62,-53.56,-53.56,-53.47,-53.44,-53.47,-53.62,-53.47,-53.59,-53.75,-53.68,-53.65,-53.62,-53.59,-53.44,-53.31,-53.28,-53.28,-53.22,-53.25,-53.19,-53.19,-53.16,-53.25,-53.22,-53.06,-53.0,-53.06,-52.75,-52.94,-52.97,-52.88,-52.91,-52.78,-52.81,-52.6,-52.75,-52.75,-52.72,-52.6,-52.6,-52.5,-52.6,-52.53,-52.41,-52.63,-52.41,-52.35,-52.41,-52.41,-52.38,-52.35,-52.38,-52.6,-52.44,-52.6,-52.56,-52.69,-52.63,-52.63,-52.72,-52.6,-52.69,-52.56,-52.84,-52.56,-52.6,-52.72,-52.72,-52.6,-52.6,-52.56,-52.53,-52.63,-52.56,-52.69,-52.66,-52.72,-52.56,-52.47,-52.44,-52.47,-52.6,-52.53,-52.5,-52.47,-52.56,-52.6,-52.63,-52.63,-52.6,-52.6,-52.56,-52.53,-52.6,-52.5,-52.6,-52.47,-52.41,-52.5,-52.53,-52.56,-52.38,-52.35,-52.32,-52.32,-52.19,-52.22,-52.32,-52.47,-52.44,-52.25,-52.25,-52.47,-52.32,-52.38,-52.38,-52.38,-52.35,-52.41,-52.41,-52.38,-52.22,-52.35,-52.35,-52.29,-52.38,-52.35,-52.32,-52.22,-52.38,-52.35,-52.38,-52.41,-52.35,-52.25,-52.29,-52.29,-52.41,-52.32,-52.32,-52.32,-52.44,-52.32,-52.29,-52.25,-52.29,-52.22,-52.25,-52.13,-52.25,-52.25,-52.16,-52.22,-52.25,-52.44,-52.6,-52.81,-52.91,-53.06,-53.12,-53.44,-53.53,-53.59,-53.62,-53.81,-53.75,-53.84,-54.03,-54.31,-54.37,-54.49,-54.68,-54.8,-54.77,-54.93,-54.99,-55.05,-55.24,-55.3,-55.46,-55.42,-55.58,-55.74,-55.89,-56.02,-56.05,-56.23,-56.36,-56.17,-56.33,-56.54,-56.61,-56.76,-56.79,-56.92,-56.95,-57.13,-57.01,-57.2,-57.23,-57.35,-57.48,-57.51,-57.76,-57.69,-57.82,-57.76,-57.85,-58.04,-58.13,-58.19,-58.25,-58.32,-58.32,-58.53,-58.44,-58.6,-58.63,-58.72,-58.78,-58.88,-58.88,-58.97,-59.0,-59.34,-59.34,-59.34,-59.34,-59.43,-59.62,-59.56,-59.75,-59.81,-59.68,-59.87,-60.03,-60.15,-60.12,-60.18,-60.34,-60.34,-60.52,-60.49,-60.58,-60.74,-60.8,-60.86,-60.96,-61.08,-61.11,-61.21,-61.24,-61.33,-61.33,-61.58,-61.49,-61.55,-61.58,-61.61,-61.8,-61.77,-61.8,-61.83,-61.86,-61.86,-62.01,-61.92,-61.98,-62.01,-62.14,-62.11,-62.2,-62.29,-62.26,-62.36,-62.2,-62.42,-62.33,-62.51,-62.51,-62.64,-62.54,-62.64,-62.67,-62.64,-62.7,-62.73,-62.7,-62.73,-62.95,-62.92,-62.79,-62.92,-62.89,-62.85,-63.07,-63.01,-63.1,-63.01,-63.04,-63.1,-63.17,-63.07,-63.29,-63.29,-63.29,-63.32,-63.26,-63.35,-63.57,-63.38,-63.23,-63.48,-63.54,-63.57,-63.57,-63.54,-63.48,-63.51,-63.69,-63.72,-63.66,-63.72,-63.69,-63.66,-63.97,-63.79,-63.82,-63.79,-63.97,-63.91,-63.88,-63.97,-64.0,-64.16,-64.22,-64.13,-64.19,-64.13,-64.19,-64.13,-64.25,-64.28,-64.38,-64.41,-64.41,-64.41,-64.41,-64.41,-64.59,-64.53,-64.63,-64.66,-64.69,-64.69,-64.75,-64.78,-64.66,-64.63,-64.84,-64.81,-64.91,-64.81,-64.84,-64.97,-64.97,-64.97,-65.03,-64.97,-65.03,-65.06,-65.06,-65.09,-65.03,-65.09,-65.03,-65.09,-65.19,-65.06,-65.22,-65.22,-65.22,-65.28,-65.15,-65.22,-65.28,-65.28,-65.31,-65.28,-65.22,-65.25,-65.34,-65.22,-65.34,-65.34,-65.4,-65.34,-65.34,-65.4,-65.47,-65.53,-65.4,-65.59,-65.5,-65.47,-65.56,-65.62,-65.62,-65.68,-65.68,-65.68,-65.59,-65.53,-65.62,-65.62,-65.68,-65.62,-65.65,-65.68,-65.59,-65.62,-65.65,-65.62,-65.62,-65.62,-65.68,-65.71,-65.78,-65.68,-65.75,-65.78,-65.75,-65.81,-65.81,-65.71,-65.81,-65.87,-65.84,-65.84,-65.99,-65.75,-65.78,-65.84,-65.78,-65.75,-65.84,-65.9,-65.78,-65.87,-65.81,-65.84,-65.81,-65.9,-65.75,-65.9,-65.87,-65.9,-65.87,-65.9,-65.96,-66.06,-65.99,-66.06,-66.12,-65.9,-66.02,-66.06,-66.12,-66.09,-66.02,-66.02,-66.02,-66.12,-66.02,-66.12,-66.02,-65.93,-66.09,-66.06,-66.02,-66.09,-66.06,-66.06,-65.99,-65.9,-66.12,-66.09,-66.06,-66.12,-66.02,-66.09,-66.09,-66.02,-66.24,-66.12,-66.02,-66.06,-66.02,-66.09,-66.06,-66.24,-66.09,-66.15,-66.06,-66.06,-66.18,-65.93,-65.99,-65.96,-66.12,-66.21,-66.18,-66.09,-66.15,-66.09,-66.02,-66.09,-66.09,-65.99,-66.09,-66.06,-66.18,-66.09,-66.09,-66.18,-66.09,-66.12,-66.06,-66.12,-65.99,-66.18,-66.18,-66.18,-66.27,-66.15,-66.15,-66.27,-66.21,-66.21,-66.27,-66.27,-66.27,-66.3,-66.15,-66.34,-66.06,-66.24,-66.21,-66.24,-66.34,-66.34,-66.3,-66.46,-66.43,-66.4,-66.37,-66.43,-66.37,-66.43,-66.27,-66.4,-66.4,-66.4,-66.52,-66.62,-66.68,-66.34,-66.43,-66.37,-66.37,-66.4,-66.4,-66.4,-66.37,-66.37,-66.34,-66.27,-66.3,-66.3,-66.24,-66.24,-66.27,-66.27,-66.18,-66.3,-66.27,-66.15,-66.24,-66.15,-66.18,-66.18,-66.15,-66.06,-66.09,-66.15,-66.15,-66.09,-66.27,-66.02,-66.15,-66.15,-66.09,-66.18,-66.15,-66.06,-66.02,-66.21,-66.21,-66.21,-66.09,-66.12,-66.12,-66.12,-66.18,-66.15,-66.18,-66.06,-66.15,-66.12,-66.09,-66.15,-66.09,-66.12,-66.02,-66.3,-65.96,-66.09,-66.15,-66.15,-66.12,-65.99,-66.15,-66.06,-66.09,-66.09,-66.02,-66.09,-66.06,-66.02,-65.99,-65.96,-66.06,-66.09,-66.06,-66.09,-66.06,-66.02,-66.06,-66.09,-65.99,-66.15,-66.27,-66.21,-66.12,-66.18,-66.12,-66.21,-66.09,-66.02,-66.21,-66.21,-66.12,-66.24,-66.24,-66.15,-66.02,-66.12,-66.06,-66.09,-65.96,-66.18,-66.02,-65.99,-65.93,-66.02,-65.96,-65.99,-65.96,-65.84,-65.75,-65.99,-65.78,-65.84,-65.9,-65.84,-65.84,-65.81,-65.93,-65.75,-65.75,-65.75,-65.78,-65.78,-65.81,-65.78,-65.78,-65.71,-65.87,-65.84,-65.81,-65.81,-65.78,-65.78,-65.65,-65.78,-65.81,-65.68,-65.75,-65.78,-65.87,-65.75,-65.81,-65.71,-65.68,-65.62,-65.65,-65.75,-65.71,-65.71,-65.68,-65.71,-65.59,-65.62,-65.81,-65.62,-65.65,-65.71,-65.65,-65.65,-65.56,-65.65,-65.65,-65.59,-65.65,-65.62,-65.59,-65.59,-65.65,-65.75,-65.59,-65.62,-65.71,-65.59,-65.65,-65.75,-65.71,-65.65,-65.65,-65.81,-65.75,-65.71,-65.68,-65.71,-65.84,-65.81,-65.81,-65.71,-65.75,-65.93,-65.78,-65.75,-65.71,-65.87,-65.68,-65.78,-65.71,-65.78,-65.71,-65.78,-65.65,-65.71,-65.68,-65.65,-65.68,-65.68,-65.59,-65.75,-65.71,-65.62,-65.4,-65.47,-65.56,-65.47,-65.53,-65.53,-65.43,-65.5,-65.5,-65.43,-65.56,-65.53,-65.56,-65.4,-65.4,-65.5,-65.4,-65.34,-65.53,-65.47,-65.53,-65.4,-65.47,-65.4,-65.34,-65.34,-65.37,-65.25,-65.43,-65.4,-65.37,-65.34,-65.31,-65.31,-65.4,-65.25,-65.25,-65.34,-65.31,-65.47,-65.31,-65.37,-65.31,-65.4,-65.53,-65.34,-65.31,-65.37,-65.5,-65.28,-65.47,-65.5,-65.31,-65.37,-65.47,-65.53,-65.37,-65.37,-65.4,-65.37,-65.37,-65.5,-65.34,-65.56,-65.5,-65.47,-65.53,-65.56,-65.53,-65.47,-65.68,-65.53,-65.47,-65.53,-65.56,-65.59,-65.53,-65.56,-65.53,-65.53,-65.37,-65.43,-65.59,-65.59,-65.59,-65.59,-65.62,-65.53,-65.5,-65.59,-65.56,-65.53,-65.37,-65.47,-65.47,-65.59,-65.47,-65.37,-65.4,-65.56,-65.53,-65.5,-65.37,-65.53,-65.4,-65.5,-65.5,-65.53,-65.53,-65.37,-65.5,-65.4,-65.34,-65.4,-65.31,-65.37,-65.37,-65.4,-65.4,-65.4,-65.37,-65.62,-65.47,-65.4,-65.53,-65.31,-65.31,-65.28,-65.31,-65.34,-65.28,-65.31,-65.19,-65.31,-65.19,-65.28,-65.19,-65.28,-65.28,-65.22,-65.28,-65.28,-65.31,-65.19,-65.25,-65.19,-65.25,-65.31,-65.28,-65.28,-65.31,-65.28,-65.31,-65.19,-65.28,-65.31,-65.25,-65.28,-65.25,-65.25,-65.12,-65.25,-65.19,-65.15,-65.06,-65.28,-65.25,-65.25,-65.25,-65.37,-65.19,-65.12,-65.22,-65.22,-65.25,-65.31,-65.19,-65.22,-65.31,-65.25,-65.31,-65.19,-65.12,-65.19,-65.22,-65.19,-65.19,-65.09,-65.06,-65.03,-65.19,-65.09,-65.09,-65.09,-65.03,-65.09,-65.06,-65.03,-65.15,-65.12,-65.22,-65.12,-65.09,-65.03,-65.09,-65.0,-65.15,-65.03,-65.03,-64.97,-65.09,-65.0,-65.03,-65.03,-65.0,-64.97,-65.06,-65.03,-65.12,-64.91,-65.06,-65.0,-65.0,-65.09,-64.91,-65.06,-65.12,-64.87,-64.91,-64.81,-64.94,-64.78,-64.91,-64.84,-64.81,-64.75,-64.78,-64.69,-64.66,-64.81,-64.72,-64.75,-64.78,-64.72,-64.78,-64.66,-64.69,-64.63,-64.75,-64.69,-64.75,-64.72,-64.63,-64.72,-64.72,-64.75,-64.59,-64.69,-64.75,-64.75,-64.69,-64.72,-64.66,-64.59,-64.72,-64.63,-64.66,-64.75,-64.66,-64.63,-64.75,-64.78,-64.84,-64.78,-64.87,-64.72,-64.78,-64.72,-64.78,-64.87,-64.75,-64.81,-64.84,-64.87,-64.94,-64.81,-64.78,-64.87,-64.81,-64.66,-64.75,-64.66,-64.56,-64.66,-64.66,-64.63,-64.75,-64.69,-64.66,-64.63,-64.66,-64.66,-64.72,-64.72,-64.72,-64.66,-64.72,-64.66,-64.66,-64.69,-64.72,-64.66,-64.75,-64.53,-64.53,-64.66,-64.75,-64.66,-64.81,-64.66,-64.72,-64.59,-64.53,-64.59,-64.66,-64.72,-64.78,-64.53,-64.53,-64.53,-64.41,-64.53,-64.53,-64.56,-64.59,-64.56,-64.59,-64.56,-64.5,-64.56,-64.41,-64.41,-64.56,-64.53,-64.56,-64.56,-64.44,-64.47,-64.41,-64.28,-64.41,-64.35,-64.38,-64.38,-64.53,-64.56,-64.5,-64.53,-64.38,-64.35,-64.32,-64.41,-64.28,-64.28,-64.47,-64.32,-64.35,-64.32,-64.41,-64.41,-64.38,-64.32,-64.38,-64.38,-64.25,-64.41,-64.41,-64.35,-64.41,-64.35,-64.41,-64.38,-64.25,-64.38,-64.35,-64.16,-64.22,-64.25,-64.28,-64.35,-64.19,-64.22,-64.28,-64.19,-64.22,-64.1,-64.22,-64.22,-64.19,-64.13,-64.1,-64.22,-64.16,-64.07,-64.1,-64.1,-64.13,-63.97,-63.94,-63.94,-63.85,-64.0,-63.88,-64.0,-63.91,-64.0,-63.91,-63.97,-63.97,-63.91,-63.91,-63.82,-63.82,-63.94,-63.91,-63.88,-63.94,-64.04,-63.97,-63.97,-63.91,-64.04,-64.1,-64.0,-64.0,-64.07,-63.97,-63.94,-63.97,-64.07,-64.1,-63.88,-64.04,-64.13,-64.13,-64.07,-64.07,-63.94,-64.13,-63.94,-63.97,-63.97,-64.07,-64.13,-63.97,-64.13,-64.04,-64.0,-64.07,-64.04,-64.07,-63.94,-64.04,-64.07,-64.13,-64.1,-63.97,-64.19,-64.1,-64.19,-64.19,-63.97,-64.04,-64.1,-64.13,-64.19,-64.16,-64.13,-64.19,-64.16,-64.19,-64.16,-64.22,-64.19,-64.1,-64.16,-64.16,-64.16,-64.1,-64.1,-64.19,-64.1,-64.16,-64.16,-64.19,-64.22,-64.16,-64.22,-64.04,-64.13,-64.25,-64.07,-64.1,-64.19,-64.16,-64.13,-64.1,-64.04,-64.1,-64.22,-64.0,-64.13,-64.1,-64.13,-64.04,-64.04,-64.1,-64.07,-64.07,-64.13,-64.1,-64.19,-64.1,-64.07,-64.13,-64.0,-64.16,-63.97,-63.94,-64.0,-63.94,-63.88,-64.0,-63.94,-64.1,-63.97,-63.94,-64.07,-64.04,-64.13,-64.0,-64.04,-63.91,-64.07,-63.94,-63.85,-64.0,-63.88,-63.94,-63.82,-63.91,-63.82,-63.69,-63.91,-63.85,-63.82,-63.82,-63.76,-63.85,-63.91,-63.79,-63.85,-64.0,-63.82,-63.91,-63.85,-63.97,-63.85,-63.94,-63.82,-63.97,-63.94,-63.94,-63.97,-63.91,-63.88,-63.91,-64.07,-63.91,-63.94,-63.88,-63.97,-63.97,-63.85,-63.82,-63.85,-63.88,-63.82,-63.91,-63.88,-63.88,-63.88,-63.88,-63.91,-63.97,-63.76,-63.88,-63.79,-63.76,-63.72,-63.79,-63.72,-63.82,-63.69,-63.72,-63.72,-63.57,-63.72,-63.6,-63.66,-63.54,-63.66,-63.48,-63.44,-63.51,-63.66,-63.6,-63.6,-63.66,-63.57,-63.57,-63.66,-63.69,-63.76,-63.79,-63.72,-63.54,-63.6,-63.76,-63.6,-63.66,-63.57,-63.57,-63.72,-63.69,-63.54,-63.6,-63.69,-63.54,-63.54,-63.51,-63.6,-63.69,-63.66,-63.85,-63.69,-63.57,-63.69,-63.6,-63.76,-63.76,-63.66,-63.66,-63.66,-63.72,-63.63,-63.63,-63.72,-63.69,-63.72,-63.66,-63.66,-63.72,-63.66,-63.85,-63.79,-63.85,-63.85,-63.69,-63.76,-63.72,-63.76,-63.79,-63.57,-63.63,-63.69,-63.76,-63.82,-63.82,-63.69,-63.69,-63.57,-63.72,-63.66,-63.69,-63.63,-63.6,-63.66,-63.69,-63.66,-63.79,-63.72,-63.66,-63.72,-63.63,-63.63,-63.51,-63.6,-63.69,-63.66,-63.63,-63.54,-63.54,-63.54,-63.54,-63.66,-63.54,-63.41,-63.51,-63.54,-63.44,-63.54,-63.57,-63.48,-63.44,-63.41,-63.51,-63.6,-63.48,-63.29,-63.38,-63.38,-63.35,-63.32,-63.35,-63.54,-63.41,-63.51,-63.32,-63.41,-63.38,-63.41,-63.26,-63.32,-63.29,-63.32,-63.35,-63.41,-63.48,-63.38,-63.32,-63.41,-63.32,-63.35,-63.38,-63.29,-63.38,-63.44,-63.32,-63.51,-63.35,-63.35,-63.44,-63.32,-63.35,-63.41,-63.38,-63.38,-63.54,-63.32,-63.29,-63.38,-63.38,-63.38,-63.38,-63.51,-63.54,-63.51,-63.48,-63.54,-63.41,-63.54,-63.41,-63.51,-63.51,-63.48,-63.54,-63.44,-63.57,-63.57,-63.54,-63.48,-63.48,-63.41,-63.54,-63.44,-63.48,-63.44,-63.38,-63.48,-63.35,-63.41,-63.41,-63.35,-63.38,-63.41,-63.41,-63.51,-63.51,-63.44,-63.41,-63.38,-63.54,-63.41,-63.38,-63.38,-63.38,-63.26,-63.44,-63.35,-63.32,-63.35,-63.38,-63.32,-63.29,-63.32,-63.29,-63.13,-63.26,-63.35,-63.17,-63.32,-63.2,-63.23,-63.26,-63.2,-63.32,-63.26,-63.35,-63.13,-63.35,-63.26,-63.26,-63.32,-63.38,-63.29,-63.38,-63.32,-63.32,-63.44,-63.35,-63.29,-63.32,-63.32,-63.32,-63.32,-63.35,-63.32,-63.32,-63.38,-63.29,-63.35,-63.29,-63.23,-63.23,-63.23,-63.26,-63.26,-63.29,-63.23,-63.32,-63.32,-63.35,-63.29,-63.29,-63.29,-63.41,-63.38,-63.35,-63.35,-63.32,-63.48,-63.44,-63.48,-63.54,-63.51,-63.48,-63.6,-63.41,-63.41,-63.57,-63.57,-63.54,-63.48,-63.63,-63.63,-63.63,-63.44,-63.54,-63.41,-63.51,-63.66,-63.57,-63.41,-63.48,-63.51,-63.41,-63.51,-63.44,-63.41,-63.38,-63.48,-63.41,-63.41,-63.48,-63.38,-63.57,-63.41,-63.54,-63.44,-63.51,-63.44,-63.32,-63.32,-63.32,-63.29,-63.41,-63.35,-63.38,-63.41,-63.32,-63.41,-63.41,-63.38,-63.29,-63.44,-63.48,-63.35,-63.35,-63.35,-63.41,-63.6,-63.44,-63.38,-63.41,-63.41,-63.44,-63.38,-63.41,-63.51,-63.51,-63.48,-63.41,-63.48,-63.41,-63.57,-63.48,-63.41,-63.63,-63.54,-63.63,-63.51,-63.66,-63.66,-63.54,-63.66,-63.6,-63.63,-63.57,-63.66,-63.41,-63.6,-63.51,-63.57,-63.51,-63.66,-63.6,-63.69,-63.48,-63.51,-63.51,-63.6,-63.6,-63.63,-63.76,-63.72,-63.6,-63.76,-63.6,-63.66,-63.66,-63.66,-63.6,-63.72,-63.76,-63.63,-63.6,-63.69,-63.51,-63.57,-63.6,-63.51,-63.41,-63.63,-63.54,-63.48,-63.63,-63.6
Sweep_7,30.0,-62.48,-62.42,-62.67,-62.61,-62.64,-62.36,-62.57,-62.61,-62.54,-62.51,-62.54,-62.42,-62.51,-62.51,-62.51,-62.51,-62.57,-62.57,-62.54,-62.61,-62.51,-62.45,-62.42,-62.48,-62.42,-62.48,-62.51,-62.36,-62.48,-62.42,-62.61,-62.51,-62.48,-62.51,-62.51,-62.42,-62.54,-62.51,-62.57,-62.57,-62.57,-62.51,-62.48,-62.42,-62.51,-62.39,-62.48,-62.51,-62.51,-62.42,-62.33,-62.42,-62.33,-62.45,-62.57,-62.42,-62.26,-62.45,-62.33,-62.36,-62.42,-62.57,-62.42,-62.42,-62.57,-62.51,-62.54,-62.48,-62.36,-62.48,-62.57,-62.61,-62.36,-62.42,-62.45,-62.51,-62.36,-62.39,-62.39,-62.36,-62.33,-62.33,-62.42,-62.39,-62.26,-62.39,-62.29,-62.33,-62.33,-62.29,-62.29,-62.23,-62.23,-62.2,-62.26,-62.29,-62.17,-62.26,-62.17,-62.26,-62.29,-62.29,-62.33,-62.33,-62.2,-62.14,-62.39,-62.23,-62.26,-62.2,-62.29,-62.11,-62.17,-62.23,-62.26,-62.23,-62.26,-62.23,-62.11,-62.29,-62.17,-62.2,-62.26,-62.17,-62.29,-62.26,-62.39,-62.14,-62.14,-62.2,-62.23,-62.29,-62.29,-62.39,-62.2,-62.17,-62.2,-62.14,-62.26,-62.26,-62.23,-62.08,-62.2,-62.29,-62.17,-62.11,-62.26,-62.14,-62.26,-62.29,-62.23,-62.36,-62.23,-62.42,-62.36,-62.42,-62.33,-62.33,-62.2,-62.48,-62.36,-62.36,-62.36,-62.26,-62.36,-62.33,-62.39,-62.26,-62.42,-62.23,-62.36,-62.36,-62.23,-62.26,-62.23,-62.29,-62.33,-62.42,-62.29,-62.26,-62.33,-62.29,-62.26,-62.23,-62.29,-62.26,-62.36,-62.23,-62.36,-62.23,-62.39,-62.26,-62.2,-62.17,-62.2,-62.23,-62.17,-62.17,-62.26,-62.2,-62.23,-62.17,-62.14,-62.26,-62.29,-62.17,-62.26,-62.11,-62.14,-62.17,-62.2,-62.17,-62.14,-62.17,-62.2,-62.17,-62.23,-62.14,-62.26,-62.23,-62.33,-62.23,-62.2,-62.11,-62.11,-62.2,-62.2,-62.26,-62.11,-62.08,-62.11,-62.29,-62.14,-62.2,-62.14,-62.29,-62.05,-62.14,-62.26,-62.23,-62.17,-62.23,-62.29,-62.17,-62.17,-62.26,-62.26,-62.39,-62.36,-62.23,-62.29,-62.42,-62.17,-62.14,-62.23,-62.17,-62.23,-62.23,-62.42,-62.26,-62.26,-62.26,-62.23,-62.26,-62.33,-62.29,-62.42,-62.26,-62.33,-62.23,-62.29,-62.23,-62.23,-62.2,-62.29,-62.26,-62.33,-62.29,-62.29,-62.26,-62.2,-62.29,-62.26,-62.26,-62.17,-62.17,-62.26,-62.29,-62.26,-62.23,-62.23,-62.14,-62.26,-62.11,-62.33,-62.36,-62.2,-62.33,-62.39,-62.39,-62.36,-62.51,-62.33,-62.11,-62.42,-62.29,-62.23,-62.33,-62.36,-62.36,-62.48,-62.39,-62.39,-62.29,-62.29,-62.26,-62.36,-62.33,-62.29,-62.29,-62.33,-62.29,-62.33,-62.33,-62.29,-62.42,-62.29,-62.29,-62.33,-62.36,-62.14,-62.29,-62.26,-62.26,-62.23,-62.29,-62.33,-62.33,-62.33,-62.26,-62.33,-62.36,-62.36,-62.33,-62.45,-62.33,-62.29,-62.29,-62.26,-62.36,-62.36,-62.33,-62.29,-62.26,-62.39,-62.39,-62.33,-62.26,-62.29,-62.33,-62.26,-62.26,-62.17,-62.23,-62.23,-62.2,-62.11,-62.2,-62.14,-62.23,-62.17,-62.05,-62.08,-62.14,-62.08,-62.05,-61.61,-61.08,-60.71,-60.21,-59.87,-59.56,-59.09,-58.81,-58.56,-58.19,-57.76,-57.26,-57.07,-56.85,-56.33,-55.92,-55.64,-55.21,-54.96,-54.46,-54.06,-53.62,-53.37,-52.88,-52.47,-52.07,-51.73,-50.89,-49.95,-49.02,-41.47,36.77,20.73,-21.26,-48.28,-59.0,-61.64,-62.11,-62.08,-61.39,-60.99,-60.49,-60.12,-59.71,-59.37,-59.06,-58.66,-58.41,-58.25,-58.1,-57.85,-57.63,-57.41,-57.32,-57.26,-56.98,-56.89,-56.82,-56.67,-56.51,-56.33,-56.17,-56.02,-55.83,-55.74,-55.64,-55.36,-55.21,-55.18,-54.93,-54.74,-54.52,-54.49,-54.27,-54.12,-53.99,-53.72,-53.59,-53.37,-53.19,-53.09,-53.03,-52.81,-52.5,-52.32,-52.07,-51.82,-51.6,-51.2,-51.07,-50.64,-50.45,-50.26,-49.92,-49.61,-49.46,-48.99,-48.46,-48.18,-47.78,-47.44,-46.85,-46.35,-45.23,-15.79,34.6,6.96,-27.42,-49.95,-57.45,-60.09,-60.71,-60.68,-60.52,-60.31,-59.84,-59.4,-59.09,-58.81,-58.72,-58.28,-58.22,-58.04,-57.76,-57.73,-57.6,-57.54,-57.23,-57.01,-56.85,-56.7,-56.54,-56.45,-56.23,-56.08,-55.86,-55.8,-55.55,-55.36,-55.46,-55.24,-55.08,-54.99,-54.9,-54.87,-54.65,-54.62,-54.46,-54.18,-54.03,-53.87,-53.62,-53.56,-53.31,-53.22,-52.91,-52.81,-52.5,-52.35,-52.22,-52.13,-51.94,-51.82,-51.63,-51.57,-51.14,-50.89,-50.79,-50.64,-50.42,-50.2,-50.02,-49.95,-49.67,-49.58,-49.46,-49.18,-48.96,-48.46,-48.31,-48.03,-47.84,-47.34,-47.34,-47.0,-46.91,-46.69,-46.01,-45.63,-44.95,-44.02,-26.67,28.63,18.37,-15.85,-41.44,-53.62,-58.07,-59.59,-60.37,-60.37,-60.06,-59.78,-59.47,-59.16,-58.88,-58.56,-58.44,-58.25,-58.13,-57.82,-57.73,-57.51,-57.48,-57.32,-57.13,-56.98,-56.76,-56.64,-56.45,-56.54,-56.17,-56.14,-56.17,-56.08,-55.89,-55.61,-55.64,-55.46,-55.27,-55.15,-54.93,-54.83,-54.8,-54.68,-54.59,-54.34,-54.09,-54.18,-53.96,-53.75,-53.75,-53.68,-53.47,-53.25,-53.25,-52.97,-52.94,-52.75,-52.63,-52.53,-52.41,-52.32,-52.1,-52.16,-51.88,-51.82,-51.66,-51.26,-51.17,-51.07,-50.86,-50.79,-50.67,-50.42,-50.23,-49.89,-49.89,-49.71,-49.49,-49.27,-48.9,-48.8,-48.65,-48.46,-48.21,-47.96,-47.62,-47.34,-46.85,-46.32,-45.88,-45.29,-44.67,-43.77,-40.1,10.04,27.04,-3.05,-31.02,-49.05,-55.98,-58.66,-59.43,-59.71,-59.37,-59.19,-58.94,-58.88,-58.69,-58.41,-58.35,-58.25,-58.13,-57.82,-57.79,-57.6,-57.57,-57.23,-57.1,-56.89,-56.85,-56.7,-56.48,-56.39,-56.39,-56.2,-56.08,-55.92,-55.77,-55.55,-55.52,-55.42,-55.46,-55.15,-55.3,-54.96,-54.83,-54.83,-54.77,-54.62,-54.43,-54.4,-54.24,-54.03,-53.9,-53.87,-53.84,-53.56,-53.4,-53.28,-52.88,-52.91,-52.75,-52.6,-52.56,-52.47,-52.22,-52.16,-52.19,-51.97,-51.85,-51.73,-51.54,-51.29,-51.35,-51.04,-50.95,-50.7,-50.67,-50.61,-50.36,-50.36,-50.08,-49.98,-49.74,-49.71,-49.58,-49.15,-48.8,-48.4,-48.37,-48.21,-47.87,-47.68,-47.34,-47.16,-47.16,-47.0,-46.72,-46.66,-46.38,-46.04,-45.51,-45.01,-44.76,-44.42,-43.71,-42.21,-13.15,27.98,10.35,-20.58,-42.77,-52.88,-57.29,-59.22,-59.71,-59.84,-59.68,-59.68,-59.37,-59.19,-58.84,-58.75,-58.69,-58.53,-58.38,-58.25,-58.1,-57.88,-57.63,-57.57,-57.38,-57.07,-56.95,-56.89,-56.73,-56.73,-56.54,-56.45,-56.26,-56.23,-56.2,-56.11,-55.98,-55.95,-55.74,-55.7,-55.55,-55.33,-55.36,-55.27,-55.05,-55.05,-54.96,-54.68,-54.71,-54.59,-54.34,-54.12,-54.18,-53.93,-53.96,-53.84,-53.81,-53.68,-53.47,-53.44,-53.28,-53.22,-53.22,-53.06,-52.94,-52.84,-52.72,-52.69,-52.44,-52.41,-52.29,-52.22,-52.07,-52.1,-51.85,-51.76,-51.69,-51.57,-51.38,-51.17,-51.1,-50.89,-50.76,-50.64,-50.48,-50.39,-50.23,-50.26,-50.11,-49.8,-49.83,-49.46,-49.39,-49.08,-48.99,-48.8,-48.68,-48.43,-48.09,-47.93,-47.9,-47.5,-47.16,-47.03,-46.85,-46.66,-46.44,-46.01,-45.73,-45.32,-44.82,-44.36,-43.77,-42.43,-18.06,26.76,14.45,-16.13,-40.1,-51.88,-56.73,-58.72,-59.25,-59.53,-59.53,-59.37,-59.31,-59.19,-59.0,-58.84,-58.72,-58.56,-58.32,-58.22,-58.07,-58.0,-57.76,-57.76,-57.6,-57.45,-57.57,-57.29,-57.17,-57.07,-56.95,-56.98,-56.76,-56.67,-56.61,-56.42,-56.17,-56.2,-56.17,-55.95,-55.86,-55.77,-55.58,-55.42,-55.3,-55.08,-54.93,-55.05,-54.77,-54.68,-54.49,-54.59,-54.31,-54.18,-54.15,-54.03,-53.9,-53.65,-53.59,-53.4,-53.37,-53.25,-53.28,-53.06,-52.84,-52.88,-52.66,-52.47,-52.41,-52.19,-52.19,-51.97,-51.79,-51.69,-51.54,-51.35,-51.17,-51.14,-50.95,-50.7,-50.54,-50.14,-50.11,-49.89,-49.83,-49.55,-49.3,-49.18,-48.93,-48.87,-48.65,-48.49,-48.24,-48.28,-48.0,-47.84,-47.81,-47.53,-47.16,-46.78,-46.6,-46.44,-46.13,-45.79,-45.45,-45.01,-44.42,-43.8,-43.43,-43.24,-42.8,-42.31,-41.34,-36.0,9.08,24.74,0.22,-25.8,-44.76,-53.03,-56.45,-58.04,-58.66,-58.81,-58.78,-58.56,-58.6,-58.38,-58.16,-58.04,-57.85,-57.6,-57.6,-57.45,-57.38,-57.1,-56.98,-56.95,-56.82,-56.82,-56.7,-56.57,-56.54,-56.23,-56.2,-56.11,-56.05,-55.83,-55.95,-55.7,-55.52,-55.42,-55.33,-55.21,-55.15,-54.96,-54.87,-54.8,-54.46,-54.4,-54.4,-54.18,-54.06,-53.84,-53.93,-53.65,-53.65,-53.56,-53.4,-53.09,-53.12,-52.81,-52.81,-52.69,-52.56,-52.47,-52.29,-52.25,-52.16,-51.82,-51.76,-51.57,-51.54,-51.45,-51.14,-51.2,-50.95,-50.95,-50.73,-50.67,-50.51,-50.36,-50.23,-50.05,-49.95,-49.77,-49.58,-49.61,-49.36,-49.27,-49.05,-48.9,-48.68,-48.12,-48.31,-48.06,-48.0,-47.68,-47.47,-47.31,-47.22,-47.09,-46.78,-46.5,-45.94,-45.91,-45.54,-45.26,-45.17,-44.7,-44.48,-43.89,-43.92,-43.58,-43.12,-42.28,-40.75,-16.29,24.12,14.33,-11.41,-34.38,-47.87,-54.12,-56.67,-57.82,-58.38,-58.5,-58.32,-58.22,-58.07,-58.04,-58.0,-57.79,-57.57,-57.6,-57.35,-57.04,-57.04,-56.92,-56.76,-56.7,-56.54,-56.45,-56.36,-56.42,-56.2,-56.17,-55.92,-55.95,-55.74,-55.61,-55.58,-55.42,-55.33,-55.11,-55.08,-54.93,-54.83,-54.77,-54.55,-54.55,-54.43,-54.31,-54.27,-54.18,-54.09,-54.06,-53.84,-53.87,-53.56,-53.37,-53.31,-53.19,-53.12,-52.88,-52.69,-52.66,-52.53,-52.32,-52.32,-52.04,-51.94,-51.79,-51.6,-51.54,-51.54,-51.35,-51.17,-51.07,-50.89,-50.76,-50.64,-50.54,-50.33,-50.3,-49.83,-49.64,-49.61,-49.36,-49.33,-49.11,-49.08,-48.8,-48.59,-48.4,-48.06,-47.96,-47.81,-47.72,-47.44,-47.13,-46.63,-46.41,-46.19,-45.88,-45.88,-45.38,-45.32,-44.98,-44.76,-44.3,-44.27,-43.89,-43.24,-42.68,-41.0,-15.64,24.25,14.36,-13.43,-36.96,-49.64,-54.83,-57.23,-58.07,-58.41,-58.41,-58.53,-58.56,-58.1,-58.16,-58.0,-57.82,-57.54,-57.54,-57.41,-57.38,-57.1,-57.07,-56.92,-56.79,-56.64,-56.54,-56.39,-56.3,-56.05,-55.77,-55.89,-55.74,-55.49,-55.36,-55.15,-55.21,-54.96,-54.93,-54.77,-54.59,-54.46,-54.46,-54.27,-54.24,-53.84,-53.75,-53.59,-53.5,-53.5,-53.16,-53.25,-53.03,-52.91,-52.69,-52.66,-52.56,-52.38,-52.16,-51.88,-51.76,-51.63,-51.48,-51.38,-51.17,-50.98,-50.89,-50.7,-50.79,-50.7,-50.61,-50.54,-50.17,-49.98,-49.95,-49.83,-49.58,-49.61,-49.39,-49.46,-49.39,-49.11,-48.96,-48.74,-48.49,-48.43,-48.31,-48.06,-47.93,-47.93,-47.84,-47.68,-47.47,-47.34,-47.19,-47.06,-46.88,-47.0,-46.88,-46.75,-46.66,-46.47,-46.44,-46.19,-46.13,-46.1,-46.01,-46.01,-45.51,-45.23,-45.01,-44.95,-44.67,-44.67,-44.39,-44.51,-44.33,-44.39,-43.8,-43.77,-43.77,-43.89,-43.8,-43.43,-43.3,-43.18,-42.96,-42.96,-42.84,-42.65,-42.46,-42.24,-42.15,-41.78,-41.75,-41.72,-41.65,-41.53,-41.19,-40.85,-40.88,-40.44,-40.01,-39.6,-39.17,-38.02,-27.7,12.09,20.7,0.96,-22.29,-40.41,-49.71,-54.12,-56.23,-57.13,-57.35,-57.38,-57.29,-57.54,-57.41,-57.45,-57.45,-57.32,-57.29,-57.1,-56.95,-57.01,-56.73,-56.51,-56.54,-56.39,-56.26,-56.08,-56.05,-55.89,-55.89,-55.95,-55.83,-55.64,-55.52,-55.36,-55.24,-54.99,-54.99,-54.9,-54.77,-54.74,-54.77,-54.65,-54.52,-54.43,-54.27,-54.09,-54.03,-53.96,-53.84,-53.65,-53.59,-53.47,-53.31,-53.16,-53.09,-53.06,-52.91,-52.84,-52.78,-52.69,-52.41,-52.35,-52.29,-52.07,-51.94,-51.97,-51.79,-51.66,-51.69,-51.45,-51.35,-51.1,-50.95,-50.95,-50.89,-50.79,-50.82,-50.61,-50.54,-50.36,-50.23,-49.95,-49.86,-49.83,-49.77,-49.64,-49.43,-49.36,-49.21,-48.83,-48.65,-48.52,-48.43,-48.21,-48.15,-47.84,-47.78,-47.65,-47.59,-47.47,-47.13,-47.13,-47.09,-47.0,-46.69,-46.6,-46.41,-46.35,-46.16,-46.16,-46.13,-45.88,-45.94,-45.73,-45.6,-45.38,-45.38,-45.17,-44.95,-44.76,-44.48,-44.36,-43.74,-42.46,-29.66,14.64,22.44,-1.62,-26.27,-43.58,-51.91,-55.58,-57.23,-58.04,-58.13,-58.22,-58.32,-57.94,-57.91,-57.69,-57.6,-57.63,-57.51,-57.45,-57.17,-57.04,-57.1,-56.73,-56.79,-56.54,-56.45,-56.42,-56.45,-56.26,-56.23,-56.02,-55.86,-55.89,-55.77,-55.52,-55.46,-55.33,-55.3,-55.24,-55.11,-55.05,-54.83,-54.74,-54.62,-54.55,-54.34,-54.34,-54.12,-54.12,-54.06,-54.12,-53.75,-53.75,-53.62,-53.47,-53.31,-53.44,-53.22,-53.0,-53.0,-52.97,-52.94,-52.78,-52.66,-52.53,-52.44,-52.41,-52.44,-52.29,-51.97,-51.97,-51.88,-51.48,-51.63,-51.57,-51.2,-51.23,-51.17,-50.86,-50.82,-50.76,-50.61,-50.3,-50.39,-50.17,-50.17,-49.98,-49.74,-49.8,-49.64,-49.46,-49.46,-49.18,-49.08,-48.87,-48.83,-48.8,-48.65,-48.62,-48.4,-48.4,-48.09,-47.87,-47.59,-47.37,-47.22,-46.97,-46.6,-46.44,-45.97,-45.63,-45.32,-45.07,-44.7,-44.2,-43.86,-43.52,-42.99,-41.37,-16.38,23.53,15.14,-11.63,-34.04,-47.65,-53.62,-56.45,-57.6,-58.13,-58.32,-58.25,-58.35,-58.35,-58.0,-57.94,-57.73,-57.54,-57.48,-57.35,-57.01,-56.98,-56.7,-56.67,-56.57,-56.45,-56.39,-56.11,-56.08,-55.98,-55.89,-55.83,-55.64,-55.58,-55.55,-55.49,-55.36,-54.96,-54.93,-54.8,-54.65,-54.65,-54.43,-54.34,-54.27,-54.12,-53.93,-54.03,-53.78,-53.78,-53.59,-53.47,-53.59,-53.4,-53.22,-53.12,-53.16,-52.91,-52.78,-52.78,-52.56,-52.53,-52.47,-52.25,-52.16,-52.16,-52.04,-51.91,-51.63,-51.6,-51.41,-51.35,-51.14,-50.92,-50.82,-50.82,-50.61,-50.45,-50.45,-50.23,-49.98,-49.83,-49.64,-49.58,-49.36,-49.3,-48.96,-48.96,-48.68,-48.34,-48.34,-48.0,-47.9,-47.72,-47.53,-47.44,-47.13,-47.16,-46.97,-47.09,-46.97,-46.69,-46.47,-46.16,-45.82,-45.73,-45.45,-45.17,-44.89,-44.61,-44.39,-44.2,-43.92,-43.77,-43.3,-42.65,-41.65,-26.89,16.57,20.83,-4.23,-29.16,-45.2,-52.66,-55.83,-57.45,-58.41,-58.53,-58.44,-58.32,-58.19,-58.04,-58.04,-57.88,-57.45,-57.35,-57.41,-57.2,-57.1,-56.92,-56.89,-56.82,-56.79,-56.51,-56.3,-56.2,-56.05,-55.95,-55.95,-55.89,-55.67,-55.52,-55.42,-55.33,-55.15,-55.11,-54.93,-54.8,-54.65,-54.46,-54.37,-54.27,-54.21,-53.93,-53.78,-53.81,-53.56,-53.59,-53.4,-53.44,-53.34,-53.19,-53.09,-52.88,-52.97,-52.78,-52.72,-52.75,-52.32,-52.22,-52.04,-51.85,-51.85,-51.66,-51.57,-51.63,-51.32,-51.17,-51.14,-50.98,-50.86,-50.98,-50.61,-50.73,-50.45,-50.45,-50.26,-50.2,-49.83,-49.86,-49.77,-49.74,-49.49,-49.24,-49.02,-49.05,-48.9,-48.77,-48.62,-48.43,-48.28,-48.18,-48.09,-47.81,-47.68,-47.44,-47.56,-47.13,-47.0,-46.97,-46.94,-46.72,-46.44,-46.41,-46.1,-46.07,-45.85,-45.76,-45.63,-45.48,-45.38,-45.32,-45.01,-44.92,-44.92,-44.89,-44.82,-44.76,-44.67,-44.61,-44.33,-44.33,-44.14,-43.95,-43.49,-43.43,-43.52,-43.46,-43.33,-43.33,-43.27,-43.21,-43.46,-43.39,-43.33,-43.18,-43.21,-43.18,-43.27,-43.21,-43.08,-43.15,-43.08,-43.15,-43.21,-43.39,-43.15,-43.15,-43.02,-42.65,-42.28,-41.84,-41.53,-41.59,-41.19,-40.97,-40.97,-40.97,-41.0,-41.41,-41.59,-41.9,-42.03,-42.18,-42.52,-42.77,-42.93,-42.93,-43.02,-42.93,-43.15,-43.15,-43.33,-43.55,-43.52,-43.77,-44.11,-44.27,-44.61,-44.82,-44.89,-44.95,-45.1,-44.95,-45.14,-45.23,-45.45,-45.17,-45.42,-45.29,-45.29,-45.07,-45.07,-45.04,-45.01,-44.92,-44.89,-44.73,-44.82,-44.79,-44.98,-44.92,-45.01,-45.26,-45.48,-45.29,-45.29,-45.32,-45.23,-45.1,-44.98,-44.95,-45.17,-45.01,-44.89,-44.79,-44.73,-44.76,-44.82,-44.73,-44.7,-44.61,-44.45,-44.67,-44.79,-44.73,-44.82,-44.98,-45.07,-45.14,-45.1,-45.2,-45.2,-45.32,-45.26,-45.2,-45.2,-45.01,-44.95,-45.2,-45.07,-45.23,-45.17,-45.1,-45.14,-45.42,-45.57,-45.45,-45.48,-45.51,-45.23,-45.51,-45.45,-45.73,-45.6,-45.63,-45.57,-45.32,-45.23,-45.1,-45.14,-44.98,-45.17,-45.23,-45.32,-45.2,-45.23,-45.35,-45.32,-44.86,-44.98,-45.2,-45.2,-45.32,-45.35,-45.51,-45.57,-45.66,-45.57,-45.76,-45.7,-45.7,-45.63,-45.66,-45.66,-45.57,-45.7,-45.57,-45.6,-45.38,-45.48,-45.45,-45.63,-45.51,-45.57,-45.45,-45.29,-45.29,-45.17,-45.42,-45.32,-45.35,-45.48,-45.26,-45.35,-45.35,-45.2,-45.17,-45.17,-45.23,-45.01,-45.23,-45.1,-45.17,-45.01,-44.92,-44.95,-44.51,-44.27,-44.2,-43.99,-44.08,-43.99,-43.92,-43.95,-43.92,-43.64,-43.3,-43.12,-43.39,-43.33,-43.39,-43.61,-43.43,-43.33,-43.43,-43.58,-43.36,-43.61,-43.77,-43.64,-43.58,-43.74,-43.64,-43.77,-43.61,-43.71,-43.71,-43.64,-43.86,-44.08,-44.08,-44.11,-44.08,-44.02,-44.05,-44.02,-43.89,-43.83,-43.83,-43.95,-44.11,-44.17,-44.36,-44.51,-44.7,-44.89,-44.64,-44.86,-45.07,-45.2,-45.63,-45.66,-45.54,-45.7,-45.76,-45.91,-46.01,-46.01,-45.94,-45.94,-46.16,-45.73,-45.7,-45.91,-45.88,-45.88,-45.73,-45.94,-45.91,-45.85,-45.82,-45.73,-45.88,-45.91,-45.94,-45.85,-45.6,-45.7,-45.82,-45.63,-45.66,-45.54,-45.48,-45.45,-45.17,-45.32,-44.95,-44.67,-44.61,-44.76,-44.79,-44.58,-44.39,-44.36,-44.39,-44.23,-44.2,-44.14,-44.3,-44.3,-44.05,-43.89,-44.08,-44.02,-44.11,-44.11,-43.95,-43.95,-43.74,-43.58,-43.49,-43.74,-43.8,-43.77,-43.86,-43.99,-43.67,-43.52,-43.77,-43.49,-43.46,-43.64,-43.67,-43.24,-43.21,-43.02,-42.8,-42.43,-41.93,-41.34,-40.5,-25.49,8.73,18.78,2.58,-18.96,-36.18,-45.97,-51.07,-53.78,-55.39,-56.02,-56.45,-56.61,-56.54,-56.51,-56.51,-56.54,-56.36,-56.3,-56.33,-56.2,-56.2,-56.08,-55.98,-55.89,-55.77,-55.67,-55.42,-55.42,-55.36,-55.27,-54.96,-55.02,-54.83,-54.68,-54.65,-54.55,-54.55,-54.31,-54.31,-54.24,-54.15,-53.96,-53.96,-53.78,-53.84,-53.75,-53.65,-53.37,-53.34,-53.34,-53.16,-53.16,-53.03,-52.94,-52.91,-52.97,-52.88,-52.75,-52.84,-52.69,-52.47,-52.6,-52.35,-52.32,-52.29,-52.19,-52.13,-52.07,-51.79,-51.63,-51.48,-51.48,-51.29,-51.29,-51.14,-51.01,-50.98,-50.76,-50.82,-50.61,-50.48,-50.45,-50.2,-50.33,-50.14,-50.05,-49.89,-49.8,-49.64,-49.64,-49.58,-49.39,-49.36,-49.08,-48.9,-48.68,-48.71,-48.65,-48.62,-48.59,-48.37,-48.06,-47.96,-47.9,-47.81,-47.5,-47.16,-46.94,-46.85,-46.69,-46.47,-46.25,-45.85,-45.82,-45.51,-45.23,-44.95,-44.61,-44.33,-44.05,-44.08,-43.74,-43.43,-43.15,-42.31,-41.72,-33.82,8.83,23.81,2.14,-22.07,-40.88,-50.11,-54.62,-56.61,-57.45,-57.57,-57.91,-58.04,-57.88,-57.73,-57.76,-57.66,-57.41,-57.38,-57.23,-57.13,-57.1,-57.04,-56.89,-56.76,-56.54,-56.51,-56.26,-56.14,-56.08,-55.98,-56.02,-55.77,-55.61,-55.46,-55.3,-55.27,-55.02,-54.99,-54.87,-54.93,-54.71,-54.65,-54.62,-54.59,-54.4,-54.34,-54.27,-54.09,-54.09,-53.81,-53.93,-53.5,-53.4,-53.37,-53.22,-53.06,-52.88,-52.75,-52.66,-52.6,-52.47,-52.22,-52.19,-51.91,-51.88,-51.66,-51.76,-51.54,-51.35,-51.29,-51.29,-51.14,-51.04,-50.82,-50.73,-50.48,-50.48,-50.45,-50.39,-50.36,-49.98,-50.08,-49.86,-49.71,-49.21,-49.11,-49.08,-48.8,-48.8,-48.71,-48.65,-48.37,-48.43,-48.28,-48.03,-47.72,-47.87,-47.56,-47.47,-47.47,-47.28,-47.09,-46.63,-46.38,-46.16,-45.57,-45.38,-45.1,-45.04,-44.61,-44.17,-43.36,-42.28,-30.03,14.58,23.07,-1.34,-26.64,-43.92,-52.22,-55.92,-57.41,-57.91,-58.04,-58.13,-58.07,-57.91,-57.94,-57.76,-57.48,-57.29,-57.04,-56.98,-56.98,-56.95,-56.76,-56.61,-56.54,-56.39,-56.3,-56.45,-56.36,-56.2,-56.17,-56.2,-55.95,-55.92,-55.83,-55.7,-55.58,-55.58,-55.49,-55.49,-55.42,-55.36,-55.24,-55.18,-54.99,-54.99,-54.77,-54.74,-54.71,-54.68,-54.55,-54.4,-54.15,-54.18,-54.03,-53.87,-53.9,-53.84,-53.56,-53.53,-53.47,-53.4,-53.31,-53.22,-53.09,-52.91,-52.78,-52.88,-52.69,-52.6,-52.44,-52.56,-52.29,-52.19,-52.13,-52.04,-52.1,-51.79,-51.88,-51.79,-51.66,-51.57,-51.48,-51.26,-51.14,-51.01,-50.95,-50.82,-50.58,-50.61,-50.58,-50.54,-50.45,-50.14,-50.05,-49.83,-49.8,-49.61,-49.49,-49.33,-49.24,-49.27,-49.21,-48.9,-48.68,-48.49,-48.37,-48.12,-48.09,-48.0,-47.62,-47.4,-47.19,-46.97,-46.88,-46.57,-46.44,-45.88,-45.76,-45.6,-45.51,-44.95,-44.79,-44.51,-44.2,-43.89,-43.71,-43.36,-43.18,-43.05,-42.74,-42.52,-41.93,-40.22,-17.94,22.82,17.13,-9.42,-33.32,-47.47,-53.65,-56.45,-57.69,-57.94,-58.25,-58.35,-58.1,-58.07,-57.88,-57.54,-57.35,-57.1,-56.95,-56.73,-56.61,-56.64,-56.42,-56.33,-56.17,-56.02,-55.95,-55.7,-55.74,-55.58,-55.58,-55.42,-55.3,-55.21,-54.99,-54.93,-54.77,-54.71,-54.55,-54.46,-54.27,-54.27,-54.09,-53.99,-53.84,-53.75,-53.59,-53.53,-53.31,-53.16,-53.12,-53.12,-52.81,-52.66,-52.63,-52.41,-52.22,-52.1,-52.04,-51.82,-51.73,-51.66,-51.57,-51.48,-51.32,-51.23,-51.14,-51.01,-50.98,-50.79,-50.61,-50.39,-50.36,-50.11,-49.98,-49.86,-49.83,-49.8,-49.52,-49.58,-49.49,-49.18,-49.05,-48.99,-48.96,-48.74,-48.59,-48.49,-48.34,-48.06,-47.93,-47.84,-47.62,-47.31,-47.19,-47.0,-46.85,-46.66,-46.6,-46.29,-46.13,-45.7,-45.63,-45.35,-45.14,-44.86,-44.67,-44.14,-43.74,-43.52,-42.8,-42.43,-41.62,-39.57,-11.28,23.97,13.02,-12.37,-34.78,-47.28,-53.03,-55.77,-56.57,-57.1,-57.35,-57.38,-57.41,-57.23,-57.1,-57.17,-57.2,-56.67,-56.76,-56.64,-56.85,-56.61,-56.48,-56.39,-56.26,-56.08,-55.92,-55.89,-55.8,-55.77,-55.64,-55.42,-55.42,-55.3,-55.02,-55.27,-54.93,-54.77,-54.46,-54.49,-54.43,-54.31,-54.37,-54.06,-53.87,-53.75,-53.62,-53.44,-53.28,-53.37,-53.09,-52.88,-52.69,-52.72,-52.35,-52.38,-52.19,-52.1,-51.88,-51.85,-51.82,-51.6,-51.48,-51.35,-51.17,-51.01,-50.92,-50.98,-50.86,-50.73,-50.67,-50.45,-50.33,-50.23,-50.11,-50.05,-49.98,-49.95,-49.8,-49.92,-49.71,-49.55,-49.18,-49.18,-48.99,-48.87,-48.8,-48.65,-48.59,-48.37,-48.24,-48.24,-48.06,-47.96,-47.78,-47.56,-47.68,-47.31,-47.19,-47.13,-46.85,-46.75,-46.5,-46.53,-46.38,-46.41,-46.1,-46.07,-45.88,-45.73,-45.38,-45.29,-45.2,-44.73,-44.7,-44.67,-44.33,-44.11,-43.77,-43.52,-42.9,-42.43,-41.65,-40.91,-37.33,-1.27,23.41,8.3,-16.2,-36.49,-47.87,-53.22,-55.58,-56.82,-57.35,-57.66,-57.63,-57.57,-57.6,-57.41,-57.35,-57.29,-57.23,-57.04,-56.82,-56.95,-56.76,-56.45,-56.39,-56.36,-56.14,-55.95,-55.86,-55.61,-55.61,-55.42,-55.36,-55.39,-55.08,-55.02,-54.8,-54.77,-54.68,-54.46,-54.31,-54.24,-54.12,-53.9,-53.84,-53.81,-53.44,-53.37,-53.47,-53.22,-53.25,-52.97,-53.03,-52.81,-52.72,-52.47,-52.35,-52.19,-52.1,-52.1,-51.82,-51.91,-51.63,-51.48,-51.41,-51.32,-51.2,-51.14,-50.86,-50.89,-50.67,-50.45,-50.11,-50.11,-49.92,-49.74,-49.61,-49.49,-49.33,-49.3,-49.08,-49.24,-49.05,-48.83,-48.68,-48.56,-48.74,-48.46,-48.4,-48.28,-48.15,-47.87,-47.72,-47.47,-47.28,-47.28,-47.06,-46.91,-46.88,-46.63,-46.57,-46.25,-46.22,-45.82,-45.6,-45.23,-45.17,-44.7,-44.64,-44.55,-44.17,-43.95,-43.92,-43.8,-43.43,-43.33,-43.18,-43.36,-43.15,-42.62,-42.59,-42.28,-42.12,-41.81,-41.81,-41.84,-41.16,-40.35,-38.92,-16.41,19.65,16.44,-6.65,-29.34,-44.27,-51.45,-54.46,-56.23,-56.79,-57.23,-57.2,-57.2,-57.2,-56.92,-56.98,-56.85,-56.7,-56.64,-56.23,-56.23,-56.05,-56.08,-55.89,-55.7,-55.61,-55.52,-55.42,-55.24,-55.24,-55.05,-54.87,-54.68,-54.83,-54.83,-54.74,-54.62,-54.52,-54.37,-54.46,-54.06,-54.06,-53.93,-53.84,-53.87,-53.56,-53.47,-53.47,-53.4,-53.22,-53.16,-53.19,-52.97,-52.84,-52.72,-52.6,-52.41,-52.47,-52.35,-52.1,-51.94,-51.82,-51.73,-51.57,-51.6,-51.32,-51.32,-51.26,-51.14,-51.01,-51.01,-50.92,-50.64,-50.48,-50.48,-50.26,-50.08,-49.74,-49.8,-49.71,-49.43,-49.36,-49.24,-48.9,-48.87,-48.71,-48.46,-48.31,-48.03,-47.84,-47.65,-47.59,-47.37,-47.13,-47.06,-46.94,-46.72,-46.78,-46.44,-46.29,-45.79,-45.7,-45.42,-44.95,-44.73,-44.45,-44.2,-43.86,-43.49,-42.65,-41.78,-38.67,-4.01,23.87,8.7,-16.79,-37.55,-48.77,-54.03,-56.54,-57.54,-57.94,-58.0,-58.0,-57.79,-57.63,-57.54,-57.41,-57.35,-57.2,-57.2,-57.13,-56.92,-57.01,-56.82,-56.79,-56.73,-56.45,-56.39,-56.26,-56.17,-56.08,-55.89,-55.74,-55.67,-55.58,-55.52,-55.36,-55.33,-55.05,-55.02,-54.87,-54.83,-54.65,-54.46,-54.27,-54.15,-53.96,-53.96,-53.75,-53.72,-53.47,-53.37,-53.37,-53.22,-53.03,-52.97,-52.91,-52.75,-52.56,-52.6,-52.44,-52.19,-52.1,-51.94,-51.91,-51.91,-51.66,-51.57,-51.29,-51.35,-51.2,-51.17,-51.04,-50.98,-50.67,-50.58,-50.54,-50.39,-50.26,-49.92,-49.89,-49.64,-49.71,-49.64,-49.43,-49.18,-49.33,-49.18,-49.05,-48.71,-48.37,-48.52,-48.4,-48.28,-48.37,-48.21,-48.12,-47.9,-47.81,-47.84,-47.62,-47.56,-47.44,-47.25,-47.06,-46.85,-46.81,-46.69,-46.41,-46.35,-46.35,-46.29,-46.22,-45.97,-45.76,-45.63,-45.35,-45.26,-45.07,-44.82,-44.33,-44.45,-44.45,-44.39,-44.36,-44.11,-44.14,-44.33,-44.02,-43.86,-43.74,-43.43,-43.27,-43.18,-42.68,-42.43,-42.18,-41.56,-40.78,-40.29,-39.54,-32.05,5.91,22.19,4.66,-18.81,-37.86,-48.31,-53.03,-55.42,-56.48,-56.79,-57.04,-57.13,-57.07,-57.26,-57.1,-57.07,-56.82,-56.7,-56.76,-56.64,-56.54,-56.64,-56.45,-56.26,-56.17,-56.2,-56.02,-55.92,-55.74,-55.7,-55.55,-55.55,-55.46,-55.36,-55.15,-55.11,-54.93,-54.96,-54.74,-54.8,-54.59,-54.43,-54.31,-54.34,-54.03,-54.09,-53.65,-53.75,-53.59,-53.53,-53.25,-53.12,-53.25,-53.06,-53.03,-52.78,-52.75,-52.69,-52.56,-52.47,-52.38,-52.16,-52.01,-51.94,-51.97,-51.85,-51.6,-51.45,-51.35,-51.29,-51.17,-51.07,-50.89,-50.79,-50.79,-50.76,-50.64,-50.45,-50.48,-50.36,-50.14,-49.86,-49.8,-49.64,-49.43,-49.55,-49.33,-49.24,-49.11,-48.87,-48.74,-48.59,-48.46,-48.43,-48.28,-48.0,-47.96,-47.75,-47.59,-47.28,-47.25,-47.13,-47.03,-46.69,-46.57,-46.19,-45.94,-45.88,-45.6,-45.48,-45.23,-44.76,-44.2,-44.02,-43.74,-43.49,-42.93,-42.68,-42.34,-41.93,-41.19,-36.84,0.22,23.62,7.86,-17.56,-38.36,-48.96,-53.68,-56.11,-56.76,-57.26,-57.41,-57.57,-57.38,-57.2,-57.17,-56.98,-56.85,-56.73,-56.61,-56.36,-56.26,-56.2,-56.14,-55.98,-55.92,-55.74,-55.67,-55.61,-55.42,-55.27,-55.18,-55.08,-55.05,-54.8,-54.74,-54.55,-54.4,-54.31,-54.21,-54.24,-54.12,-53.96,-53.84,-53.75,-53.81,-53.62,-53.59,-53.59,-53.37,-53.34,-53.22,-53.16,-53.19,-52.91,-52.84,-52.72,-52.69,-52.78,-52.41,-52.6,-52.35,-52.44,-52.22,-52.13,-51.94,-52.04,-51.88,-51.76,-51.6,-51.41,-51.35,-51.29,-51.29,-51.2,-50.86,-50.92,-50.67,-50.58,-50.42,-50.17,-50.14,-49.83,-49.77,-49.49,-49.33,-49.27,-49.27,-49.18,-48.99,-48.77,-48.59,-48.34,-48.06,-47.9,-47.72,-47.56,-47.4,-47.28,-47.13,-46.94,-46.63,-46.41,-46.29,-46.16,-45.97,-45.7,-45.51,-45.38,-45.1,-44.95,-44.73,-44.55,-44.27,-44.23,-43.92,-43.86,-43.74,-43.61,-43.15,-42.8,-42.71,-42.18,-42.03,-41.22,-39.66,-17.5,20.17,17.19,-6.53,-28.78,-44.36,-51.94,-55.24,-56.76,-57.2,-57.26,-57.17,-57.38,-57.29,-56.95,-56.98,-56.98,-56.82,-56.61,-56.42,-56.39,-56.17,-56.14,-56.14,-56.02,-56.08,-55.95,-55.86,-55.8,-55.61,-55.67,-55.61,-55.55,-55.49,-55.21,-55.21,-55.08,-54.96,-54.83,-54.87,-54.62,-54.59,-54.4,-54.24,-54.09,-54.09,-53.87,-53.75,-53.59,-53.47,-53.25,-53.28,-53.16,-53.0,-52.97,-52.78,-52.75,-52.6,-52.41,-52.44,-52.29,-52.16,-52.1,-52.07,-51.97,-51.76,-51.57,-51.54,-51.54,-51.41,-51.26,-51.07,-50.89,-50.92,-50.79,-50.82,-50.73,-50.45,-50.42,-50.14,-49.98,-49.67,-49.74,-49.61,-49.77,-49.52,-49.49,-49.11,-49.27,-48.99,-48.93,-48.74,-48.65,-48.59,-48.49,-48.56,-48.37,-48.43,-48.28,-48.12,-48.03,-47.84,-47.81,-47.72,-47.34,-47.28,-47.09,-46.72,-46.47,-46.35,-46.38,-46.41,-46.32,-46.04,-45.94,-45.91,-45.76,-45.48,-45.35,-45.48,-45.23,-44.98,-44.98,-44.98,-44.86,-44.61,-44.39,-44.39,-44.39,-43.99,-44.05,-43.52,-43.71,-43.33,-42.96,-42.43,-42.31,-41.9,-41.37,-40.66,-40.26,-39.54,-36.49,-3.76,22.6,9.92,-14.39,-35.13,-47.34,-53.03,-55.52,-56.82,-57.48,-57.69,-57.73,-57.45,-57.48,-57.45,-57.23,-57.17,-57.13,-57.01,-56.82,-56.76,-56.51,-56.48,-56.26,-56.23,-56.05,-55.8,-55.86,-55.67,-55.61,-55.52,-55.3,-55.27,-55.27,-55.18,-54.8,-54.8,-54.62,-54.55,-54.59,-54.49,-54.46,-54.24,-54.18,-53.96,-53.84,-53.9,-53.56,-53.53,-53.4,-53.28,-53.25,-52.94,-53.09,-52.72,-52.63,-52.5,-52.47,-52.47,-52.32,-52.13,-52.07,-51.94,-51.91,-51.73,-51.69,-51.63,-51.45,-51.35,-51.29,-51.17,-50.92,-50.82,-50.79,-50.58,-50.48,-50.3,-50.08,-50.2,-50.05,-49.98,-49.67,-49.61,-49.58,-49.52,-49.64,-49.58,-49.3,-49.24,-49.27,-49.02,-48.96,-48.74,-48.68,-48.68,-48.49,-48.43,-48.31,-48.24,-48.06,-48.0,-47.72,-47.44,-47.25,-47.13,-47.09,-46.91,-46.88,-46.66,-46.47,-46.41,-46.22,-45.88,-45.73,-45.38,-45.35,-45.17,-44.89,-44.39,-44.11,-43.74,-43.43,-42.96,-42.24,-40.63,-16.57,21.36,17.38,-7.77,-30.56,-45.45,-52.53,-55.7,-57.26,-57.79,-57.82,-57.94,-57.76,-57.6,-57.51,-57.26,-57.29,-57.26,-57.07,-56.95,-56.79,-56.85,-56.67,-56.57,-56.36,-56.17,-56.02,-56.08,-55.89,-55.67,-55.61,-55.64,-55.58,-55.21,-55.36,-55.08,-54.96,-54.83,-54.71,-54.68,-54.62,-54.43,-54.31,-54.27,-54.15,-53.9,-53.9,-53.75,-53.62,-53.68,-53.44,-53.25,-53.16,-53.09,-52.91,-52.94,-52.81,-52.72,-52.63,-52.63,-52.38,-52.47,-52.35,-52.19,-51.97,-51.54,-51.63,-51.6,-51.6,-51.35,-51.32,-51.2,-50.89,-50.95,-50.89,-50.67,-50.76,-50.64,-50.45,-50.33,-50.11,-50.26,-50.14,-50.02,-49.89,-49.61,-49.58,-49.49,-49.43,-49.43,-49.27,-49.24,-48.93,-48.87,-48.68,-48.52,-48.31,-48.24,-47.96,-47.9,-47.87,-47.75,-47.72,-47.62,-47.22,-46.97,-46.72,-46.47,-46.29,-46.1,-45.97,-45.73,-45.51,-45.2,-44.73,-44.3,-43.95,-43.67,-42.93,-42.34,-41.84,-41.19,-38.79,-6.81,23.22,11.31,-12.74,-33.29,-46.16,-52.6,-55.67,-57.01,-57.54,-57.41,-57.41,-57.41,-57.23,-57.04,-57.07,-56.98,-56.73,-56.45,-56.45,-56.51,-56.26,-56.08,-56.02,-55.92,-55.77,-55.67,-55.7,-55.55,-55.27,-55.33,-55.24,-55.11,-54.93,-54.8,-54.68,-54.59,-54.4,-54.34,-54.24,-54.31,-54.06,-53.96,-53.93,-53.72,-53.59,-53.47,-53.37,-53.25,-53.09,-52.97,-52.88,-52.78,-52.75,-52.5,-52.44,-52.38,-52.16,-52.13,-52.01,-51.94,-51.66,-51.57,-51.51,-51.23,-51.17,-51.04,-51.1,-50.89,-50.82,-50.67,-50.61,-50.48,-50.23,-50.08,-49.98,-49.74,-49.61,-49.43,-49.27,-49.08,-48.8,-48.56,-48.49,-48.21,-47.9,-47.59,-47.62,-47.25,-47.0,-46.75,-46.47,-46.44,-46.22,-46.29,-45.94,-46.07,-45.6,-45.26,-44.92,-44.42,-44.61,-44.51,-44.05,-43.64,-43.3,-42.96,-42.43,-42.28,-41.22,-39.29,-12.03,21.88,14.52,-9.98,-32.17,-45.23,-51.76,-54.93,-56.3,-56.92,-57.2,-57.26,-57.38,-57.2,-57.29,-57.1,-57.07,-56.89,-56.79,-56.61,-56.54,-56.42,-56.45,-56.23,-56.17,-55.95,-56.05,-55.95,-55.77,-55.77,-55.55,-55.49,-55.3,-55.21,-55.05,-54.93,-54.96,-54.77,-54.65,-54.71,-54.65,-54.4,-54.27,-54.09,-54.03,-53.84,-53.81,-53.68,-53.59,-53.4,-53.4,-53.06,-53.16,-53.06,-52.75,-52.78,-52.66,-52.47,-52.38,-52.32,-52.13,-51.97,-51.85,-51.69,-51.32,-51.29,-51.1,-50.98,-50.79,-50.76,-50.67,-50.58,-50.36,-50.3,-50.23,-50.05,-49.77,-49.74,-49.61,-49.36,-49.39,-49.21,-49.05,-49.05,-48.71,-48.62,-48.46,-48.37,-48.12,-47.93,-47.87,-47.56,-47.65,-47.31,-47.37,-47.25,-47.16,-46.94,-46.91,-46.5,-46.47,-46.22,-46.19,-45.94,-45.91,-45.88,-45.79,-45.79,-45.26,-45.2,-44.86,-44.79,-44.64,-44.58,-44.42,-44.42,-44.02,-43.92,-43.49,-43.49,-43.49,-43.3,-42.9,-42.52,-42.24,-41.53,-40.81,-39.35,-17.35,19.74,17.0,-6.43,-28.88,-43.52,-50.79,-54.52,-56.14,-56.67,-57.01,-57.13,-57.26,-57.13,-57.07,-56.95,-56.79,-56.54,-56.54,-56.42,-56.26,-56.02,-56.02,-55.86,-55.86,-55.7,-55.55,-55.42,-55.36,-55.33,-54.99,-54.96,-54.93,-54.68,-54.59,-54.31,-54.21,-54.27,-54.09,-53.9,-53.9,-53.75,-53.81,-53.75,-53.53,-53.53,-53.22,-53.31,-53.06,-52.84,-52.72,-52.6,-52.44,-52.35,-52.22,-52.04,-51.91,-51.85,-51.69,-51.48,-51.6,-51.23,-51.14,-51.07,-50.86,-50.7,-50.48,-50.36,-50.3,-50.33,-50.2,-49.95,-49.95,-49.71,-49.52,-49.24,-49.08,-49.18,-48.87,-48.96,-48.87,-48.62,-48.43,-48.34,-48.09,-48.09,-47.87,-47.78,-47.31,-47.47,-47.19,-47.13,-46.88,-46.85,-46.53,-46.32,-46.19,-46.19,-45.97,-45.76,-45.57,-45.2,-45.14,-45.01,-44.7,-44.27,-44.05,-43.8,-43.71,-43.3,-42.9,-42.34,-42.18,-41.53,-40.5,-28.75,10.29,22.13,1.24,-22.88,-40.94,-49.8,-54.12,-55.83,-56.95,-57.45,-57.63,-57.66,-57.54,-57.48,-57.26,-57.17,-56.92,-56.82,-56.67,-56.51,-56.48,-56.3,-56.11,-56.11,-55.92,-55.8,-55.67,-55.61,-55.36,-55.18,-54.99,-54.77,-54.83,-54.52,-54.62,-54.4,-54.4,-54.27,-54.12,-53.87,-53.78,-53.62,-53.56,-53.47,-53.28,-53.19,-52.88,-52.91,-52.78,-52.88,-52.41,-52.41,-52.41,-52.25,-52.19,-51.97,-51.91,-51.79,-51.41,-51.45,-51.17,-50.95,-50.89,-50.73,-50.48,-50.61,-50.23,-50.14,-50.26,-50.11,-50.02,-49.83,-49.67,-49.67,-49.46,-49.43,-49.18,-49.08,-49.05,-48.83,-48.77,-48.65,-48.49,-48.4,-48.15,-48.0,-47.96,-47.81,-47.65,-47.65,-47.5,-47.34,-47.13,-47.13,-47.03,-46.94,-46.91,-46.69,-46.69,-46.57,-46.44,-46.5,-46.47,-46.57,-46.44,-46.29,-46.41,-46.16,-46.07,-46.01,-45.73,-45.54,-45.38,-45.32,-45.01,-44.86,-44.89,-44.7,-44.79,-44.48,-44.27,-44.14,-43.74,-43.39,-43.52,-43.02,-42.71,-42.49,-41.78,-40.54,-29.75,7.9,21.14,4.07,-18.93,-37.33,-47.37,-52.35,-54.74,-55.83,-56.3,-56.45,-56.57,-56.76,-56.73,-56.61,-56.57,-56.54,-56.33,-56.11,-55.83,-55.83,-55.74,-55.55,-55.58,-55.39,-55.36,-55.3,-55.18,-55.02,-55.02,-54.83,-54.87,-54.59,-54.59,-54.59,-54.31,-54.27,-54.18,-54.06,-53.96,-53.93,-53.68,-53.75,-53.47,-53.47,-53.34,-53.25,-53.16,-53.12,-53.12,-52.97,-52.88,-52.72,-52.78,-52.75,-52.69,-52.44,-52.29,-52.22,-52.1,-52.04,-52.19,-51.88,-51.76,-51.57,-51.54,-51.29,-51.26,-51.29,-51.1,-51.2,-51.07,-50.86,-50.67,-50.45,-50.33,-50.14,-50.2,-50.08,-49.83,-49.89,-49.74,-49.61,-49.55,-49.39,-49.24,-49.18,-49.05,-48.77,-48.46,-48.37,-48.24,-48.0,-48.18,-47.9,-47.96,-47.84,-47.59,-47.59,-47.72,-47.53,-47.4,-47.37,-47.09,-47.22,-46.94,-46.81,-46.66,-46.47,-46.32,-46.44,-46.41,-46.1,-45.91,-45.76,-45.63,-45.38,-45.17,-45.14,-45.1,-44.89,-44.86,-44.89,-44.27,-44.33,-44.3,-44.08,-43.89,-43.83,-43.58,-43.18,-42.87,-42.62,-42.56,-42.34,-42.52,-42.43,-42.0,-41.87,-41.5,-40.85,-40.1,-38.11,-10.2,20.7,13.93,-9.39,-30.31,-43.89,-50.51,-53.65,-55.52,-56.05,-56.7,-56.73,-56.82,-56.61,-56.61,-56.45,-56.3,-56.23,-56.02,-55.98,-55.83,-55.83,-55.61,-55.55,-55.52,-55.42,-55.27,-55.36,-55.3,-55.24,-54.99,-54.96,-54.87,-54.62,-54.4,-54.21,-54.31,-54.18,-54.06,-53.87,-53.75,-53.72,-53.59,-53.5,-53.5,-53.25,-53.12,-52.81,-52.78,-52.75,-52.6,-52.5,-52.38,-52.22,-52.29,-52.16,-51.97,-51.94,-51.79,-51.69,-51.48,-51.51,-51.29,-51.2,-51.07,-50.89,-50.98,-50.79,-50.73,-50.61,-50.48,-50.42,-50.2,-50.05,-49.92,-49.92,-49.83,-49.74,-49.61,-49.61,-49.49,-49.33,-49.18,-48.9,-48.87,-48.71,-48.65,-48.46,-48.52,-48.49,-48.31,-48.21,-47.96,-47.84,-47.62,-47.53,-47.4,-47.19,-46.91,-46.66,-46.57,-46.5,-46.41,-46.38,-46.29,-46.25,-45.91,-45.76,-45.42,-45.04,-44.82,-44.61,-44.23,-44.23,-43.8,-43.64,-43.52,-42.96,-42.4,-41.93,-40.94,-31.36,8.61,22.38,2.61,-22.19,-40.19,-49.58,-53.72,-55.58,-56.45,-56.95,-57.04,-57.1,-57.01,-56.79,-56.7,-56.64,-56.57,-56.36,-56.26,-56.11,-55.95,-55.77,-55.7,-55.55,-55.36,-55.27,-54.96,-55.05,-54.87,-54.74,-54.65,-54.59,-54.43,-54.34,-54.21,-54.09,-54.03,-53.84,-53.78,-53.78,-53.62,-53.5,-53.44,-53.09,-53.28,-53.12,-53.06,-52.88,-52.81,-52.69,-52.66,-52.56,-52.44,-52.41,-52.25,-52.19,-52.1,-52.01,-51.91,-51.6,-51.76,-51.51,-51.38,-51.29,-51.23,-51.07,-50.98,-50.89,-50.82,-50.7,-50.51,-50.45,-50.48,-50.2,-50.23,-50.2,-50.2,-49.86,-49.8,-49.67,-49.58,-49.43,-49.3,-49.05,-48.96,-48.83,-48.59,-48.34,-48.31,-48.15,-48.0,-48.09,-47.72,-47.72,-47.62,-47.59,-47.25,-47.16,-47.22,-47.19,-47.13,-46.91,-46.78,-46.72,-46.72,-46.6,-46.35,-46.07,-46.04,-46.1,-45.91,-45.76,-45.63,-45.6,-45.26,-45.35,-45.17,-44.98,-44.64,-44.3,-44.42,-44.23,-44.2,-44.23,-44.17,-43.64,-43.46,-42.99,-42.71,-41.75,-41.0,-39.85,-27.79,10.94,20.67,1.83,-21.36,-39.32,-48.59,-52.84,-54.9,-55.86,-56.39,-56.51,-56.57,-56.36,-56.26,-56.2,-56.17,-55.92,-55.77,-55.8,-55.7,-55.7,-55.61,-55.49,-55.42,-55.3,-55.24,-55.02,-54.77,-54.55,-54.59,-54.37,-54.27,-54.34,-54.15,-54.03,-53.84,-53.87,-53.72,-53.44,-53.44,-53.16,-53.06,-52.97,-52.84,-52.78,-52.69,-52.44,-52.44,-52.16,-52.16,-52.1,-52.04,-51.82,-51.63,-51.6,-51.38,-51.32,-51.23,-51.2,-50.95,-50.89,-50.98,-50.86,-50.79,-50.79,-50.58,-50.48,-50.3,-50.23,-50.14,-49.95,-50.05,-49.86,-49.64,-49.58,-49.33,-49.24,-49.21,-49.08,-48.9,-48.77,-48.62,-48.59,-48.52,-48.34,-47.96,-47.96,-47.65,-47.4,-47.19,-46.97,-46.88,-46.5,-46.32,-46.1,-46.07,-45.82,-45.66,-45.66,-45.6,-45.29,-44.98,-44.79,-44.79,-44.45,-44.33,-44.2,-43.99,-43.36,-42.96,-42.84,-42.56,-42.37,-41.87,-41.28,-40.63,-39.82,-36.28,-3.23,21.64,9.57,-13.3,-34.04,-45.91,-51.32,-54.21,-55.74,-56.23,-56.76,-56.79,-56.85,-56.73,-56.95,-56.7,-56.61,-56.33,-56.26,-56.11,-56.02,-55.92,-55.7,-55.7,-55.49,-55.39,-55.15,-55.11,-54.9,-54.93,-54.9,-54.83,-54.74,-54.68,-54.46,-54.4,-54.21,-54.18,-54.03,-53.93,-53.9,-53.81,-53.78,-53.62,-53.47,-53.37,-53.09,-52.88,-52.81,-52.66,-52.72,-52.5,-52.32,-52.16,-51.94,-51.91,-51.82,-51.57,-51.54,-51.38,-51.14,-51.04,-50.89,-50.79,-50.7,-50.36,-50.23,-50.14,-50.14,-50.02,-49.83,-49.71,-49.67,-49.49,-49.46,-49.24,-49.18,-49.08,-48.96,-48.8,-48.59,-48.52,-48.4,-48.18,-48.12,-48.0,-47.75,-47.68,-47.62,-47.31,-47.19,-47.09,-46.85,-46.66,-46.44,-46.19,-46.1,-45.85,-45.79,-45.57,-45.42,-45.23,-45.07,-44.79,-44.64,-44.42,-44.17,-44.11,-43.86,-43.55,-43.02,-42.28,-41.53,-40.04,-17.59,19.49,17.07,-6.06,-27.73,-42.9,-50.17,-53.65,-55.52,-56.33,-56.7,-56.85,-56.89,-56.85,-56.57,-56.45,-56.33,-56.3,-56.14,-56.05,-55.92,-55.98,-55.7,-55.74,-55.46,-55.42,-55.27,-55.27,-54.93,-54.99,-54.8,-54.83,-54.49,-54.65,-54.21,-54.09,-54.15,-53.9,-53.78,-53.81,-53.59,-53.47,-53.4,-53.31,-53.16,-53.09,-52.91,-52.88,-52.63,-52.63,-52.41,-52.38,-52.16,-51.97,-51.88,-51.76,-51.57,-51.32,-51.23,-51.1,-50.95,-50.73,-50.42,-50.39,-50.26,-49.98,-49.92,-49.86,-49.74,-49.71,-49.49,-49.36,-49.36,-49.3,-49.21,-48.96,-48.8,-48.77,-48.65,-48.43,-48.21,-48.09,-48.03,-47.93,-47.68,-47.56,-47.34,-47.0,-47.06,-47.03,-46.81,-46.72,-46.38,-46.32,-46.13,-45.97,-45.91,-45.66,-45.6,-45.38,-45.29,-44.92,-44.55,-44.3,-44.23,-43.99,-43.8,-43.67,-43.39,-42.99,-42.68,-42.34,-41.9,-41.41,-40.32,-38.7,-14.89,20.42,15.64,-7.71,-29.38,-44.39,-51.32,-54.34,-55.74,-56.48,-56.82,-56.89,-56.89,-56.79,-56.61,-56.36,-56.51,-56.45,-56.26,-56.08,-56.02,-55.83,-55.77,-55.61,-55.58,-55.27,-55.24,-55.08,-54.9,-54.87,-54.87,-54.74,-54.59,-54.52,-54.4,-54.34,-54.31,-54.12,-53.9,-53.93,-53.9,-53.75,-53.65,-53.56,-53.47,-53.25,-53.19,-53.06,-53.09,-53.03,-53.0,-52.78,-52.84,-52.69,-52.6,-52.6,-52.56,-52.38,-52.35,-52.16,-52.13,-52.04,-51.94,-51.85,-51.76,-51.73,-51.6,-51.45,-51.41,-51.45,-51.29,-51.29,-51.14,-51.14,-50.92,-50.76,-50.58,-50.58,-50.64,-50.39,-50.3,-50.17,-50.17,-50.02,-49.8,-49.64,-49.64,-49.58,-49.61,-49.46,-49.49,-49.33,-49.24,-49.05,-48.96,-48.8,-48.74,-48.74,-48.65,-48.49,-48.31,-48.09,-48.28,-48.09,-47.96,-47.9,-47.81,-47.65,-47.68,-47.68,-47.56,-47.37,-47.34,-47.19,-47.31,-47.16,-47.0,-46.88,-46.88,-46.88,-46.81,-46.75,-46.44,-46.41,-46.41,-46.29,-46.29,-46.16,-45.94,-45.82,-45.79,-45.63,-45.45,-45.7,-45.54,-45.42,-45.45,-45.32,-45.32,-45.35,-45.29,-45.14,-45.14,-44.92,-44.76,-44.51,-44.58,-44.17,-43.8,-43.49,-43.46,-43.3,-42.84,-42.52,-42.21,-42.0,-41.9,-41.53,-41.34,-40.6,-40.16,-39.17,-31.18,4.48,20.8,6.0,-15.95,-34.85,-46.01,-51.32,-54.31,-55.64,-56.33,-56.64,-56.7,-56.89,-56.82,-56.64,-56.54,-56.33,-56.39,-56.23,-55.98,-55.89,-55.86,-55.77,-55.55,-55.39,-55.39,-55.21,-55.24,-55.24,-55.05,-54.87,-54.74,-54.62,-54.74,-54.52,-54.65,-54.62,-54.34,-54.27,-54.31,-54.12,-54.21,-54.06,-53.87,-53.96,-53.84,-53.78,-53.53,-53.53,-53.37,-53.19,-53.19,-53.06,-53.0,-52.88,-52.72,-52.63,-52.29,-52.38,-52.32,-52.22,-52.1,-51.91,-51.73,-51.54,-51.35,-51.29,-50.92,-50.92,-51.04,-50.86,-50.95,-50.45,-50.39,-50.14,-49.98,-50.05,-49.64,-49.61,-49.58,-49.3,-49.33,-49.21,-48.96,-48.96,-48.74,-48.83,-48.65,-48.37,-48.15,-48.09,-48.09,-48.03,-47.59,-47.53,-47.28,-47.22,-47.09,-47.16,-47.19,-46.97,-46.97,-46.81,-46.6,-46.41,-45.88,-45.45,-45.42,-45.26,-45.17,-44.79,-44.64,-44.48,-44.27,-43.95,-43.61,-43.15,-42.68,-41.96,-40.94,-28.29,12.59,21.73,0.59,-22.23,-39.88,-48.74,-53.53,-55.52,-56.45,-56.79,-57.07,-57.23,-57.1,-57.17,-57.04,-56.89,-56.89,-56.67,-56.57,-56.36,-56.26,-56.3,-56.14,-55.95,-55.98,-55.83,-55.7,-55.64,-55.58,-55.52,-55.24,-54.96,-55.08,-54.93,-54.71,-54.77,-54.68,-54.59,-54.37,-54.27,-54.24,-54.21,-54.09,-53.84,-53.78,-53.78,-53.87,-53.96,-54.62,-54.77,-55.15,-55.27,-55.67,-55.83,-55.92,-56.2,-56.42,-56.48,-56.82,-56.98,-57.2,-57.2,-57.6,-57.66,-57.85,-58.07,-58.19,-58.28,-58.53,-58.66,-58.88,-58.94,-59.03,-59.19,-59.31,-59.56,-59.68,-59.81,-59.87,-59.9,-60.12,-60.06,-60.18,-60.34,-60.4,-60.65,-60.74,-60.77,-61.08,-61.05,-61.02,-61.11,-61.3,-61.52,-61.61,-61.58,-61.61,-61.64,-61.8,-61.86,-61.98,-62.11,-62.08,-62.2,-62.14,-62.26,-62.26,-62.48,-62.42,-62.57,-62.57,-62.57,-62.61,-62.73,-62.98,-62.85,-62.89,-63.13,-63.17,-63.23,-63.29,-63.38,-63.29,-63.29,-63.41,-63.66,-63.57,-63.63,-63.54,-63.69,-63.76,-63.82,-63.94,-63.94,-63.97,-64.07,-64.22,-64.13,-64.35,-64.32,-64.35,-64.32,-64.47,-64.41,-64.41,-64.5,-64.41,-64.44,-64.59,-64.59,-64.69,-64.59,-64.75,-64.72,-64.81,-64.81,-64.75,-64.84,-64.84,-64.84,-65.06,-65.03,-65.22,-65.06,-65.03,-65.19,-65.22,-65.09,-65.28,-65.31,-65.22,-65.22,-65.31,-65.22,-65.25,-65.4,-65.43,-65.56,-65.47,-65.5,-65.56,-65.56,-65.56,-65.59,-65.62,-65.71,-65.75,-65.68,-65.68,-65.75,-65.71,-65.87,-65.62,-65.68,-65.99,-65.84,-65.87,-66.02,-65.9,-65.87,-65.84,-65.87,-65.96,-65.9,-66.12,-65.9,-66.09,-66.06,-65.96,-66.06,-66.09,-66.09,-66.09,-66.09,-66.15,-66.09,-66.15,-66.34,-66.37,-66.4,-66.15,-66.37,-66.37,-66.34,-66.46,-66.4,-66.55,-66.46,-66.4,-66.46,-66.49,-66.65,-66.46,-66.49,-66.49,-66.49,-66.58,-66.52,-66.49,-66.58,-66.62,-66.49,-66.62,-66.52,-66.68,-66.62,-66.68,-66.68,-66.68,-66.68,-66.74,-66.65,-66.65,-66.74,-66.68,-66.65,-66.77,-66.68,-66.83,-66.77,-66.9,-66.96,-66.77,-66.86,-66.96,-66.96,-66.96,-66.9,-67.05,-67.02,-67.14,-67.14,-67.11,-67.02,-66.96,-67.08,-67.14,-67.11,-67.18,-67.11,-67.14,-67.11,-67.18,-67.21,-67.08,-67.18,-67.14,-67.11,-67.24,-67.3,-67.24,-67.24,-67.27,-67.24,-67.33,-67.52,-67.33,-67.45,-67.49,-67.36,-67.39,-67.49,-67.52,-67.61,-67.52,-67.58,-67.61,-67.55,-67.7,-67.73,-67.77,-67.7,-67.77,-67.73,-67.73,-67.83,-67.89,-67.83,-67.89,-68.01,-67.8,-67.98,-67.92,-68.05,-68.17,-68.05,-68.2,-68.11,-68.01,-68.17,-67.95,-68.11,-68.05,-68.14,-68.11,-68.2,-68.17,-68.29,-68.2,-68.29,-68.33,-68.36,-68.36,-68.26,-68.26,-68.33,-68.2,-68.2,-68.23,-68.2,-68.2,-68.39,-68.42,-68.29,-68.26,-68.29,-68.26,-68.45,-68.2,-68.26,-68.29,-68.17,-68.23,-68.2,-68.26,-68.45,-68.39,-68.29,-68.39,-68.48,-68.39,-68.54,-68.51,-68.48,-68.51,-68.57,-68.54,-68.57,-68.54,-68.54,-68.67,-68.64,-68.57,-68.6,-68.76,-68.57,-68.64,-68.7,-68.76,-68.73,-68.73,-68.7,-68.76,-68.79,-68.82,-68.67,-68.67,-68.82,-68.79,-68.73,-68.73,-68.76,-68.88,-68.95,-68.88,-68.76,-68.98,-68.85,-69.04,-68.88,-68.95,-69.01,-69.01,-68.98,-69.16,-68.98,-69.04,-69.01,-69.1,-69.07,-69.13,-69.1,-69.35,-69.1,-69.26,-69.2,-69.26,-69.23,-69.2,-69.23,-69.26,-69.35,-69.16,-69.2,-69.2,-69.35,-69.29,-69.13,-69.32,-69.13,-69.2,-69.2,-69.29,-69.2,-69.32,-69.35,-69.23,-69.32,-69.29,-69.35,-69.29,-69.23,-69.26,-69.29,-69.16,-69.32,-69.2,-69.32,-69.2,-69.23,-69.23,-69.26,-69.23,-69.23,-69.23,-69.13,-69.26,-69.23,-69.23,-69.26,-69.35,-69.29,-69.38,-69.26,-69.23,-69.38,-69.23,-69.23,-69.16,-69.16,-69.32,-69.38,-69.38,-69.29,-69.44,-69.32,-69.35,-69.41,-69.35,-69.35,-69.35,-69.44,-69.38,-69.41,-69.38,-69.48,-69.32,-69.38,-69.51,-69.35,-69.48,-69.32,-69.38,-69.54,-69.41,-69.44,-69.32,-69.41,-69.38,-69.38,-69.29,-69.38,-69.41,-69.38,-69.44,-69.48,-69.44,-69.51,-69.38,-69.57,-69.48,-69.54,-69.54,-69.35,-69.41,-69.57,-69.6,-69.57,-69.44,-69.57,-69.48,-69.54,-69.38,-69.44,-69.41,-69.38,-69.66,-69.51,-69.57,-69.48,-69.48,-69.44,-69.48,-69.35,-69.51,-69.44,-69.41,-69.38,-69.48,-69.51,-69.41,-69.38,-69.48,-69.38,-69.32,-69.26,-69.44,-69.23,-69.32,-69.32,-69.29,-69.29,-69.23,-69.26,-69.26,-69.2,-69.35,-69.26,-69.35,-69.26,-69.26,-69.35,-69.29,-69.51,-69.38,-69.35,-69.35,-69.38,-69.38,-69.26,-69.35,-69.41,-69.26,-69.35,-69.29,-69.35,-69.38,-69.29,-69.29,-69.41,-69.41,-69.51,-69.48,-69.35,-69.38,-69.35,-69.41,-69.51,-69.44,-69.35,-69.54,-69.48,-69.51,-69.35,-69.51,-69.48,-69.38,-69.38,-69.32,-69.41,-69.35,-69.35,-69.48,-69.38,-69.48,-69.38,-69.44,-69.41,-69.51,-69.41,-69.35,-69.44,-69.44,-69.51,-69.51,-69.44,-69.51,-69.54,-69.51,-69.44,-69.44,-69.48,-69.54,-69.44,-69.44,-69.41,-69.44,-69.32,-69.41,-69.38,-69.44,-69.41,-69.41,-69.35,-69.38,-69.26,-69.38,-69.23,-69.29,-69.23,-69.29,-69.44,-69.29,-69.23,-69.26,-69.13,-69.23,-69.13,-69.23,-69.07,-69.26,-69.07,-68.95,-69.13,-69.07,-69.01,-69.16,-69.16,-69.2,-69.13,-69.29,-69.01,-69.04,-68.92,-68.95,-68.98,-68.98,-69.07,-68.88,-68.98,-69.04,-68.95,-68.85,-68.85,-68.79,-69.07,-68.88,-68.92,-68.82,-68.98,-68.95,-68.98,-69.01,-68.88,-68.95,-68.92,-68.88,-68.79,-68.85,-68.92,-68.82,-68.88,-68.85,-68.98,-68.85,-68.82,-68.85,-68.85,-68.82,-68.95,-68.82,-68.92,-68.82,-68.82,-68.85,-68.85,-68.85,-68.76,-68.92,-69.01,-68.82,-68.79,-68.85,-68.82,-68.82,-68.82,-68.82,-68.98,-68.88,-68.82,-68.82,-68.73,-68.76,-68.7,-68.6,-68.73,-68.7,-68.64,-68.7,-68.64,-68.73,-68.67,-68.76,-68.7,-68.64,-68.6,-68.57,-68.57,-68.51,-68.51,-68.48,-68.51,-68.33,-68.45,-68.36,-68.39,-68.48,-68.39,-68.42,-68.39,-68.45,-68.33,-68.33,-68.42,-68.2,-68.36,-68.29,-68.48,-68.33,-68.39,-68.26,-68.36,-68.26,-68.36,-68.29,-68.23,-68.26,-68.29,-68.26,-68.29,-68.2,-68.33,-68.39,-68.33,-68.29,-68.26,-68.36,-68.39,-68.36,-68.39,-68.39,-68.45,-68.29,-68.2,-68.39,-68.2,-68.29,-68.2,-68.2,-68.29,-68.23,-68.2,-68.17,-68.33,-68.17,-68.33,-68.23,-68.17,-68.01,-68.11,-68.14,-68.11,-68.08,-68.23,-68.08,-68.17,-68.2,-68.17,-68.2,-68.23,-68.14,-68.17,-68.17,-68.14,-68.01,-68.05,-67.98,-68.14,-67.98,-67.98,-68.01,-68.14,-68.08,-68.11,-68.01,-68.08,-67.89,-67.95,-67.89,-67.95,-67.86,-67.83,-67.77,-67.8,-67.86,-67.77,-67.83,-67.73,-67.7,-67.7,-67.77,-67.77,-67.67,-67.67,-67.67,-67.64,-67.64,-67.67,-67.55,-67.7,-67.8,-67.77,-67.7,-67.58,-67.49,-67.45,-67.58,-67.61,-67.55,-67.52,-67.67,-67.52,-67.64,-67.52,-67.39,-67.49,-67.55,-67.39,-67.45,-67.45,-67.45,-67.39,-67.55,-67.55,-67.52,-67.39,-67.39,-67.45,-67.36,-67.52,-67.45,-67.42,-67.39,-67.49,-67.45,-67.55,-67.52,-67.42,-67.42,-67.45,-67.49,-67.33,-67.45,-67.39,-67.45,-67.49,-67.36,-67.42,-67.33,-67.36,-67.33,-67.36,-67.45,-67.36,-67.3,-67.42,-67.39,-67.27,-67.45,-67.39,-67.45,-67.36,-67.52,-67.55,-67.39,-67.52,-67.45,-67.55,-67.39,-67.39,-67.49,-67.45,-67.36,-67.3,-67.52,-67.27,-67.42,-67.3,-67.27,-67.36,-67.24,-67.24,-67.3,-67.27,-67.18,-67.11,-67.11,-67.24,-67.24,-67.02,-67.21,-67.05,-67.02,-67.05,-67.08,-67.11,-66.9,-67.08,-67.05,-66.99,-67.05,-67.02,-66.93,-66.99,-66.9,-66.99,-66.96,-66.83,-67.02,-66.86,-66.96,-66.83,-66.93,-66.96,-66.96,-66.9,-66.83,-66.86,-66.83,-66.83,-66.8,-66.74,-66.8,-66.86,-66.86,-66.9,-66.83,-66.74,-66.74,-66.8,-66.68,-66.74,-66.8,-66.8,-66.68,-66.71,-66.71,-66.65,-66.65,-66.55,-66.68,-66.62,-66.62,-66.58,-66.55,-66.65,-66.58,-66.68,-66.55,-66.52,-66.65,-66.52,-66.49,-66.52,-66.62,-66.58,-66.65,-66.55,-66.74,-66.55,-66.62,-66.58,-66.49,-66.49,-66.58,-66.49,-66.43,-66.49,-66.58,-66.65,-66.43,-66.4,-66.55,-66.46,-66.46,-66.55,-66.4,-66.46,-66.4,-66.34,-66.34,-66.4,-66.4,-66.37,-66.3,-66.4,-66.37,-66.4,-66.4,-66.24,-66.34,-66.27,-66.3,-66.27,-66.21,-66.27,-66.27,-66.3,-66.3,-66.3,-66.3,-66.24,-66.3,-66.34,-66.21,-66.24,-66.21,-66.34,-66.3,-66.21,-66.12,-66.24,-66.12,-66.15,-66.12,-66.02,-66.12,-65.99,-66.18,-66.06,-66.09,-65.96,-65.9,-66.06,-66.09,-66.12,-66.15,-66.06,-66.18,-66.06,-66.21,-65.96,-65.99,-66.09,-66.12,-66.02,-66.06,-66.12,-65.99,-65.9,-66.02,-65.96,-65.9,-66.18,-66.02,-66.09,-66.12,-66.02,-65.99,-65.99,-65.93,-65.96,-65.93,-65.9,-65.99,-65.99,-65.9,-66.02,-65.96,-65.87,-65.9,-66.09,-65.96,-65.99,-66.02,-65.93,-65.87,-66.02,-66.02,-65.9,-65.99,-65.9,-65.99,-65.93,-65.99,-65.9,-65.81,-65.87,-65.84,-65.78,-65.78,-65.87,-65.81,-65.9,-65.87,-65.71,-65.75,-65.75,-65.9,-65.75,-65.78,-65.75,-65.87,-65.75,-65.68,-65.81,-65.65,-65.68,-65.71,-65.75,-65.75,-65.78,-65.75,-65.56,-65.68,-65.59,-65.65,-65.75,-65.65,-65.78,-65.68,-65.59,-65.65,-65.68,-65.56,-65.62,-65.68,-65.81,-65.71,-65.68,-65.65,-65.75,-65.68,-65.68,-65.68,-65.56,-65.65,-65.59,-65.65,-65.53,-65.56,-65.59,-65.53,-65.59,-65.53,-65.65,-65.59,-65.62,-65.75,-65.62,-65.65,-65.62,-65.65,-65.68,-65.56,-65.65,-65.68,-65.59,-65.62,-65.65,-65.62,-65.59,-65.62,-65.68,-65.84,-65.71,-65.68,-65.65,-65.71,-65.71,-65.75,-65.75,-65.59,-65.71,-65.53,-65.65,-65.59,-65.68,-65.78,-65.75,-65.53,-65.62,-65.65,-65.78,-65.78,-65.75,-65.71,-65.59,-65.65,-65.68,-65.65,-65.78,-65.65,-65.68,-65.65,-65.71,-65.62,-65.62,-65.71,-65.68,-65.65,-65.65,-65.65,-65.62,-65.71,-65.56,-65.65,-65.65,-65.5,-65.68,-65.5,-65.4,-65.5,-65.59,-65.4,-65.53,-65.68,-65.53,-65.53,-65.59,-65.37,-65.56,-65.59,-65.65,-65.56,-65.62,-65.53,-65.47,-65.53,-65.47,-65.59,-65.53,-65.4,-65.5,-65.56,-65.4,-65.5,-65.47,-65.47,-65.47,-65.56,-65.5,-65.47,-65.53,-65.31,-65.53,-65.4,-65.5,-65.4,-65.4,-65.4,-65.37,-65.47,-65.4,-65.56,-65.34,-65.4,-65.28,-65.47,-65.5,-65.53,-65.28,-65.34,-65.5,-65.5,-65.62,-65.37,-65.4,-65.37,-65.53,-65.56,-65.56,-65.47,-65.65,-65.56,-65.37,-65.5,-65.56,-65.5,-65.56,-65.53,-65.56,-65.59,-65.65,-65.56,-65.53,-65.47,-65.53,-65.56,-65.5,-65.59,-65.56,-65.53,-65.47,-65.5,-65.37,-65.43,-65.47,-65.4,-65.56,-65.4,-65.53,-65.53,-65.5,-65.4,-65.47,-65.37,-65.34,-65.5,-65.53,-65.47,-65.31,-65.53,-65.4,-65.43,-65.5,-65.56,-65.53,-65.37,-65.4,-65.53,-65.5,-65.4,-65.53,-65.5,-65.47,-65.28,-65.5,-65.37,-65.37,-65.37,-65.4,-65.25,-65.28,-65.37,-65.31,-65.28,-65.19,-65.22,-65.28,-65.34,-65.31,-65.25,-65.19,-65.34,-65.19,-65.28,-65.34,-65.37,-65.37,-65.37,-65.28,-65.34,-65.5,-65.31,-65.34,-65.28,-65.34,-65.19,-65.34,-65.34,-65.4,-65.4,-65.37,-65.4,-65.53,-65.34,-65.28,-65.43,-65.43,-65.4,-65.37,-65.37,-65.53,-65.5,-65.34,-65.4,-65.43,-65.75,-65.5,-65.65,-65.4,-65.65,-65.68,-65.56,-65.43,-65.56,-65.43,-65.53,-65.47,-65.5,-65.43,-65.56,-65.4,-65.5,-65.37,-65.4,-65.43,-65.4,-65.43,-65.37,-65.4,-65.37,-65.43,-65.34,-65.43,-65.4,-65.37,-65.5,-65.22,-65.37,-65.4,-65.37,-65.31,-65.4,-65.4,-65.4,-65.62,-65.59,-65.4,-65.56,-65.43,-65.37,-65.4,-65.34,-65.5,-65.37,-65.4,-65.5,-65.47,-65.47,-65.4,-65.34,-65.31,-65.34,-65.34,-65.4,-65.37,-65.34,-65.28,-65.47,-65.37,-65.4,-65.5,-65.5,-65.47,-65.4,-65.43,-65.34,-65.47,-65.4,-65.37,-65.37,-65.43,-65.4,-65.37,-65.4,-65.53,-65.37,-65.53,-65.34,-65.28,-65.56,-65.43,-65.56,-65.53,-65.47,-65.4,-65.56,-65.53,-65.53,-65.5,-65.53,-65.65,-65.59,-65.68,-65.59,-65.62,-65.56,-65.68,-65.65,-65.56,-65.5,-65.65,-65.37,-65.59,-65.5,-65.53,-65.59,-65.59,-65.53,-65.59,-65.53,-65.37,-65.56,-65.4,-65.56,-65.56,-65.53,-65.4,-65.68,-65.59,-65.53,-65.5,-65.56,-65.56,-65.5,-65.59,-65.5,-65.31,-65.4,-65.53,-65.37,-65.5,-65.4,-65.4,-65.47,-65.31,-65.4,-65.43,-65.4,-65.47,-65.37,-65.34,-65.4,-65.34,-65.53,-65.47,-65.4,-65.47,-65.28,-65.28,-65.37,-65.34,-65.34,-65.25,-65.19,-65.37,-65.4,-65.4,-65.4,-65.37,-65.5,-65.5,-65.43,-65.47,-65.5,-65.4,-65.37,-65.47,-65.34,-65.37,-65.37,-65.31,-65.4,-65.4,-65.37,-65.47,-65.34,-65.31,-65.25,-65.25,-65.4,-65.5,-65.22,-65.31,-65.31,-65.28,-65.25,-65.34,-65.31,-65.37,-65.37,-65.53,-65.4,-65.4,-65.34,-65.37,-65.19,-65.25,-65.34,-65.34,-65.37,-65.28,-65.34,-65.34,-65.37,-65.5,-65.37,-65.19,-65.37,-65.34,-65.31,-65.28,-65.34,-65.34,-65.34,-65.28,-65.31,-65.31,-65.22,-65.15,-65.15,-65.31,-65.22,-65.28,-65.19,-65.25,-65.09,-65.19,-65.19,-65.15,-65.15,-65.09,-65.06,-65.19,-65.03,-65.03,-65.06,-65.06,-65.0,-65.03
Sweep_8,50.0,-62.39,-62.26,-62.33,-62.23,-62.33,-62.29,-62.23,-62.05,-62.2,-62.05,-62.11,-62.14,-62.01,-62.08,-62.08,-62.11,-61.83,-62.17,-61.95,-62.01,-62.08,-62.01,-61.92,-61.89,-62.01,-61.98,-62.01,-61.98,-61.98,-61.95,-62.08,-61.92,-61.8,-61.98,-61.86,-61.77,-62.08,-61.98,-62.11,-61.95,-61.89,-61.89,-61.86,-61.86,-61.83,-61.92,-61.95,-61.83,-62.05,-61.89,-61.98,-61.8,-61.86,-61.86,-61.8,-61.92,-61.95,-62.05,-61.92,-61.92,-61.92,-61.83,-61.83,-61.8,-61.86,-62.01,-61.98,-61.8,-62.08,-61.95,-62.05,-62.08,-61.98,-61.89,-62.11,-61.98,-61.98,-62.08,-61.89,-61.92,-61.95,-62.01,-62.08,-62.08,-62.14,-62.14,-62.08,-62.14,-62.14,-62.23,-61.92,-62.05,-62.14,-62.08,-62.08,-62.17,-62.08,-62.05,-62.05,-61.92,-61.98,-61.83,-62.05,-61.89,-62.01,-61.98,-61.92,-62.01,-61.98,-61.89,-62.01,-62.01,-61.86,-62.01,-61.98,-61.89,-61.92,-61.89,-61.83,-61.8,-61.95,-61.86,-61.83,-61.92,-61.92,-61.83,-61.83,-61.83,-61.86,-61.92,-61.83,-61.8,-61.8,-62.05,-61.98,-61.95,-62.01,-61.89,-61.77,-61.95,-61.98,-61.86,-61.8,-62.01,-61.83,-61.77,-61.92,-61.86,-61.83,-61.83,-61.89,-61.86,-61.83,-61.83,-61.92,-61.89,-61.86,-61.86,-61.83,-61.8,-61.89,-61.95,-62.01,-61.83,-61.95,-61.98,-61.92,-61.86,-61.92,-61.98,-62.05,-62.08,-62.05,-62.26,-62.01,-62.14,-62.14,-62.08,-62.11,-62.23,-62.26,-62.14,-62.23,-62.29,-62.42,-62.36,-62.39,-62.26,-62.39,-62.33,-62.39,-62.29,-62.26,-62.33,-62.39,-62.29,-62.29,-62.42,-62.2,-62.39,-62.39,-62.42,-62.29,-62.29,-62.29,-62.42,-62.23,-62.17,-62.33,-62.29,-62.29,-62.2,-62.2,-62.14,-62.17,-62.2,-62.14,-62.08,-62.08,-62.05,-62.17,-62.11,-62.14,-62.17,-62.08,-62.05,-62.08,-62.05,-61.95,-62.11,-61.95,-62.11,-62.05,-62.23,-62.17,-62.01,-62.01,-62.08,-62.11,-62.08,-62.11,-62.14,-62.08,-62.11,-62.08,-62.14,-62.11,-62.17,-62.11,-62.14,-62.14,-62.01,-62.17,-62.11,-62.05,-62.05,-62.14,-62.14,-62.08,-62.08,-61.98,-61.98,-62.11,-61.98,-62.05,-61.92,-62.11,-62.11,-62.33,-62.05,-62.08,-62.23,-62.05,-62.17,-62.2,-62.14,-62.2,-62.26,-62.2,-62.26,-62.29,-62.14,-62.26,-62.14,-62.2,-62.29,-62.29,-62.29,-62.42,-62.36,-62.23,-62.17,-62.23,-62.14,-62.14,-62.33,-62.33,-62.26,-62.26,-62.26,-62.23,-62.36,-62.26,-62.33,-62.26,-62.23,-62.29,-62.17,-62.11,-62.14,-62.17,-62.2,-62.17,-62.14,-62.05,-62.11,-62.26,-62.14,-62.17,-62.23,-62.23,-62.05,-62.2,-62.23,-62.2,-62.11,-62.05,-61.98,-62.17,-61.89,-62.05,-62.01,-62.01,-62.05,-62.11,-61.86,-62.08,-61.95,-61.92,-62.05,-62.11,-61.92,-62.01,-62.05,-62.08,-62.05,-62.08,-62.05,-62.01,-61.89,-61.95,-61.86,-61.98,-62.08,-61.89,-62.05,-61.98,-61.86,-61.92,-62.01,-62.11,-62.11,-62.01,-62.17,-62.05,-62.01,-62.01,-62.08,-62.14,-62.05,-61.92,-62.01,-62.17,-62.14,-62.17,-62.33,-61.36,-60.46,-59.81,-59.16,-58.41,-57.88,-57.35,-56.73,-56.2,-55.55,-54.99,-54.31,-53.68,-52.91,-52.35,-51.54,-50.82,-49.95,-47.84,-9.67,37.83,-2.24,-34.82,-54.77,-60.4,-61.49,-61.36,-60.83,-60.15,-59.31,-58.47,-57.94,-57.54,-57.07,-56.57,-56.14,-55.92,-55.46,-54.99,-54.68,-54.24,-53.9,-53.56,-53.22,-52.81,-52.53,-52.22,-51.82,-51.45,-51.26,-50.76,-50.42,-50.08,-49.74,-48.99,-48.15,-47.62,-46.97,-46.41,-45.45,-43.71,-8.3,31.68,1.55,-29.59,-49.61,-56.7,-58.94,-59.56,-59.4,-59.43,-58.91,-58.5,-58.0,-57.6,-57.23,-56.79,-56.33,-56.05,-55.83,-55.39,-55.18,-55.02,-54.49,-54.24,-53.96,-53.59,-53.12,-52.84,-52.44,-52.1,-51.82,-51.48,-51.1,-50.67,-50.45,-50.08,-49.64,-49.24,-48.9,-48.37,-47.96,-47.44,-47.0,-46.53,-45.85,-45.07,-44.42,-42.37,-8.52,29.1,6.65,-23.5,-45.1,-54.24,-57.63,-58.91,-59.06,-59.16,-58.6,-58.0,-57.6,-57.26,-56.57,-56.26,-56.14,-55.92,-55.55,-55.3,-55.02,-54.77,-54.34,-54.24,-53.78,-53.47,-53.16,-52.91,-52.69,-52.47,-52.19,-51.85,-51.63,-51.04,-50.73,-50.48,-50.14,-49.86,-49.67,-49.39,-49.05,-48.56,-48.24,-48.0,-47.62,-47.22,-46.81,-46.32,-45.79,-45.42,-44.82,-43.92,-43.21,-40.01,2.98,26.14,2.58,-26.05,-45.2,-53.53,-57.13,-58.6,-58.94,-59.0,-58.69,-58.75,-58.35,-57.85,-57.54,-57.2,-56.73,-56.36,-56.08,-55.77,-55.67,-55.33,-55.15,-54.71,-54.49,-54.21,-54.06,-53.56,-53.22,-52.88,-52.6,-52.44,-52.16,-51.94,-51.76,-51.32,-51.29,-50.67,-50.54,-50.3,-49.89,-49.46,-49.15,-48.87,-48.34,-48.15,-47.81,-47.5,-47.19,-46.66,-46.29,-45.82,-45.29,-44.79,-43.64,-42.09,-15.85,25.43,12.65,-16.41,-38.98,-50.33,-55.27,-57.13,-57.91,-58.28,-58.25,-58.0,-57.6,-57.45,-56.95,-56.73,-56.45,-56.11,-55.92,-55.64,-55.42,-55.18,-54.87,-54.52,-54.24,-53.96,-53.75,-53.31,-53.16,-52.88,-52.56,-52.29,-52.1,-51.82,-51.57,-51.29,-51.01,-50.67,-50.3,-50.17,-49.92,-49.8,-49.43,-49.3,-49.05,-48.77,-48.49,-48.24,-48.03,-47.78,-47.28,-46.63,-46.5,-46.07,-45.66,-45.26,-44.64,-43.74,-42.96,-41.81,-37.74,2.49,24.87,4.01,-22.82,-42.56,-51.54,-55.64,-57.38,-58.07,-58.19,-58.22,-57.94,-57.85,-57.45,-56.92,-56.79,-56.42,-56.11,-55.77,-55.58,-55.18,-54.99,-54.8,-54.37,-54.24,-53.9,-53.72,-53.56,-53.22,-52.94,-52.69,-52.47,-52.13,-51.82,-51.57,-51.32,-51.07,-50.95,-50.64,-50.2,-49.95,-49.8,-49.46,-49.27,-49.11,-48.87,-48.59,-48.28,-47.87,-47.4,-47.31,-46.94,-46.41,-46.29,-46.1,-45.82,-45.63,-45.42,-45.07,-44.7,-44.14,-43.92,-43.49,-42.99,-42.52,-41.84,-40.16,-17.66,21.98,15.92,-9.98,-33.2,-46.41,-52.56,-55.46,-56.76,-57.23,-57.38,-57.13,-56.89,-56.76,-56.64,-56.54,-55.95,-55.77,-55.36,-55.27,-55.02,-54.65,-54.55,-54.27,-53.93,-53.62,-53.4,-53.09,-52.97,-52.78,-52.5,-52.32,-52.01,-51.69,-51.66,-51.45,-51.17,-51.07,-50.54,-50.36,-50.23,-50.11,-49.77,-49.39,-49.15,-48.74,-48.62,-48.4,-48.15,-47.93,-47.62,-47.28,-46.78,-46.53,-46.41,-45.82,-45.38,-45.14,-44.2,-43.52,-43.18,-42.46,-41.16,-35.31,4.91,22.29,2.24,-22.1,-40.97,-50.26,-53.99,-55.83,-56.73,-56.95,-56.95,-56.92,-56.7,-56.54,-56.23,-55.98,-55.8,-55.36,-55.36,-54.96,-54.74,-54.68,-54.24,-53.99,-53.84,-53.53,-53.31,-53.06,-52.81,-52.69,-52.47,-51.94,-51.88,-51.63,-51.29,-51.1,-50.76,-50.54,-50.14,-49.92,-49.71,-49.39,-49.3,-48.96,-48.93,-48.49,-48.34,-48.06,-47.93,-47.62,-47.25,-46.97,-46.63,-46.41,-46.1,-45.66,-45.26,-44.89,-44.36,-43.83,-43.21,-42.34,-36.59,-0.12,22.19,6.87,-17.59,-36.93,-48.31,-53.03,-55.15,-56.08,-56.48,-56.57,-56.64,-56.36,-56.17,-55.95,-55.86,-55.49,-55.36,-55.24,-54.87,-54.74,-54.71,-54.59,-54.37,-54.15,-53.99,-53.78,-53.47,-53.44,-53.06,-52.88,-52.53,-52.35,-51.91,-51.85,-51.54,-51.23,-51.17,-50.82,-50.76,-50.58,-50.26,-49.98,-49.8,-49.71,-49.55,-49.21,-48.96,-48.68,-48.43,-48.18,-48.03,-47.81,-47.53,-47.25,-47.13,-46.88,-46.63,-46.29,-46.16,-45.88,-45.7,-45.42,-45.2,-45.01,-44.89,-44.45,-44.2,-43.8,-43.27,-42.84,-42.71,-41.96,-40.66,-24.28,14.67,18.65,-2.24,-25.61,-42.18,-50.36,-54.27,-55.8,-56.67,-57.04,-57.26,-57.13,-56.85,-56.57,-56.45,-56.11,-55.8,-55.58,-55.42,-55.24,-54.93,-54.8,-54.59,-54.31,-54.18,-53.96,-53.53,-53.25,-52.97,-52.72,-52.66,-52.44,-52.32,-52.13,-51.73,-51.66,-51.41,-51.17,-51.01,-50.73,-50.67,-50.39,-50.11,-50.02,-49.77,-49.49,-49.21,-48.93,-48.77,-48.62,-48.34,-48.21,-47.78,-47.53,-47.25,-47.06,-46.85,-46.44,-46.16,-45.94,-45.26,-45.01,-44.79,-44.3,-43.64,-43.27,-42.8,-41.96,-40.22,-16.6,19.93,15.98,-8.02,-30.34,-45.01,-52.1,-55.27,-56.61,-57.1,-57.2,-57.13,-56.98,-56.7,-56.54,-56.45,-56.02,-55.74,-55.61,-55.24,-55.15,-54.87,-54.55,-54.27,-54.09,-53.84,-53.59,-53.47,-53.37,-53.12,-52.94,-52.81,-52.47,-52.32,-52.29,-51.79,-51.76,-51.48,-51.2,-50.86,-50.64,-50.51,-50.2,-49.98,-49.83,-49.49,-49.33,-49.05,-48.83,-48.65,-48.21,-48.0,-47.5,-47.19,-47.25,-47.09,-46.94,-46.53,-46.32,-46.19,-46.01,-45.88,-45.51,-45.29,-45.07,-44.89,-44.82,-44.42,-44.02,-43.95,-43.39,-42.9,-42.62,-42.28,-41.44,-41.09,-40.41,-39.23,-20.55,15.57,16.88,-3.3,-24.68,-40.13,-48.68,-52.72,-54.77,-55.61,-56.08,-56.23,-56.11,-55.95,-55.77,-55.46,-55.42,-55.21,-55.24,-55.05,-54.74,-54.65,-54.4,-54.18,-53.87,-53.87,-53.65,-53.37,-53.19,-53.09,-52.81,-52.78,-52.47,-52.22,-52.1,-51.82,-51.57,-51.32,-51.17,-50.98,-50.7,-50.64,-50.48,-50.26,-50.11,-49.8,-49.64,-49.43,-49.15,-48.99,-48.87,-48.65,-48.46,-48.12,-48.12,-47.59,-47.56,-47.16,-47.16,-46.81,-46.47,-46.16,-45.76,-45.51,-45.17,-44.86,-44.73,-44.14,-43.74,-43.02,-42.34,-41.31,-39.57,-15.85,19.71,15.42,-8.08,-29.66,-43.92,-50.86,-54.21,-55.67,-56.45,-56.61,-56.7,-56.48,-56.17,-56.08,-55.95,-55.64,-55.55,-55.33,-55.27,-55.08,-54.96,-54.77,-54.62,-54.4,-54.21,-53.9,-53.81,-53.65,-53.4,-53.22,-53.12,-52.81,-52.66,-52.6,-52.32,-52.19,-51.91,-51.73,-51.41,-51.57,-51.23,-50.95,-50.79,-50.64,-50.45,-50.17,-49.98,-49.77,-49.49,-49.27,-49.36,-48.96,-48.49,-48.28,-47.87,-47.78,-47.47,-46.91,-46.69,-46.44,-46.19,-45.82,-45.42,-45.01,-44.67,-44.51,-43.92,-43.33,-42.77,-42.43,-41.31,-31.4,5.32,20.73,4.54,-18.59,-37.43,-47.9,-53.03,-55.27,-56.39,-56.79,-57.01,-56.7,-56.51,-56.36,-56.05,-55.83,-55.64,-55.52,-55.18,-54.96,-54.9,-54.46,-54.18,-53.99,-53.9,-53.59,-53.47,-53.34,-53.31,-52.97,-52.78,-52.56,-52.41,-52.22,-51.94,-51.69,-51.57,-51.29,-51.04,-50.89,-50.58,-50.3,-49.98,-49.77,-49.58,-49.36,-48.99,-48.77,-48.56,-48.31,-48.0,-47.72,-47.4,-47.09,-46.6,-46.38,-46.13,-45.66,-45.48,-44.86,-44.55,-44.42,-43.89,-43.61,-43.15,-42.59,-40.91,-25.27,12.74,19.96,-0.84,-23.97,-40.66,-49.39,-53.47,-55.7,-56.54,-56.79,-56.85,-56.7,-56.48,-56.26,-56.02,-55.92,-55.55,-55.46,-55.42,-55.02,-54.74,-54.65,-54.21,-53.99,-53.81,-53.44,-53.31,-52.91,-52.72,-52.25,-51.94,-51.79,-51.63,-51.35,-51.04,-50.98,-50.82,-50.42,-50.23,-50.08,-49.74,-49.49,-49.27,-48.96,-48.71,-48.4,-48.18,-48.0,-47.44,-47.34,-46.81,-46.5,-46.19,-46.13,-45.6,-45.2,-44.89,-44.55,-44.39,-43.92,-43.67,-43.27,-42.99,-42.24,-41.19,-38.45,-9.82,19.86,12.81,-10.01,-31.02,-44.51,-50.73,-54.12,-55.67,-56.2,-56.48,-56.42,-56.36,-56.17,-55.98,-55.67,-55.58,-55.33,-55.15,-55.21,-54.93,-54.77,-54.43,-54.24,-54.12,-54.06,-53.75,-53.4,-53.4,-53.03,-52.78,-52.69,-52.44,-52.16,-51.85,-51.63,-51.45,-51.2,-50.95,-50.67,-50.48,-50.08,-50.02,-49.58,-49.15,-48.77,-48.49,-48.18,-47.78,-47.37,-47.0,-46.69,-46.25,-45.79,-45.54,-45.14,-45.07,-44.79,-44.48,-44.05,-43.15,-42.52,-40.94,-21.95,14.58,17.5,-1.9,-23.66,-40.1,-48.68,-52.91,-54.83,-55.67,-55.92,-56.05,-56.11,-55.92,-55.89,-55.64,-55.27,-55.05,-54.9,-54.8,-54.65,-54.52,-54.06,-53.96,-53.72,-53.56,-53.22,-53.03,-52.78,-52.47,-52.44,-51.91,-51.82,-51.69,-51.45,-51.29,-51.1,-50.64,-50.39,-50.33,-49.98,-49.71,-49.61,-49.36,-49.11,-48.87,-48.71,-48.18,-48.06,-47.81,-47.4,-47.31,-47.0,-46.57,-46.32,-46.22,-46.07,-45.76,-45.48,-45.26,-44.67,-44.51,-44.3,-44.27,-44.08,-43.86,-43.36,-42.52,-42.21,-41.44,-40.91,-39.79,-34.69,-1.8,19.83,9.73,-12.06,-31.89,-44.33,-50.79,-53.96,-55.36,-56.14,-56.39,-56.57,-56.45,-56.51,-56.02,-55.92,-55.61,-55.36,-55.18,-54.87,-54.77,-54.65,-54.4,-54.27,-54.06,-53.93,-53.59,-53.4,-53.22,-52.91,-52.56,-52.29,-52.13,-51.91,-51.85,-51.35,-51.07,-50.82,-50.64,-50.33,-50.2,-49.95,-49.71,-49.39,-49.08,-48.77,-48.71,-48.43,-48.18,-47.87,-47.68,-47.25,-46.97,-46.66,-46.47,-46.1,-45.7,-45.26,-44.61,-44.42,-43.89,-43.12,-42.15,-41.5,-40.01,-22.75,13.3,18.62,-0.19,-22.23,-38.98,-48.03,-52.69,-54.71,-55.55,-55.98,-55.95,-56.23,-56.11,-55.89,-55.86,-55.55,-55.27,-55.08,-55.05,-54.46,-54.34,-54.12,-53.9,-53.65,-53.28,-53.09,-52.81,-52.56,-52.41,-52.22,-51.85,-51.85,-51.69,-51.54,-51.32,-51.04,-50.86,-50.73,-50.54,-50.23,-49.95,-49.77,-49.52,-49.36,-49.05,-48.83,-48.59,-48.43,-48.28,-47.75,-47.37,-47.22,-46.97,-46.5,-46.16,-45.94,-45.63,-45.48,-45.01,-44.7,-44.3,-43.95,-43.39,-42.96,-42.49,-41.75,-40.91,-40.22,-38.45,-14.61,17.35,14.52,-5.94,-26.76,-41.0,-48.46,-52.32,-54.18,-55.3,-55.74,-55.83,-55.92,-55.67,-55.55,-55.27,-54.9,-54.62,-54.43,-54.06,-53.87,-53.68,-53.31,-53.19,-52.88,-52.78,-52.53,-52.22,-51.94,-51.76,-51.6,-51.41,-51.23,-51.1,-51.07,-50.7,-50.36,-50.08,-49.74,-49.43,-49.08,-48.87,-48.74,-48.34,-48.12,-47.84,-47.5,-47.44,-47.0,-46.75,-46.41,-46.22,-45.94,-45.73,-45.42,-44.86,-44.7,-44.51,-44.23,-44.2,-43.64,-43.24,-42.8,-41.93,-40.69,-39.29,-16.29,16.35,16.26,-4.48,-25.89,-41.25,-48.99,-52.72,-54.46,-55.39,-55.92,-56.23,-56.2,-55.95,-55.86,-55.7,-55.52,-55.33,-54.99,-54.87,-54.65,-54.31,-54.34,-54.03,-53.9,-53.62,-53.34,-53.25,-52.94,-52.75,-52.38,-52.25,-52.04,-51.69,-51.41,-51.38,-51.2,-50.82,-50.64,-50.45,-50.08,-49.77,-49.52,-49.15,-48.96,-48.83,-48.56,-48.24,-47.9,-47.62,-47.44,-47.16,-46.75,-46.35,-46.19,-45.94,-45.57,-45.23,-44.86,-44.79,-44.45,-44.27,-43.74,-43.43,-43.27,-42.9,-42.59,-41.93,-41.5,-40.94,-39.82,-28.44,5.94,19.71,5.32,-17.03,-36.09,-46.5,-51.69,-54.12,-54.99,-55.64,-56.02,-55.98,-56.05,-55.95,-55.86,-55.52,-55.33,-55.24,-55.02,-54.8,-54.49,-54.34,-53.99,-53.78,-53.65,-53.12,-52.97,-52.56,-52.44,-52.07,-51.91,-51.76,-51.45,-51.14,-50.95,-50.73,-50.61,-50.3,-49.92,-49.74,-49.71,-49.46,-49.02,-48.9,-48.52,-48.34,-47.93,-47.81,-47.34,-47.09,-46.91,-46.63,-46.47,-45.94,-45.82,-45.48,-44.98,-44.51,-44.33,-44.23,-43.77,-43.43,-42.87,-42.59,-41.84,-41.25,-40.94,-39.6,-26.83,7.62,19.33,3.08,-18.68,-36.43,-46.35,-51.45,-53.93,-55.05,-55.46,-55.7,-55.77,-55.61,-55.42,-55.42,-55.24,-55.15,-54.93,-54.74,-54.46,-54.27,-53.96,-53.72,-53.47,-53.25,-52.88,-52.81,-52.56,-52.22,-52.1,-51.88,-51.66,-51.38,-51.26,-50.95,-50.82,-50.64,-50.3,-49.92,-49.89,-49.61,-49.33,-49.11,-48.87,-48.68,-48.46,-48.28,-48.06,-47.65,-47.4,-47.25,-46.88,-46.66,-46.57,-46.35,-45.73,-45.35,-44.89,-44.48,-44.2,-43.86,-43.74,-43.46,-43.21,-42.52,-42.18,-41.62,-40.97,-39.98,-38.73,-23.38,11.78,18.34,1.46,-20.14,-37.21,-46.97,-51.54,-53.75,-54.8,-55.21,-55.3,-55.27,-55.33,-55.3,-55.05,-54.96,-55.02,-54.71,-54.59,-54.49,-54.18,-54.06,-53.87,-53.62,-53.44,-53.22,-52.81,-52.69,-52.35,-52.13,-51.97,-51.69,-51.41,-51.23,-50.92,-50.61,-50.48,-50.23,-49.89,-49.8,-49.61,-49.27,-49.08,-48.77,-48.59,-48.43,-48.09,-47.9,-47.62,-47.31,-47.03,-46.81,-46.47,-46.25,-45.94,-45.48,-45.14,-44.73,-44.14,-44.11,-43.89,-43.36,-43.05,-42.52,-42.12,-41.31,-40.6,-36.65,-7.65,18.99,11.84,-9.67,-29.03,-42.31,-48.9,-52.5,-54.27,-54.96,-55.27,-55.46,-55.39,-55.27,-55.15,-54.93,-54.87,-54.52,-54.4,-54.18,-53.87,-53.59,-53.34,-53.09,-52.84,-52.66,-52.38,-52.32,-51.94,-51.76,-51.54,-51.32,-51.07,-50.79,-50.76,-50.67,-50.17,-49.95,-49.8,-49.46,-49.24,-48.93,-48.93,-48.71,-48.46,-48.03,-47.78,-47.72,-47.37,-47.13,-46.85,-46.57,-46.1,-45.82,-45.54,-45.26,-44.79,-44.48,-44.33,-44.11,-43.77,-43.33,-42.84,-42.46,-42.03,-41.96,-41.25,-40.41,-39.51,-37.99,-18.09,14.27,17.07,-1.9,-22.63,-38.95,-47.5,-51.82,-53.75,-54.74,-55.02,-55.18,-55.3,-55.21,-55.11,-54.83,-54.65,-54.59,-54.52,-54.21,-53.9,-53.87,-53.62,-53.5,-53.34,-53.22,-52.91,-52.78,-52.41,-52.35,-52.19,-52.01,-51.76,-51.48,-51.23,-50.98,-50.79,-50.54,-50.33,-49.83,-49.71,-49.39,-48.99,-48.87,-48.74,-48.59,-48.21,-48.15,-48.03,-47.81,-47.4,-47.09,-47.0,-46.66,-46.57,-46.22,-45.88,-45.63,-45.29,-45.07,-44.98,-44.58,-44.48,-44.11,-43.61,-43.15,-42.77,-42.4,-41.93,-41.59,-40.81,-40.1,-38.61,-21.45,12.47,17.78,-0.68,-22.19,-38.86,-47.56,-51.88,-53.84,-55.24,-55.83,-55.92,-55.8,-55.67,-55.42,-55.27,-54.93,-54.74,-54.4,-54.09,-53.75,-53.65,-53.37,-53.09,-52.84,-52.56,-52.47,-52.16,-51.88,-51.54,-51.38,-51.17,-50.86,-50.7,-50.45,-49.92,-49.86,-49.43,-49.24,-48.99,-48.62,-48.4,-48.09,-47.65,-47.28,-46.85,-46.63,-46.41,-46.01,-45.76,-45.51,-45.01,-44.79,-44.48,-43.92,-43.64,-42.96,-42.71,-41.81,-40.85,-37.99,-10.97,18.18,14.11,-5.69,-25.96,-40.72,-48.56,-52.47,-54.4,-55.27,-55.64,-55.89,-55.8,-55.64,-55.42,-55.33,-55.11,-54.96,-54.77,-54.31,-54.15,-53.84,-53.65,-53.47,-53.25,-53.06,-52.91,-52.72,-52.53,-52.29,-52.07,-51.66,-51.41,-51.35,-51.07,-50.73,-50.48,-50.23,-49.83,-49.71,-49.49,-49.05,-48.93,-48.59,-48.4,-48.0,-47.84,-47.62,-47.28,-47.0,-46.72,-46.66,-46.07,-45.76,-45.26,-44.95,-44.61,-44.11,-43.67,-43.02,-42.52,-41.9,-41.16,-40.26,-39.07,-23.81,9.17,18.06,3.48,-17.0,-33.85,-44.36,-49.52,-52.22,-53.78,-54.74,-54.93,-55.15,-55.05,-55.05,-54.9,-54.77,-54.46,-54.27,-54.09,-53.75,-53.53,-53.31,-53.16,-53.06,-52.75,-52.38,-52.07,-51.91,-51.73,-51.66,-51.41,-51.07,-50.95,-50.58,-50.33,-50.05,-49.77,-49.49,-49.27,-49.11,-48.68,-48.43,-48.28,-47.93,-47.68,-47.37,-47.0,-46.78,-46.32,-45.97,-45.57,-45.07,-44.89,-44.42,-44.2,-43.77,-43.21,-42.46,-41.81,-41.25,-40.47,-39.14,-22.01,10.97,17.25,0.47,-19.18,-35.78,-45.17,-49.92,-52.53,-53.59,-54.15,-54.34,-54.49,-54.59,-54.52,-54.52,-54.27,-54.12,-54.03,-53.84,-53.47,-53.25,-53.06,-53.09,-52.78,-52.66,-52.44,-52.16,-52.07,-51.76,-51.45,-51.48,-51.17,-51.07,-50.79,-50.58,-50.54,-50.39,-50.17,-49.98,-49.67,-49.46,-49.3,-49.05,-48.77,-48.62,-48.49,-48.28,-48.18,-47.81,-47.56,-47.37,-47.0,-46.78,-46.6,-46.19,-46.19,-45.85,-45.63,-45.42,-45.32,-44.86,-44.76,-44.36,-43.83,-43.46,-43.21,-42.87,-42.24,-41.78,-41.25,-40.66,-39.29,-31.74,-1.09,18.53,9.2,-11.75,-30.46,-43.18,-49.46,-52.47,-54.09,-54.71,-55.15,-55.15,-55.11,-54.93,-54.87,-54.9,-54.83,-54.65,-54.52,-54.27,-54.06,-53.9,-53.78,-53.5,-53.4,-53.16,-52.91,-52.53,-52.47,-52.35,-52.1,-51.88,-51.45,-51.14,-50.89,-50.76,-50.48,-50.33,-49.95,-49.49,-49.46,-49.05,-48.99,-48.59,-48.4,-48.28,-48.0,-47.81,-47.68,-47.5,-47.37,-46.94,-46.78,-46.44,-46.29,-46.01,-45.76,-45.6,-44.98,-44.61,-44.14,-43.89,-43.8,-43.58,-43.15,-42.9,-42.62,-41.9,-41.47,-41.09,-39.26,-21.79,10.76,17.59,2.49,-18.81,-35.75,-45.57,-50.54,-53.25,-54.31,-54.93,-55.21,-55.24,-55.02,-54.96,-54.77,-54.8,-54.65,-54.34,-54.24,-54.12,-53.87,-53.78,-53.56,-53.53,-53.37,-53.16,-53.09,-52.84,-52.6,-52.32,-52.32,-52.13,-51.66,-51.45,-51.29,-51.01,-50.82,-50.54,-50.33,-50.17,-49.8,-49.55,-49.24,-48.96,-48.68,-48.49,-48.31,-48.15,-47.87,-47.56,-47.28,-47.0,-46.57,-46.19,-45.94,-45.63,-45.73,-45.35,-44.92,-44.86,-44.36,-43.71,-43.46,-43.43,-43.18,-42.99,-42.77,-42.28,-41.93,-41.34,-40.29,-38.95,-26.76,5.47,18.22,5.13,-16.16,-34.16,-45.04,-50.26,-53.12,-54.55,-55.08,-55.33,-55.3,-55.3,-55.15,-55.15,-54.87,-54.74,-54.71,-54.49,-54.18,-54.15,-53.75,-53.62,-53.25,-53.09,-52.75,-52.6,-52.41,-52.16,-51.97,-51.79,-51.48,-51.29,-51.1,-51.04,-50.54,-50.33,-50.26,-49.98,-49.67,-49.49,-49.24,-48.99,-48.52,-48.24,-48.12,-47.93,-47.72,-47.22,-47.13,-46.85,-46.5,-46.29,-45.88,-45.79,-45.32,-45.17,-44.86,-44.42,-44.02,-43.86,-43.64,-43.33,-42.93,-41.96,-41.62,-40.47,-39.04,-24.77,8.33,17.87,3.76,-16.75,-33.79,-44.42,-50.11,-52.72,-54.09,-54.59,-54.87,-55.11,-55.05,-55.05,-55.05,-54.87,-54.65,-54.59,-54.46,-54.27,-53.9,-53.78,-53.53,-53.22,-53.03,-52.75,-52.53,-52.29,-52.16,-52.04,-51.82,-51.66,-51.41,-51.26,-50.98,-50.54,-50.39,-49.98,-49.89,-49.74,-49.43,-49.24,-48.9,-48.65,-48.46,-48.24,-47.75,-47.62,-47.25,-47.0,-46.85,-46.38,-46.13,-45.66,-45.32,-44.89,-44.61,-44.17,-43.8,-43.39,-42.68,-41.81,-41.06,-39.32,-19.86,13.21,16.72,0.03,-19.86,-35.81,-45.42,-50.26,-52.53,-53.93,-54.8,-55.08,-55.27,-55.08,-55.11,-54.68,-54.55,-54.34,-54.21,-53.72,-53.72,-53.65,-53.44,-53.16,-52.91,-52.6,-52.35,-52.19,-51.94,-51.76,-51.32,-50.98,-50.82,-50.79,-50.45,-50.11,-49.77,-49.58,-49.52,-49.24,-48.83,-48.83,-48.8,-48.56,-48.15,-47.81,-47.59,-47.34,-46.97,-46.81,-46.44,-46.22,-45.85,-45.63,-45.51,-45.51,-45.2,-44.98,-44.7,-44.39,-44.17,-43.92,-43.39,-42.87,-42.4,-41.93,-41.81,-41.37,-40.72,-39.26,-24.84,8.27,17.69,3.39,-16.82,-33.94,-44.42,-49.77,-52.44,-53.99,-54.74,-54.9,-55.21,-55.08,-55.11,-54.9,-54.68,-54.62,-54.49,-54.37,-54.09,-53.9,-53.59,-53.37,-53.25,-53.03,-52.63,-52.25,-52.13,-51.88,-51.29,-51.23,-51.14,-51.01,-50.86,-50.64,-50.2,-50.11,-49.86,-49.43,-49.27,-49.24,-48.9,-48.71,-48.31,-48.28,-47.9,-47.81,-47.5,-47.31,-47.0,-47.03,-46.63,-46.44,-46.25,-46.04,-45.79,-45.45,-45.2,-44.86,-44.48,-44.36,-44.2,-43.99,-43.64,-42.93,-42.68,-42.46,-42.12,-41.59,-41.19,-40.54,-39.85,-38.55,-30.62,0.65,18.34,8.83,-11.0,-29.75,-42.37,-49.18,-52.66,-54.24,-55.02,-55.27,-55.36,-55.36,-55.18,-55.15,-54.9,-54.59,-54.4,-54.15,-54.09,-53.93,-53.75,-53.56,-53.31,-53.12,-52.91,-52.69,-52.38,-52.07,-51.94,-51.63,-51.23,-51.2,-50.89,-50.61,-50.58,-50.2,-50.11,-49.74,-49.43,-49.08,-48.71,-48.49,-48.18,-48.0,-47.72,-47.4,-47.0,-46.85,-46.47,-46.19,-45.79,-45.32,-45.1,-44.82,-44.11,-43.8,-43.46,-43.27,-42.59,-42.09,-41.34,-40.54,-37.49,-11.97,16.38,13.86,-5.53,-23.9,-38.45,-46.75,-50.58,-53.06,-54.06,-54.55,-54.71,-54.8,-54.77,-54.43,-54.43,-54.18,-54.12,-53.96,-53.72,-53.56,-53.25,-53.06,-52.84,-52.72,-52.38,-52.16,-52.1,-51.91,-51.82,-51.54,-51.41,-51.17,-50.89,-50.61,-50.51,-50.17,-50.02,-49.43,-49.43,-49.18,-48.87,-48.71,-48.46,-48.24,-48.12,-47.78,-47.59,-47.28,-46.66,-46.53,-46.25,-45.85,-45.66,-45.26,-45.04,-44.73,-44.39,-44.05,-43.86,-43.58,-43.05,-42.49,-41.9,-41.47,-40.32,-38.2,-15.36,15.32,16.23,-2.02,-22.04,-37.89,-46.6,-51.04,-53.03,-54.12,-54.52,-54.74,-54.68,-54.59,-54.15,-54.27,-54.03,-53.72,-53.62,-53.25,-53.28,-53.03,-52.84,-52.72,-52.47,-52.22,-51.79,-51.6,-51.26,-50.98,-50.79,-50.61,-50.42,-50.17,-49.95,-49.71,-49.46,-49.24,-48.9,-48.68,-48.52,-48.31,-48.0,-47.84,-47.68,-47.25,-46.94,-46.63,-46.1,-45.76,-45.48,-45.14,-44.92,-44.61,-44.14,-43.95,-43.46,-43.27,-42.74,-42.62,-42.21,-41.9,-41.37,-40.97,-40.38,-39.88,-38.17,-22.72,7.49,16.44,4.41,-14.83,-32.3,-42.84,-48.31,-51.32,-52.97,-53.99,-54.34,-54.65,-54.65,-54.52,-54.21,-54.18,-53.93,-53.44,-53.44,-53.25,-52.94,-52.69,-52.44,-52.35,-52.16,-51.88,-51.6,-51.32,-50.95,-50.92,-50.61,-50.48,-50.39,-49.98,-49.86,-49.61,-49.49,-49.24,-49.08,-48.96,-48.8,-48.46,-48.21,-48.09,-47.93,-47.56,-47.22,-46.97,-46.94,-46.69,-46.25,-46.1,-45.82,-45.38,-45.29,-45.14,-44.82,-44.45,-44.17,-43.89,-43.52,-43.12,-42.28,-41.72,-41.28,-40.38,-38.02,-14.86,14.11,14.7,-0.84,-18.93,-34.16,-43.89,-48.93,-51.73,-53.22,-54.03,-54.27,-54.27,-54.31,-54.4,-54.27,-54.18,-53.9,-53.87,-53.72,-53.62,-53.19,-53.22,-52.91,-52.78,-52.56,-52.35,-52.13,-51.91,-51.73,-51.41,-51.29,-51.04,-50.89,-50.58,-50.45,-50.39,-50.11,-49.74,-49.64,-49.52,-49.27,-49.08,-48.99,-48.56,-48.52,-48.4,-48.15,-47.9,-47.65,-47.44,-47.19,-47.06,-46.97,-46.78,-46.44,-46.16,-45.82,-45.73,-45.45,-45.04,-44.92,-44.79,-44.55,-44.17,-43.95,-43.67,-43.46,-43.15,-42.74,-42.65,-42.59,-42.18,-41.65,-41.31,-40.57,-39.82,-38.67,-24.34,6.93,17.16,3.98,-16.01,-33.17,-43.92,-49.77,-52.6,-53.78,-54.71,-55.08,-55.24,-55.27,-55.15,-54.87,-54.71,-54.49,-54.4,-54.27,-53.87,-53.78,-53.56,-53.16,-52.84,-52.78,-52.44,-52.16,-52.07,-51.79,-51.51,-51.38,-51.14,-50.92,-50.64,-50.39,-50.17,-50.02,-49.77,-49.55,-49.24,-49.08,-48.87,-48.49,-48.4,-48.18,-47.96,-47.75,-47.44,-47.09,-46.91,-46.5,-46.22,-45.91,-45.73,-45.42,-44.95,-44.73,-44.61,-44.3,-43.89,-43.39,-42.99,-42.56,-42.12,-41.41,-41.13,-40.63,-39.54,-36.12,-9.23,17.31,13.06,-6.37,-25.89,-39.51,-46.91,-50.98,-53.25,-54.21,-54.59,-54.87,-54.8,-54.65,-54.46,-54.34,-54.09,-53.9,-53.72,-53.44,-53.0,-52.91,-52.75,-52.47,-52.32,-52.25,-51.97,-51.85,-51.57,-51.35,-51.07,-50.7,-50.58,-50.51,-50.05,-49.8,-49.49,-49.21,-48.99,-48.74,-48.4,-48.15,-48.03,-47.72,-47.4,-46.97,-46.88,-46.85,-46.29,-45.88,-45.73,-45.45,-45.32,-44.86,-44.51,-44.02,-43.74,-43.12,-42.96,-42.68,-42.56,-41.93,-41.59,-41.16,-40.26,-39.23,-32.08,-2.36,17.56,10.35,-8.46,-27.04,-40.22,-47.59,-51.1,-52.94,-54.15,-54.68,-54.65,-54.62,-54.43,-54.34,-54.21,-54.24,-53.99,-53.78,-53.56,-53.16,-53.06,-52.75,-52.56,-52.13,-51.94,-51.85,-51.57,-51.48,-51.26,-50.98,-50.79,-50.51,-50.14,-50.23,-49.8,-49.61,-49.36,-49.21,-48.83,-48.87,-48.46,-48.09,-48.12,-47.78,-47.59,-47.37,-47.31,-46.94,-46.63,-46.44,-46.19,-46.13,-45.51,-45.32,-44.86,-44.76,-44.42,-44.42,-44.14,-43.67,-43.3,-43.33,-43.08,-42.8,-42.43,-42.03,-41.53,-40.94,-40.29,-38.98,-27.91,2.11,17.5,7.52,-12.37,-30.18,-42.12,-48.21,-51.35,-53.03,-53.72,-54.12,-54.37,-54.52,-54.4,-54.24,-54.18,-54.03,-53.9,-53.81,-53.62,-53.34,-53.22,-53.06,-52.81,-52.66,-52.56,-52.41,-52.16,-51.91,-51.73,-51.48,-51.26,-51.01,-50.95,-50.61,-50.48,-50.23,-50.11,-49.86,-49.71,-49.3,-48.99,-48.83,-48.65,-48.46,-48.24,-47.75,-47.56,-47.31,-46.91,-46.66,-46.44,-45.94,-45.51,-45.23,-44.86,-44.45,-44.3,-43.8,-43.21,-42.9,-42.62,-42.06,-41.34,-41.13,-40.63,-39.57,-29.5,1.55,17.94,7.52,-12.78,-30.49,-41.84,-47.9,-51.23,-52.84,-53.78,-53.93,-54.15,-54.21,-53.93,-53.81,-53.9,-53.72,-53.47,-53.25,-53.28,-52.91,-52.78,-52.69,-52.38,-52.29,-52.07,-51.85,-51.79,-51.38,-51.07,-51.04,-50.73,-50.48,-50.3,-49.98,-49.77,-49.55,-49.21,-48.93,-48.71,-48.43,-48.34,-48.06,-47.87,-47.44,-47.31,-47.13,-46.85,-46.6,-46.41,-46.29,-46.01,-45.7,-45.45,-45.01,-44.82,-44.82,-44.64,-44.23,-43.77,-43.61,-43.21,-42.77,-42.34,-42.0,-41.41,-40.5,-37.83,-14.11,14.42,14.77,-1.62,-21.01,-36.8,-45.97,-50.73,-52.88,-53.99,-54.52,-54.62,-54.74,-54.74,-54.62,-54.34,-54.18,-54.12,-54.03,-53.81,-53.59,-53.28,-52.97,-52.78,-52.47,-52.38,-51.97,-52.07,-51.73,-51.57,-51.23,-50.98,-50.73,-50.54,-50.36,-50.17,-49.89,-49.77,-49.52,-49.39,-49.05,-48.87,-48.62,-48.49,-48.31,-48.24,-47.78,-47.56,-47.28,-47.13,-46.88,-46.75,-46.57,-46.25,-45.76,-45.35,-45.01,-44.58,-44.39,-44.11,-43.67,-43.58,-43.15,-42.99,-42.8,-42.15,-41.53,-40.94,-40.04,-38.3,-19.89,11.41,16.79,1.4,-18.56,-35.19,-44.95,-49.55,-52.41,-53.9,-54.71,-55.15,-55.05,-55.11,-55.08,-54.83,-54.93,-54.77,-54.62,-54.55,-54.43,-54.21,-53.9,-53.72,-53.47,-53.22,-52.88,-52.78,-52.47,-52.32,-52.22,-51.85,-51.79,-51.45,-51.26,-51.04,-50.86,-50.64,-50.48,-50.3,-50.02,-49.74,-49.61,-49.3,-49.24,-48.99,-48.93,-48.4,-48.24,-48.12,-48.09,-47.68,-47.37,-47.25,-46.91,-46.72,-46.5,-46.32,-46.13,-45.79,-45.51,-45.1,-44.76,-44.58,-44.39,-44.17,-43.74,-43.24,-42.74,-42.31,-41.96,-41.41,-41.06,-40.69,-39.85,-37.74,-16.44,14.58,15.67,-2.36,-22.29,-37.99,-46.41,-50.73,-52.81,-53.96,-54.46,-54.55,-54.65,-54.71,-54.68,-54.43,-54.34,-54.27,-53.93,-53.72,-53.53,-53.34,-53.25,-52.97,-52.66,-52.6,-52.35,-52.19,-51.85,-51.69,-51.45,-51.35,-50.82,-50.7,-50.54,-50.36,-50.23,-49.89,-49.74,-49.39,-49.36,-49.11,-48.9,-48.68,-48.49,-48.18,-47.9,-47.75,-47.37,-47.22,-47.06,-46.88,-46.85,-46.5,-46.16,-45.85,-45.63,-45.26,-44.98,-44.61,-44.42,-44.08,-43.43,-43.05,-42.71,-42.4,-41.96,-41.19,-39.94,-32.14,-1.4,17.94,9.51,-9.64,-27.57,-40.47,-47.53,-50.98,-52.97,-53.75,-54.06,-54.24,-54.46,-54.27,-54.4,-54.24,-54.34,-54.15,-53.87,-53.68,-53.53,-53.44,-53.31,-53.0,-52.94,-52.66,-52.53,-52.32,-52.22,-52.13,-51.79,-51.6,-51.26,-51.14,-50.64,-50.45,-50.23,-49.98,-49.8,-49.39,-49.3,-48.96,-48.43,-48.37,-47.96,-47.81,-47.56,-46.88,-46.63,-46.47,-46.22,-45.88,-45.45,-45.01,-44.79,-44.51,-44.08,-43.71,-43.33,-42.96,-42.59,-42.21,-41.53,-40.85,-40.1,-36.4,-8.8,16.38,12.28,-5.97,-24.0,-38.02,-45.94,-50.17,-52.32,-53.44,-53.72,-54.06,-54.24,-54.4,-54.31,-54.27,-54.15,-53.9,-53.59,-53.25,-53.12,-52.97,-52.75,-52.47,-52.22,-52.13,-51.82,-51.48,-51.29,-51.23,-51.1,-50.79,-50.7,-50.45,-50.26,-49.86,-49.64,-49.46,-49.24,-49.08,-48.77,-48.4,-47.96,-47.81,-47.62,-47.25,-47.13,-46.91,-46.5,-46.25,-46.13,-45.7,-45.29,-45.1,-44.95,-44.51,-44.02,-43.55,-43.43,-43.05,-42.71,-42.18,-41.62,-41.34,-40.41,-39.26,-27.48,2.92,17.87,8.11,-11.69,-29.66,-41.53,-47.96,-51.35,-53.56,-54.27,-54.74,-54.87,-55.08,-54.87,-54.87,-54.8,-54.55,-54.34,-54.06,-53.93,-53.65,-53.53,-53.28,-53.16,-52.97,-52.78,-52.6,-52.19,-52.16,-52.07,-51.91,-51.76,-51.32,-51.1,-50.98,-50.73,-50.61,-50.45,-50.23,-49.89,-49.8,-49.43,-49.18,-48.87,-48.52,-48.37,-47.93,-47.78,-47.5,-47.31,-46.88,-46.91,-46.63,-46.57,-46.19,-45.85,-45.6,-45.38,-45.2,-44.95,-44.67,-44.33,-44.11,-43.64,-43.58,-43.52,-43.27,-42.8,-42.34,-42.09,-41.03,-39.82,-33.51,-3.95,17.81,11.22,-8.95,-28.44,-41.59,-48.24,-51.45,-53.4,-54.12,-54.43,-54.62,-54.68,-54.37,-54.31,-54.06,-53.9,-53.68,-53.53,-53.47,-53.19,-52.97,-52.88,-52.81,-52.63,-52.41,-52.04,-51.94,-51.51,-51.23,-51.14,-50.82,-50.7,-50.42,-50.23,-49.89,-49.8,-49.55,-49.36,-49.11,-48.96,-48.56,-48.18,-48.18,-47.84,-47.59,-47.09,-47.03,-46.66,-46.44,-46.22,-45.91,-45.66,-45.32,-44.95,-44.36,-43.8,-43.49,-43.08,-42.49,-42.03,-40.81,-35.59,-8.8,16.66,11.81,-6.93,-25.33,-39.23,-46.91,-50.89,-52.75,-53.68,-54.09,-54.4,-54.4,-54.24,-54.21,-54.09,-53.84,-53.62,-53.37,-53.16,-53.09,-52.69,-52.6,-52.32,-52.16,-51.94,-51.88,-51.69,-51.45,-51.26,-50.95,-50.79,-50.64,-50.51,-50.17,-49.98,-49.77,-49.58,-49.43,-49.27,-48.93,-48.87,-48.46,-48.15,-47.84,-47.78,-47.56,-47.22,-46.85,-46.63,-46.25,-45.88,-45.73,-45.51,-45.17,-44.7,-44.45,-43.86,-43.8,-43.58,-42.93,-42.59,-41.96,-41.62,-40.75,-39.88,-36.46,-11.56,15.01,14.73,-1.71,-20.76,-35.9,-44.51,-49.33,-51.63,-52.88,-53.47,-54.03,-53.96,-53.96,-53.96,-53.9,-53.56,-53.44,-53.19,-52.97,-52.75,-52.6,-52.6,-52.47,-52.1,-52.07,-51.79,-51.79,-51.54,-51.32,-51.32,-51.07,-50.86,-50.61,-50.36,-50.17,-50.05,-49.8,-49.55,-49.36,-49.05,-48.99,-48.74,-48.4,-48.03,-47.87,-47.65,-47.22,-47.06,-46.97,-46.47,-46.13,-45.76,-45.66,-44.86,-44.76,-44.51,-44.2,-43.89,-43.36,-42.74,-42.34,-41.59,-40.75,-39.51,-34.29,-6.75,16.48,11.28,-7.15,-24.74,-38.61,-46.16,-50.2,-52.47,-53.62,-54.31,-54.31,-54.24,-54.06,-54.15,-53.96,-53.75,-53.62,-53.47,-53.25,-52.84,-52.81,-52.29,-52.19,-51.85,-51.63,-51.51,-51.23,-51.07,-50.76,-50.54,-50.17,-50.05,-49.8,-49.67,-49.33,-49.08,-48.96,-48.62,-48.52,-48.21,-47.93,-47.62,-47.62,-47.34,-47.22,-46.78,-46.41,-46.25,-46.07,-45.6,-45.26,-45.29,-44.92,-44.55,-44.36,-44.02,-43.55,-43.33,-42.84,-42.34,-41.65,-40.81,-39.51,-28.6,-0.84,16.85,9.79,-8.3,-26.27,-38.89,-45.97,-49.86,-52.19,-53.16,-53.4,-53.75,-54.09,-54.12,-54.06,-53.84,-53.84,-53.68,-53.56,-53.34,-53.28,-52.94,-52.72,-52.53,-52.44,-52.22,-52.13,-51.91,-51.48,-51.35,-51.17,-51.04,-50.67,-50.58,-50.26,-50.11,-49.77,-49.58,-49.21,-48.99,-48.83,-48.65,-48.37,-48.09,-47.78,-47.47,-47.25,-46.85,-46.66,-46.29,-45.97,-45.79,-45.48,-45.14,-44.79,-44.3,-43.86,-43.61,-43.39,-42.93,-42.68,-42.31,-41.93,-41.59,-40.94,-40.47,-39.51,-38.51,-34.91,-10.04,14.67,12.96,-3.48,-21.11,-36.03,-45.01,-49.58,-51.85,-53.4,-54.09,-54.46,-54.59,-54.77,-54.59,-54.55,-54.34,-54.24,-53.9,-53.62,-53.59,-53.44,-53.06,-53.06,-52.88,-52.6,-52.32,-52.04,-51.73,-51.45,-51.17,-50.79,-50.82,-50.58,-50.48,-50.23,-50.08,-49.8,-49.64,-49.36,-49.18,-48.9,-48.62,-48.28,-48.09,-48.0,-47.81,-47.5,-47.31,-47.06,-46.85,-46.69,-46.19,-45.82,-45.7,-45.29,-45.14,-44.79,-44.58,-44.08,-43.67,-43.3,-43.12,-42.8,-42.21,-41.41,-40.94,-40.44,-39.14,-31.55,-3.23,16.54,9.98,-8.58,-26.17,-39.88,-47.34,-50.95,-52.72,-53.9,-54.09,-54.43,-54.46,-54.52,-54.34,-54.27,-54.09,-53.84,-53.62,-53.37,-53.06,-52.97,-52.81,-52.66,-52.35,-52.19,-51.94,-51.94,-51.54,-51.29,-51.04,-50.86,-50.45,-50.3,-49.89,-49.8,-49.39,-49.15,-49.11,-48.8,-48.62,-48.28,-48.06,-47.59,-47.31,-46.97,-46.69,-46.5,-46.38,-45.97,-45.79,-45.42,-45.32,-45.14,-44.89,-44.61,-44.39,-44.05,-43.77,-43.52,-43.24,-42.84,-42.65,-42.15,-41.41,-40.81,-39.85,-37.08,-12.78,14.89,14.14,-3.2,-22.57,-37.86,-46.41,-50.39,-52.69,-54.06,-54.59,-54.99,-54.87,-54.87,-54.62,-54.46,-54.24,-54.03,-53.81,-53.68,-53.34,-52.97,-52.81,-52.66,-52.22,-52.1,-51.97,-51.69,-51.32,-51.07,-51.07,-50.73,-50.64,-50.2,-49.98,-49.77,-49.46,-49.21,-48.96,-48.71,-48.4,-48.12,-47.84,-47.75,-47.68,-47.47,-47.34,-47.03,-46.69,-46.38,-46.01,-45.63,-45.57,-45.48,-45.01,-44.86,-44.67,-44.27,-44.11,-43.86,-43.58,-42.99,-42.56,-42.15,-41.59,-40.94,-40.35,-38.73,-24.9,4.38,16.38,6.15,-12.5,-29.44,-41.03,-47.34,-50.64,-52.16,-53.09,-53.56,-53.72,-53.84,-54.03,-53.93,-53.59,-53.44,-53.25,-53.28,-53.12,-52.84,-52.44,-52.38,-52.07,-51.82,-51.54,-51.35,-51.2,-50.95,-50.7,-50.58,-50.33,-50.08,-49.8,-49.55,-49.43,-49.15,-48.83,-48.56,-48.46,-48.37,-48.09,-47.87,-47.65,-47.37,-47.22,-46.94,-46.63,-46.41,-46.16,-45.88,-45.73,-45.32,-45.1,-44.82,-44.45,-44.11,-43.83,-43.52,-43.33,-42.9,-42.74,-42.34,-42.24,-41.56,-40.81,-40.63,-40.13,-39.48,-38.58,-33.82,-7.96,15.2,11.59,-5.0,-23.44,-37.55,-45.51,-49.8,-52.13,-53.12,-53.87,-54.24,-54.12,-54.15,-54.06,-53.9,-53.9,-53.84,-53.68,-53.22,-53.09,-52.84,-52.53,-52.19,-52.07,-51.82,-51.51,-51.29,-51.14,-51.07,-50.82,-50.58,-50.36,-50.14,-49.92,-49.55,-49.46,-49.11,-48.9,-48.74,-48.56,-48.24,-47.96,-47.78,-47.34,-47.28,-46.97,-46.53,-46.29,-46.01,-45.94,-45.73,-45.42,-45.26,-44.92,-44.48,-44.14,-43.83,-43.49,-43.21,-42.8,-42.4,-41.78,-41.28,-40.26,-39.11,-33.57,-6.84,15.08,11.31,-6.28,-24.68,-38.3,-45.91,-49.49,-51.45,-52.6,-53.06,-53.44,-53.59,-53.47,-53.56,-53.31,-53.25,-53.06,-52.94,-52.63,-52.41,-52.25,-52.29,-51.76,-51.79,-51.41,-51.35,-51.29,-50.95,-50.7,-50.33,-50.17,-49.92,-49.77,-49.52,-49.49,-49.36,-49.11,-48.9,-48.77,-48.49,-48.28,-48.09,-47.78,-47.68,-47.4,-47.19,-47.03,-46.75,-46.5,-46.41,-46.01,-45.85,-45.51,-45.26,-45.1,-44.95,-44.58,-44.11,-43.64,-43.46,-43.15,-42.65,-42.52,-42.31,-41.78,-41.22,-40.72,-40.04,-39.07,-31.99,-5.56,16.16,11.72,-6.37,-25.3,-38.92,-46.85,-51.04,-53.06,-54.09,-54.59,-54.9,-54.77,-54.93,-54.43,-54.52,-54.21,-53.93,-53.81,-53.34,-53.28,-53.12,-52.81,-52.6,-52.44,-52.1,-52.04,-51.73,-51.57,-51.2,-50.95,-50.82,-50.36,-50.17,-50.14,-49.71,-49.8,-49.21,-48.99,-48.74,-48.46,-48.37,-47.96,-47.72,-47.62,-47.53,-47.34,-47.13,-46.94,-46.57,-46.38,-46.04,-45.76,-45.57,-45.35,-44.98,-44.7,-44.33,-44.36,-43.95,-43.86,-43.33,-42.99,-42.56,-42.52,-42.12,-41.65,-41.25,-40.41,-39.73,-38.36,-24.74,4.26,16.88,5.81,-12.96,-30.21,-41.96,-48.24,-51.29,-53.09,-53.93,-54.46,-54.55,-54.65,-54.68,-54.59,-54.52,-54.27,-54.12,-53.99,-53.72,-53.5,-53.47,-53.09,-53.03,-52.6,-52.44,-52.13,-52.04,-51.76,-51.63,-51.32,-51.01,-50.79,-50.61,-50.33,-49.98,-49.8,-49.67,-49.27,-49.05,-48.9,-48.77,-48.43,-48.12,-48.0,-47.75,-47.62,-47.34,-47.09,-46.94,-46.75,-46.53,-46.35,-46.13,-45.85,-45.6,-45.26,-44.92,-44.67,-44.48,-44.02,-43.83,-43.46,-43.24,-42.96,-42.65,-42.37,-42.03,-41.81,-41.03,-40.29,-39.11,-36.77,-15.08,14.27,15.45,-1.68,-21.01,-36.56,-45.45,-49.67,-51.88,-53.0,-53.72,-53.87,-53.84,-53.81,-53.59,-53.59,-53.44,-53.44,-53.16,-52.91,-52.69,-52.63,-52.32,-52.25,-52.04,-51.88,-51.76,-51.54,-51.41,-51.23,-50.92,-50.89,-50.73,-50.42,-50.26,-49.98,-49.67,-49.55,-49.24,-49.11,-48.99,-48.65,-48.62,-48.12,-47.81,-47.5,-47.22,-46.85,-46.5,-46.25,-45.82,-45.66,-45.32,-44.92,-44.51,-44.27,-43.86,-43.52,-42.96,-42.84,-42.21,-41.81,-41.37,-40.63,-39.42,-36.21,-12.09,13.71,13.9,-1.4,-20.36,-35.0,-44.23,-49.08,-51.26,-52.63,-53.47,-53.78,-53.93,-53.87,-53.9,-53.84,-53.65,-53.59,-53.31,-53.06,-53.03,-52.81,-52.53,-52.35,-52.16,-51.88,-51.76,-51.38,-51.14,-50.89,-50.73,-50.54,-50.42,-50.26,-49.86,-49.58,-49.46,-48.93,-48.8,-48.65,-48.24,-48.0,-47.65,-47.4,-47.09,-47.06,-46.6,-46.38,-45.94,-45.79,-45.51,-44.92,-44.76,-44.36,-43.89,-43.21,-43.02,-42.68,-42.37,-41.96,-41.25,-40.72,-40.19,-39.04,-35.78,-11.44,14.27,12.96,-3.08,-19.99,-34.91,-43.67,-48.56,-51.26,-52.75,-53.28,-53.84,-54.09,-54.09,-54.12,-53.96,-53.78,-53.5,-53.5,-53.31,-52.94,-52.88,-52.6,-52.19,-52.16,-52.04,-51.82,-51.48,-51.23,-50.98,-50.79,-50.54,-50.33,-49.98,-49.86,-49.8,-49.61,-49.27,-49.24,-48.96,-48.8,-48.59,-48.31,-48.12,-47.9,-47.59,-47.5,-47.31,-47.03,-46.66,-46.5,-46.29,-46.22,-45.88,-45.73,-45.66,-45.29,-45.01,-44.58,-44.14,-44.11,-44.14,-43.74,-43.39,-43.21,-42.93,-42.74,-42.46,-42.0,-41.78,-41.53,-41.22,-40.75,-40.22,-40.1,-39.26,-38.23,-29.78,-2.74,15.32,9.7,-6.53,-23.41,-36.43,-44.45,-48.83,-51.17,-52.32,-53.22,-53.56,-53.68,-53.65,-53.68,-53.65,-53.72,-53.37,-53.53,-53.37,-53.22,-53.12,-52.88,-52.63,-52.5,-52.32,-52.19,-51.94,-51.79,-51.63,-51.35,-51.1,-50.82,-50.48,-50.48,-50.23,-50.11,-49.92,-49.43,-49.21,-49.11,-48.74,-48.65,-48.46,-48.4,-48.15,-48.12,-47.62,-47.34,-47.25,-47.09,-46.97,-46.6,-46.35,-46.1,-45.66,-45.42,-45.14,-45.07,-44.73,-44.36,-43.86,-43.49,-42.74,-42.49,-41.93,-41.62,-41.09,-40.41,-39.26,-35.16,-9.61,15.64,13.68,-4.2,-23.19,-37.52,-45.66,-49.74,-52.1,-53.12,-53.84,-54.18,-54.15,-54.24,-54.06,-53.96,-53.65,-53.59,-53.34,-53.28,-52.88,-52.69,-52.66,-52.32,-52.16,-52.04,-51.79,-51.69,-51.6,-51.2,-51.23,-51.01,-50.79,-50.48,-50.36,-50.14,-49.95,-49.77,-49.71,-49.39,-49.36,-49.11,-48.8,-48.62,-48.31,-48.0,-47.78,-47.47,-47.25,-47.13,-46.91,-46.66,-46.44,-46.19,-45.76,-45.51,-44.95,-44.76,-44.33,-44.17,-43.99,-43.86,-43.49,-43.08,-42.9,-42.43,-42.24,-41.87,-41.56,-40.81,-40.29,-39.42,-37.83,-24.53,4.85,16.97,6.22,-11.31,-28.44,-40.19,-46.88,-50.48,-52.38,-53.28,-53.65,-53.9,-53.84,-54.03,-53.87,-54.06,-53.87,-53.72,-53.5,-53.31,-53.12,-52.84,-52.66,-52.44,-52.25,-52.07,-51.91,-51.54,-51.32,-51.17,-51.23,-50.86,-50.61,-50.39,-50.14,-49.98,-49.64,-49.55,-49.39,-49.05,-48.99,-48.87,-48.56,-48.34,-48.0,-47.9,-47.68,-47.56,-47.31,-47.09,-46.91,-46.57,-46.38,-45.94,-45.79,-45.54,-45.2,-44.89,-44.48,-44.14,-43.74,-43.49,-43.08,-42.93,-42.24,-41.9,-41.53,-40.66,-39.2,-27.76,1.83,16.69,7.34,-10.66,-28.1,-40.72,-47.47,-50.86,-52.44,-53.34,-53.84,-54.03,-54.09,-54.09,-53.78,-53.62,-53.47,-53.37,-53.09,-52.84,-52.6,-52.56,-52.19,-52.22,-51.91,-51.76,-51.51,-51.45,-51.1,-50.98,-50.86,-50.67,-50.48,-50.36,-50.14,-49.83,-49.64,-49.27,-49.15,-48.9,-48.83,-48.49,-48.37,-48.12,-47.78,-47.65,-47.31,-47.09,-46.85,-46.75,-46.5,-46.22,-45.97,-45.82,-45.51,-45.23,-45.01,-44.76,-44.51,-44.23,-44.02,-43.43,-43.18,-42.68,-42.34,-42.12,-41.47,-41.0,-39.88,-37.21,-14.8,12.71,15.11,0.19,-18.28,-34.04,-43.67,-48.9,-51.97,-53.65,-54.37,-54.59,-54.87,-54.77,-54.74,-54.55,-54.62,-54.34,-54.21,-53.96,-53.75,-53.59,-53.34,-53.19,-52.94,-52.6,-52.38,-52.35,-51.97,-51.73,-51.57,-51.41,-51.26,-51.04,-50.73,-50.58,-50.42,-49.95,-49.8,-49.67,-49.39,-49.15,-49.05,-48.93,-48.65,-48.37,-48.28,-48.0,-47.87,-47.59,-47.37,-47.13,-46.85,-46.6,-46.47,-46.16,-46.01,-45.57,-45.32,-44.79,-44.33,-44.02,-43.52,-43.02,-42.68,-42.0,-41.75,-41.25,-40.47,-38.95,-23.44,6.53,17.53,5.32,-13.37,-30.09,-41.72,-47.93,-51.23,-52.81,-53.87,-54.37,-55.15,-55.86,-56.36,-56.64,-56.95,-57.23,-57.35,-57.6,-57.91,-58.07,-58.25,-58.56,-58.78,-59.12,-59.12,-59.16,-59.47,-59.62,-59.9,-60.06,-60.21,-60.27,-60.27,-60.49,-60.62,-60.9,-60.9,-60.86,-61.24,-61.27,-61.3,-61.52,-61.39,-61.55,-61.52,-61.61,-61.86,-61.83,-61.74,-62.01,-61.98,-62.17,-62.17,-62.11,-62.42,-62.33,-62.42,-62.48,-62.57,-62.76,-62.76,-62.85,-62.82,-62.92,-63.13,-63.01,-63.07,-63.04,-63.26,-63.35,-63.35,-63.44,-63.44,-63.41,-63.6,-63.66,-63.76,-63.76,-63.76,-63.76,-63.88,-63.91,-63.97,-64.04,-64.13,-64.04,-64.13,-64.22,-64.13,-64.25,-64.38,-64.28,-64.22,-64.41,-64.35,-64.38,-64.47,-64.56,-64.44,-64.5,-64.5,-64.59,-64.66,-64.78,-64.72,-64.72,-64.91,-64.81,-64.72,-64.84,-64.81,-64.78,-64.81,-64.84,-65.03,-64.97,-65.03,-65.03,-65.03,-65.12,-65.06,-65.25,-65.12,-65.12,-65.19,-65.15,-65.25,-65.19,-65.12,-65.25,-65.22,-65.15,-65.12,-65.22,-65.31,-65.31,-65.22,-65.25,-65.37,-65.22,-65.4,-65.37,-65.4,-65.47,-65.4,-65.4,-65.34,-65.28,-65.31,-65.47,-65.4,-65.4,-65.5,-65.5,-65.53,-65.5,-65.59,-65.47,-65.47,-65.5,-65.5,-65.62,-65.34,-65.5,-65.53,-65.62,-65.65,-65.59,-65.65,-65.59,-65.78,-65.65,-65.71,-65.78,-65.81,-65.78,-65.68,-65.78,-65.75,-65.96,-65.78,-65.9,-65.93,-65.81,-66.06,-65.99,-66.06,-65.84,-65.9,-65.99,-65.99,-66.09,-65.99,-66.06,-65.9,-66.09,-66.02,-65.96,-66.09,-66.06,-66.12,-66.12,-66.27,-66.24,-66.24,-66.24,-66.3,-66.34,-66.3,-66.37,-66.4,-66.46,-66.3,-66.37,-66.43,-66.52,-66.4,-66.49,-66.52,-66.55,-66.4,-66.52,-66.52,-66.43,-66.43,-66.49,-66.43,-66.58,-66.4,-66.34,-66.37,-66.43,-66.49,-66.58,-66.49,-66.46,-66.55,-66.52,-66.58,-66.58,-66.62,-66.65,-66.74,-66.65,-66.55,-66.71,-66.58,-66.68,-66.71,-66.68,-66.77,-66.74,-66.65,-66.77,-66.74,-66.68,-66.77,-66.86,-66.83,-66.93,-66.96,-66.83,-67.05,-66.96,-66.9,-66.99,-66.96,-67.08,-67.02,-66.96,-66.99,-67.02,-67.14,-67.05,-67.08,-67.11,-67.18,-67.24,-67.24,-67.14,-67.14,-67.3,-67.3,-67.3,-67.33,-67.36,-67.49,-67.3,-67.33,-67.39,-67.49,-67.3,-67.21,-67.18,-67.39,-67.33,-67.36,-67.3,-67.49,-67.45,-67.39,-67.49,-67.55,-67.67,-67.61,-67.8,-67.67,-67.64,-67.64,-67.7,-67.92,-67.77,-67.86,-67.83,-67.73,-67.83,-68.01,-67.89,-67.98,-67.89,-67.8,-67.92,-67.86,-67.89,-67.89,-68.05,-68.01,-68.11,-67.98,-67.98,-67.95,-67.98,-67.98,-68.01,-68.11,-68.2,-68.14,-68.01,-68.14,-68.2,-68.2,-68.17,-68.23,-68.11,-68.2,-68.17,-68.14,-68.2,-68.23,-68.26,-68.26,-68.29,-68.23,-68.29,-68.39,-68.36,-68.39,-68.33,-68.48,-68.57,-68.45,-68.45,-68.45,-68.42,-68.51,-68.45,-68.6,-68.54,-68.57,-68.51,-68.54,-68.51,-68.54,-68.64,-68.6,-68.54,-68.67,-68.76,-68.67,-68.76,-68.79,-68.79,-68.73,-68.88,-69.01,-68.98,-68.82,-68.92,-69.04,-69.01,-69.1,-69.01,-69.01,-69.13,-69.13,-69.04,-69.1,-69.07,-69.23,-69.2,-69.13,-69.2,-69.32,-69.2,-69.29,-69.35,-69.23,-69.32,-69.38,-69.29,-69.38,-69.26,-69.32,-69.38,-69.51,-69.44,-69.6,-69.38,-69.54,-69.51,-69.54,-69.54,-69.48,-69.57,-69.38,-69.66,-69.44,-69.54,-69.51,-69.6,-69.57,-69.57,-69.57,-69.6,-69.6,-69.63,-69.6,-69.51,-69.51,-69.63,-69.54,-69.6,-69.6,-69.6,-69.6,-69.6,-69.57,-69.6,-69.63,-69.69,-69.63,-69.72,-69.69,-69.76,-69.66,-69.66,-69.72,-69.6,-69.69,-69.79,-69.88,-69.85,-69.79,-69.79,-69.82,-69.85,-69.91,-69.72,-69.82,-69.91,-69.88,-69.88,-69.94,-70.07,-69.88,-69.85,-69.91,-70.0,-70.03,-69.88,-69.94,-69.88,-69.91,-70.03,-70.1,-70.03,-69.94,-70.03,-70.07,-70.1,-70.1,-70.0,-70.03,-70.1,-70.1,-70.13,-70.1,-70.07,-70.25,-70.19,-70.19,-70.1,-70.0,-70.19,-70.16,-70.28,-70.16,-70.28,-70.35,-70.28,-70.38,-70.22,-70.28,-70.19,-70.25,-70.19,-70.22,-70.31,-70.28,-70.28,-70.38,-70.31,-70.38,-70.28,-70.31,-70.19,-70.16,-70.22,-70.25,-70.35,-70.35,-70.31,-70.07,-70.13,-70.28,-70.19,-70.25,-70.03,-70.19,-70.13,-70.22,-70.16,-70.19,-70.0,-70.16,-70.16,-70.07,-70.16,-70.13,-70.13,-70.03,-70.03,-70.03,-70.07,-70.07,-69.88,-70.03,-70.07,-70.1,-70.13,-70.19,-70.22,-70.22,-70.22,-70.16,-70.13,-70.03,-70.03,-70.03,-70.03,-70.22,-70.22,-70.1,-70.03,-70.1,-70.16,-70.19,-70.13,-70.16,-70.16,-70.25,-70.13,-70.22,-70.13,-70.16,-70.25,-70.19,-70.13,-70.16,-70.16,-70.25,-70.31,-70.28,-70.31,-70.35,-70.22,-70.22,-70.28,-70.28,-70.25,-70.22,-70.35,-70.38,-70.38,-70.22,-70.38,-70.44,-70.38,-70.44,-70.25,-70.38,-70.35,-70.41,-70.41,-70.5,-70.47,-70.38,-70.5,-70.47,-70.5,-70.35,-70.47,-70.53,-70.5,-70.44,-70.56,-70.59,-70.56,-70.5,-70.47,-70.56,-70.53,-70.53,-70.53,-70.59,-70.56,-70.56,-70.59,-70.66,-70.63,-70.53,-70.56,-70.56,-70.53,-70.66,-70.53,-70.63,-70.47,-70.59,-70.66,-70.47,-70.63,-70.75,-70.53,-70.69,-70.75,-70.63,-70.75,-70.66,-70.66,-70.66,-70.69,-70.59,-70.75,-70.66,-70.75,-70.63,-70.78,-70.56,-70.75,-70.59,-70.53,-70.59,-70.72,-70.69,-70.56,-70.56,-70.59,-70.66,-70.63,-70.59,-70.59,-70.59,-70.5,-70.59,-70.56,-70.59,-70.5,-70.56,-70.59,-70.69,-70.59,-70.66,-70.56,-70.66,-70.5,-70.59,-70.69,-70.69,-70.56,-70.59,-70.56,-70.56,-70.63,-70.63,-70.5,-70.56,-70.5,-70.44,-70.56,-70.5,-70.63,-70.59,-70.56,-70.53,-70.38,-70.38,-70.5,-70.47,-70.44,-70.59,-70.5,-70.44,-70.31,-70.44,-70.35,-70.5,-70.5,-70.47,-70.35,-70.44,-70.31,-70.19,-70.5,-70.41,-70.35,-70.53,-70.31,-70.22,-70.31,-70.22,-70.22,-70.22,-69.97,-70.25,-70.1,-70.13,-70.1,-70.0,-70.03,-70.16,-70.03,-70.16,-70.07,-70.07,-70.0,-70.07,-69.97,-70.03,-70.07,-70.0,-70.07,-70.03,-69.94,-69.97,-69.94,-70.1,-70.0,-70.03,-70.03,-70.03,-69.97,-70.07,-70.1,-69.94,-70.07,-70.1,-70.0,-70.0,-70.0,-69.85,-69.97,-69.88,-70.0,-69.94,-69.97,-69.85,-69.91,-70.03,-70.0,-69.82,-69.94,-69.97,-69.85,-69.88,-69.72,-69.82,-69.82,-69.85,-69.85,-69.79,-69.76,-69.82,-69.76,-69.82,-69.82,-69.79,-69.66,-69.82,-69.91,-69.63,-69.79,-69.72,-69.69,-69.66,-69.66,-69.69,-69.66,-69.6,-69.66,-69.6,-69.57,-69.57,-69.41,-69.6,-69.44,-69.54,-69.51,-69.54,-69.51,-69.32,-69.38,-69.23,-69.23,-69.2,-69.13,-69.07,-69.13,-69.07,-69.01,-69.1,-69.07,-69.1,-69.16,-69.2,-69.01,-69.04,-69.13,-69.01,-68.95,-69.1,-69.04,-68.95,-68.92,-69.01,-69.04,-68.98,-68.85,-68.95,-68.88,-68.85,-68.88,-68.82,-68.76,-68.7,-68.7,-68.73,-68.79,-68.79,-68.76,-68.79,-68.73,-68.76,-68.7,-68.67,-68.64,-68.73,-68.64,-68.73,-68.7,-68.67,-68.76,-68.7,-68.73,-68.64,-68.64,-68.73,-68.67,-68.64,-68.7,-68.6,-68.64,-68.57,-68.7,-68.7,-68.57,-68.54,-68.6,-68.51,-68.54,-68.6,-68.6,-68.51,-68.48,-68.51,-68.57,-68.64,-68.39,-68.54,-68.6,-68.57,-68.51,-68.54,-68.51,-68.51,-68.48,-68.48,-68.51,-68.45,-68.45,-68.6,-68.57,-68.48,-68.51,-68.54,-68.39,-68.51,-68.29,-68.42,-68.39,-68.23,-68.14,-68.33,-68.39,-68.33,-68.26,-68.2,-68.23,-68.11,-68.17,-68.14,-68.05,-68.08,-68.11,-68.11,-68.05,-68.01,-67.89,-68.01,-68.05,-67.89,-67.89,-67.92,-67.83,-68.01,-67.95,-67.86,-67.8,-67.89,-67.95,-67.89,-67.83,-67.89,-67.83,-68.05,-67.83,-67.73,-67.73,-67.89,-67.77,-67.7,-67.8,-67.8,-67.8,-67.73,-67.86,-67.83,-67.73,-67.7,-67.77,-67.89,-67.64,-67.77,-67.86,-67.83,-67.77,-67.83,-67.8,-67.8,-67.73,-67.98,-67.89,-67.95,-67.83,-67.98,-67.83,-67.86,-67.67,-67.67,-67.77,-67.67,-67.73,-67.8,-67.77,-67.73,-67.73,-67.77,-67.73,-67.83,-67.73,-67.77,-67.77,-67.67,-67.7,-67.7,-67.73,-67.67,-67.73,-67.77,-67.58,-67.7,-67.7,-67.7,-67.61,-67.64,-67.73,-67.7,-67.67,-67.64,-67.67,-67.67,-67.61,-67.64,-67.58,-67.67,-67.45,-67.55,-67.36,-67.55,-67.45,-67.58,-67.49,-67.36,-67.24,-67.36,-67.3,-67.49,-67.27,-67.39,-67.36,-67.36,-67.36,-67.27,-67.33,-67.33,-67.36,-67.3,-67.39,-67.45,-67.33,-67.33,-67.36,-67.21,-67.33,-67.33,-67.21,-67.27,-67.24,-67.24,-67.24,-67.33,-67.27,-67.21,-67.24,-67.18,-67.21,-67.18,-67.18,-67.21,-67.02,-67.05,-67.11,-67.14,-67.05,-67.21,-67.11,-67.08,-67.08,-67.14,-67.18,-67.11,-67.05,-67.02,-66.9,-66.86,-66.96,-67.02,-67.14,-66.9,-66.83,-66.96,-66.9,-66.9,-66.9,-66.83,-66.9,-66.83,-66.9,-66.83,-66.99,-66.83,-66.86,-66.86,-66.96,-66.93,-66.8,-66.8,-66.86,-66.86,-66.8,-66.8,-66.77,-66.71,-66.83,-66.68,-66.77,-66.77,-66.71,-66.77,-66.74,-66.71,-66.55,-66.65,-66.65,-66.68,-66.62,-66.49,-66.46,-66.49,-66.52,-66.62,-66.58,-66.4,-66.49,-66.4,-66.46,-66.37,-66.4,-66.46,-66.43,-66.34,-66.34,-66.3,-66.34,-66.37,-66.34,-66.46,-66.37,-66.37,-66.4,-66.34,-66.34,-66.4,-66.55,-66.34,-66.52,-66.4,-66.27,-66.4,-66.27,-66.37,-66.24,-66.37,-66.46,-66.4,-66.4,-66.4,-66.34,-66.4,-66.37,-66.37,-66.27,-66.3,-66.3,-66.49,-66.37,-66.55,-66.27,-66.34,-66.4,-66.4,-66.37,-66.21,-66.21,-66.37,-66.37,-66.27,-66.27,-66.34,-66.52,-66.3,-66.3,-66.37,-66.3,-66.21,-66.34,-66.37,-66.34,-66.37,-66.43,-66.49,-66.52,-66.37,-66.46,-66.43,-66.34,-66.46,-66.4,-66.34,-66.34,-66.37,-66.4,-66.34,-66.43,-66.34,-66.43,-66.34,-66.37,-66.43,-66.37,-66.24,-66.24,-66.34,-66.3,-66.4,-66.3,-66.43,-66.27,-66.37,-66.27,-66.24,-66.37,-66.34,-66.34,-66.24,-66.24,-66.15,-66.3,-66.34,-66.21,-66.27,-66.15,-66.12,-66.27,-66.15,-66.21,-66.15,-66.21,-66.24,-66.15,-66.3,-66.12,-66.24,-66.3,-66.34,-66.24,-66.27,-66.21,-66.24,-66.12,-66.15,-66.27,-66.3,-66.24,-66.18,-66.21,-66.15,-66.24,-66.18,-66.18,-66.21,-66.24,-66.18,-66.18,-66.3,-66.15,-66.3,-66.3,-66.27,-66.12,-66.27,-66.27,-66.24,-66.15,-66.15,-66.21,-66.18,-66.15,-66.21,-66.09,-66.18,-66.06,-66.02,-66.12,-66.18,-66.34,-66.12,-66.18,-66.18,-66.24,-66.12,-66.06,-66.02,-66.24,-66.24,-66.24,-66.24,-66.15,-66.21,-66.18,-66.15,-66.09,-66.24,-66.21,-66.09,-66.18,-66.12,-66.18,-66.15,-66.27,-66.21,-66.21,-66.15,-66.15,-66.02,-66.24,-66.24,-66.24,-66.15,-66.27,-66.24,-66.18,-66.18,-66.21,-66.15,-66.15,-66.3,-66.18,-66.27,-66.3,-66.34,-66.3,-66.37,-66.3,-66.34,-66.21,-66.34,-66.21,-66.27,-66.27,-66.27,-66.27,-66.37,-66.34,-66.27,-66.21,-66.24,-66.27,-66.3,-66.27,-66.3,-66.4,-66.27,-66.34,-66.37,-66.21,-66.27,-66.27,-66.34,-66.4,-66.37,-66.4,-66.37,-66.3,-66.34,-66.3,-66.3,-66.37,-66.3,-66.34,-66.4,-66.37,-66.49,-66.46,-66.37,-66.37,-66.46,-66.37,-66.3,-66.37,-66.18,-66.4,-66.27,-66.37,-66.34,-66.34,-66.34,-66.46,-66.46,-66.49,-66.3,-66.49,-66.46,-66.49,-66.49,-66.4,-66.55,-66.58,-66.52,-66.52,-66.55,-66.49,-66.52,-66.62,-66.52,-66.58,-66.62,-66.49,-66.62,-66.65,-66.43,-66.4,-66.71,-66.58,-66.62,-66.65,-66.58,-66.52,-66.49,-66.52,-66.55,-66.58,-66.58,-66.49,-66.49,-66.46,-66.46,-66.49,-66.46,-66.52,-66.46,-66.4,-66.52,-66.46,-66.37,-66.62,-66.52,-66.49,-66.62,-66.49,-66.37,-66.52,-66.43,-66.46,-66.52,-66.4,-66.58,-66.49,-66.3,-66.49,-66.37,-66.4,-66.46,-66.46,-66.37,-66.37,-66.27,-66.37,-66.49,-66.34,-66.49,-66.3,-66.43,-66.4,-66.37,-66.49,-66.4,-66.37,-66.34,-66.3,-66.4,-66.46,-66.37,-66.43,-66.21,-66.34,-66.37,-66.3,-66.3,-66.49,-66.43,-66.4,-66.37,-66.49,-66.46,-66.37,-66.37,-66.46,-66.46,-66.43,-66.4,-66.34,-66.37,-66.3,-66.49,-66.37,-66.27,-66.37,-66.37,-66.4,-66.34,-66.3,-66.34,-66.34,-66.3,-66.43,-66.3,-66.27,-66.4,-66.4,-66.3,-66.3,-66.37,-66.09,-66.27,-66.21,-66.15,-66.4,-66.24,-66.3,-66.24,-66.3,-66.18,-66.3,-66.3,-66.34,-66.24,-66.27,-66.06,-66.18,-66.21,-66.09,-66.09,-66.12,-65.87,-65.9,-65.81,-65.71,-65.81,-65.71,-65.75,-65.62,-65.71,-65.78,-65.75,-65.84,-65.68,-65.78,-65.78,-65.78,-65.75,-65.65,-65.84,-65.71,-65.78,-65.81,-65.71,-65.78,-65.78,-65.78,-65.78,-65.75,-65.78,-65.71,-65.78,-65.84,-65.75,-65.9,-65.84,-65.78,-65.84,-65.84,-65.84,-65.75,-65.84,-65.81,-65.9,-65.9,-65.93,-65.84,-65.96,-65.9,-65.87,-65.84,-65.96,-65.9,-65.9,-65.96,-66.12,-65.99,-65.87,-65.99,-66.12,-65.9,-66.02,-66.06,-66.09,-66.09,-66.09,-66.06,-66.02,-66.06,-66.09,-66.06,-66.09,-66.02,-66.18,-66.18,-66.12,-66.12,-65.99,-66.15,-66.02,-66.15,-66.15
Sweep_9,70.0,-62.89,-62.85,-62.89,-62.89,-62.7,-62.79,-62.76,-62.82,-62.76,-62.82,-62.89,-62.85,-62.73,-62.79,-62.92,-62.82,-62.85,-62.92,-62.82,-62.82,-62.76,-62.67,-62.7,-62.67,-62.76,-62.76,-62.64,-62.61,-62.7,-62.67,-62.61,-62.54,-62.64,-62.57,-62.67,-62.64,-62.61,-62.67,-62.7,-62.54,-62.61,-62.7,-62.73,-62.51,-62.42,-62.57,-62.61,-62.42,-62.61,-62.61,-62.67,-62.57,-62.57,-62.61,-62.67,-62.61,-62.7,-62.61,-62.67,-62.7,-62.61,-62.73,-62.57,-62.54,-62.51,-62.64,-62.54,-62.64,-62.67,-62.61,-62.57,-62.57,-62.67,-62.7,-62.64,-62.64,-62.51,-62.61,-62.73,-62.67,-62.57,-62.7,-62.73,-62.7,-62.73,-62.67,-62.7,-62.64,-62.76,-62.76,-62.54,-62.61,-62.73,-62.76,-62.64,-62.64,-62.73,-62.76,-62.67,-62.76,-62.79,-62.61,-62.64,-62.7,-62.67,-62.67,-62.73,-62.76,-62.64,-62.79,-62.64,-62.73,-62.67,-62.64,-62.61,-62.76,-62.67,-62.67,-62.61,-62.73,-62.79,-62.73,-62.54,-62.61,-62.73,-62.64,-62.57,-62.73,-62.54,-62.57,-62.54,-62.57,-62.73,-62.64,-62.54,-62.61,-62.54,-62.54,-62.64,-62.61,-62.54,-62.57,-62.48,-62.61,-62.51,-62.64,-62.48,-62.42,-62.54,-62.42,-62.42,-62.51,-62.51,-62.57,-62.42,-62.54,-62.48,-62.54,-62.54,-62.64,-62.57,-62.42,-62.54,-62.61,-62.64,-62.54,-62.48,-62.7,-62.61,-62.61,-62.67,-62.54,-62.54,-62.67,-62.64,-62.61,-62.76,-62.67,-62.7,-62.7,-62.7,-62.76,-62.7,-62.7,-62.64,-62.64,-62.57,-62.64,-62.67,-62.61,-62.7,-62.64,-62.73,-62.7,-62.67,-62.7,-62.57,-62.61,-62.79,-62.82,-62.85,-62.79,-62.7,-62.79,-62.85,-62.89,-62.95,-62.89,-62.89,-62.89,-62.82,-62.82,-62.95,-62.89,-62.82,-62.98,-62.98,-63.07,-62.92,-62.76,-62.98,-62.82,-62.89,-62.85,-62.89,-62.79,-62.92,-62.73,-62.76,-62.89,-62.64,-62.7,-62.76,-62.73,-62.64,-62.89,-62.76,-62.64,-62.57,-62.7,-62.7,-62.64,-62.64,-62.79,-62.67,-62.7,-62.67,-62.64,-62.57,-62.57,-62.73,-62.73,-62.51,-62.54,-62.64,-62.79,-62.73,-62.82,-62.61,-62.64,-62.7,-62.61,-62.7,-62.67,-62.57,-62.54,-62.61,-62.67,-62.64,-62.61,-62.64,-62.57,-62.67,-62.54,-62.48,-62.57,-62.76,-62.57,-62.64,-62.54,-62.57,-62.51,-62.57,-62.73,-62.67,-62.61,-62.51,-62.54,-62.51,-62.61,-62.61,-62.51,-62.61,-62.51,-62.51,-62.57,-62.42,-62.54,-62.57,-62.51,-62.64,-62.54,-62.67,-62.64,-62.61,-62.39,-62.45,-62.57,-62.48,-62.39,-62.51,-62.67,-62.48,-62.48,-62.42,-62.45,-62.51,-62.42,-62.36,-62.54,-62.61,-62.57,-62.67,-62.61,-62.57,-62.57,-62.67,-62.64,-62.42,-62.64,-62.51,-62.57,-62.51,-62.39,-62.33,-62.42,-62.39,-62.48,-62.39,-62.51,-62.33,-62.54,-62.51,-62.42,-62.51,-62.45,-62.48,-62.45,-62.29,-62.42,-62.45,-62.45,-62.33,-62.39,-62.54,-62.54,-62.39,-62.48,-62.42,-62.48,-62.39,-62.42,-62.39,-62.45,-62.67,-62.48,-62.54,-62.54,-62.48,-62.45,-62.48,-62.48,-62.48,-62.42,-62.7,-62.54,-61.3,-60.27,-59.25,-58.28,-57.32,-56.33,-55.58,-54.71,-53.78,-52.69,-51.63,-50.42,-49.08,-44.82,32.33,24.22,-18.12,-45.48,-58.41,-61.36,-61.83,-61.11,-60.52,-59.53,-58.81,-58.19,-57.57,-56.95,-56.23,-55.55,-55.11,-54.68,-53.99,-53.31,-52.81,-52.32,-51.97,-51.41,-50.86,-50.39,-49.89,-49.39,-48.74,-48.4,-47.78,-46.81,-45.79,-44.76,-36.18,22.94,22.75,-11.31,-38.83,-52.72,-57.6,-59.25,-59.43,-59.03,-58.56,-57.94,-57.45,-56.76,-56.23,-55.64,-55.24,-54.74,-54.37,-53.72,-53.4,-52.88,-52.41,-52.01,-51.38,-51.07,-50.42,-50.11,-49.67,-49.18,-48.77,-48.12,-47.59,-47.03,-46.38,-45.45,-44.73,-42.68,-7.43,27.26,6.59,-22.01,-43.49,-52.91,-56.61,-58.0,-58.22,-58.1,-57.76,-57.32,-56.92,-56.45,-55.95,-55.52,-55.11,-54.83,-54.49,-53.93,-53.62,-53.12,-52.63,-52.1,-51.88,-51.32,-50.95,-50.61,-50.05,-49.67,-49.46,-48.87,-48.37,-47.75,-47.28,-46.75,-46.16,-45.57,-44.86,-43.77,-42.03,-19.77,23.5,14.42,-12.56,-35.56,-48.46,-53.75,-55.95,-56.76,-56.95,-56.98,-56.73,-56.33,-56.17,-55.77,-55.46,-54.96,-54.68,-54.37,-53.81,-53.56,-52.94,-52.47,-52.13,-51.88,-51.54,-50.95,-50.58,-50.17,-49.49,-49.08,-48.68,-48.46,-47.96,-47.47,-47.0,-46.32,-45.88,-45.17,-44.42,-43.74,-42.71,-41.96,-40.07,-11.41,22.88,10.72,-14.55,-36.15,-47.5,-52.91,-55.39,-56.57,-57.01,-56.95,-56.61,-56.36,-56.02,-55.7,-55.3,-55.05,-54.77,-54.34,-53.9,-53.62,-53.09,-52.72,-52.38,-52.07,-51.73,-51.45,-51.2,-50.82,-50.36,-49.98,-49.74,-49.05,-48.77,-48.59,-48.31,-47.84,-47.19,-46.85,-46.5,-45.88,-45.35,-44.95,-44.02,-43.21,-42.18,-40.69,-16.91,20.58,14.67,-10.38,-33.54,-46.69,-53.03,-55.49,-56.64,-56.95,-56.85,-56.57,-56.33,-56.02,-55.42,-55.3,-55.02,-54.62,-54.46,-54.21,-54.12,-53.72,-53.28,-52.91,-52.47,-52.1,-51.76,-51.35,-50.98,-50.7,-50.2,-49.8,-49.27,-49.08,-48.71,-48.4,-48.06,-47.78,-47.34,-46.97,-46.66,-46.1,-45.76,-45.26,-44.79,-44.14,-43.27,-42.03,-40.57,-26.14,14.24,19.24,-2.46,-24.99,-41.53,-49.83,-53.68,-55.27,-56.08,-56.33,-56.48,-56.14,-55.95,-55.55,-55.39,-55.21,-54.71,-54.43,-54.27,-53.99,-53.68,-53.44,-53.19,-52.78,-52.5,-52.01,-51.85,-51.45,-51.07,-50.7,-50.36,-50.11,-49.95,-49.55,-49.27,-49.05,-48.77,-48.31,-47.93,-47.62,-47.25,-46.78,-46.66,-46.19,-45.82,-45.42,-44.79,-44.05,-43.24,-42.4,-41.34,-40.6,-32.2,6.22,20.24,2.74,-19.4,-37.15,-47.4,-52.41,-54.49,-55.46,-55.64,-55.74,-55.61,-55.58,-55.11,-54.87,-54.74,-54.37,-54.12,-53.93,-53.59,-53.4,-53.19,-52.97,-52.6,-52.25,-51.79,-51.41,-51.17,-50.89,-50.45,-50.02,-49.61,-49.39,-49.15,-48.71,-48.43,-47.93,-47.47,-46.91,-46.91,-46.13,-45.73,-45.1,-44.92,-44.17,-43.39,-42.96,-42.03,-41.13,-39.23,-12.93,20.36,13.62,-9.82,-31.55,-44.92,-51.23,-54.21,-55.55,-56.08,-56.17,-56.02,-55.7,-55.33,-55.11,-54.93,-54.65,-54.15,-53.84,-53.56,-53.4,-52.78,-52.44,-52.25,-51.88,-51.63,-51.26,-50.76,-50.58,-50.2,-49.95,-49.67,-49.33,-49.08,-48.74,-48.46,-48.09,-47.87,-47.37,-47.09,-46.75,-46.5,-46.04,-45.82,-45.35,-44.79,-44.23,-43.8,-43.02,-42.15,-41.5,-39.88,-20.95,15.32,16.23,-4.2,-25.33,-40.85,-48.71,-52.47,-54.62,-55.36,-55.8,-56.11,-56.02,-55.58,-55.36,-54.96,-54.65,-54.18,-53.87,-53.37,-53.0,-52.63,-52.44,-51.85,-51.57,-51.26,-50.79,-50.42,-50.26,-49.8,-49.49,-49.24,-48.8,-48.43,-48.06,-47.72,-47.37,-46.94,-46.81,-46.19,-45.7,-45.38,-44.76,-44.39,-43.77,-43.12,-42.84,-42.18,-41.47,-40.26,-38.11,-13.9,17.31,13.99,-6.62,-27.32,-41.65,-48.74,-52.63,-54.27,-55.02,-55.08,-55.39,-55.61,-55.46,-55.11,-54.74,-54.27,-53.78,-53.47,-53.19,-52.66,-52.32,-51.91,-51.76,-51.14,-50.76,-50.51,-50.26,-49.89,-49.58,-49.36,-48.93,-48.56,-48.28,-47.93,-47.72,-47.44,-47.16,-46.78,-46.38,-45.94,-45.76,-45.26,-44.86,-44.61,-44.02,-43.36,-42.68,-41.84,-40.94,-39.23,-16.91,15.76,15.54,-3.82,-24.84,-40.16,-48.24,-51.88,-53.9,-54.93,-55.21,-55.24,-55.15,-54.93,-54.65,-54.24,-54.09,-53.65,-53.56,-53.19,-52.94,-52.35,-52.16,-51.82,-51.35,-51.14,-50.73,-50.42,-50.17,-49.71,-49.36,-49.02,-48.65,-48.31,-48.0,-47.53,-47.25,-46.91,-46.25,-46.07,-45.57,-44.95,-44.58,-43.89,-43.27,-42.71,-42.06,-41.44,-40.63,-39.66,-33.73,-3.54,17.44,8.52,-11.13,-29.75,-41.65,-47.75,-51.29,-53.12,-54.06,-54.52,-54.46,-54.46,-54.24,-53.78,-53.78,-53.34,-53.09,-52.78,-52.63,-52.32,-52.13,-51.63,-51.57,-51.17,-51.1,-50.89,-50.42,-50.14,-49.74,-49.49,-49.3,-48.87,-48.62,-48.15,-48.09,-47.65,-47.56,-46.88,-46.63,-46.41,-46.01,-45.73,-45.54,-45.2,-44.61,-43.92,-43.27,-42.56,-42.0,-41.44,-40.88,-40.44,-39.88,-38.98,-37.92,-33.98,-4.94,15.98,10.38,-8.36,-27.54,-40.5,-47.68,-51.32,-53.09,-53.96,-54.37,-54.49,-54.49,-54.34,-54.21,-54.03,-53.84,-53.65,-53.53,-53.09,-52.88,-52.44,-52.16,-51.79,-51.54,-51.2,-50.79,-50.45,-50.08,-49.92,-49.74,-49.18,-48.74,-48.68,-48.24,-48.15,-47.65,-47.19,-46.72,-46.5,-46.19,-45.85,-45.51,-45.14,-44.73,-44.14,-43.58,-43.15,-42.84,-41.9,-41.41,-40.94,-40.22,-39.51,-37.74,-18.87,11.44,15.08,-0.25,-19.58,-35.13,-44.42,-49.11,-51.85,-53.28,-54.06,-54.4,-54.55,-54.52,-54.27,-54.09,-53.75,-53.5,-53.16,-52.88,-52.78,-52.47,-52.32,-51.79,-51.6,-51.41,-51.17,-50.86,-50.64,-50.39,-49.92,-49.64,-49.43,-49.11,-48.9,-48.37,-48.28,-47.93,-47.59,-47.37,-46.94,-46.85,-46.29,-46.13,-45.7,-45.32,-44.7,-44.23,-43.95,-43.49,-42.84,-42.37,-41.81,-40.63,-38.92,-20.36,11.94,16.6,0.09,-19.71,-35.9,-45.26,-50.14,-52.29,-53.75,-54.24,-54.49,-54.46,-54.46,-54.15,-54.09,-53.93,-53.65,-53.34,-53.06,-52.63,-52.29,-51.97,-51.76,-51.35,-51.1,-50.7,-50.2,-49.92,-49.58,-49.27,-48.96,-48.77,-48.49,-48.12,-47.75,-47.47,-46.88,-46.6,-46.29,-46.01,-45.32,-45.14,-44.92,-44.64,-44.23,-43.71,-43.24,-42.96,-42.52,-42.28,-41.84,-41.31,-40.44,-38.48,-19.61,11.44,15.48,-1.06,-21.14,-36.43,-45.1,-49.86,-52.5,-53.75,-54.46,-54.65,-54.59,-54.59,-54.43,-54.06,-53.78,-53.4,-53.22,-52.75,-52.47,-52.13,-51.79,-51.63,-51.23,-51.01,-50.79,-50.54,-50.17,-49.67,-49.49,-49.05,-48.87,-48.52,-48.15,-47.93,-47.68,-47.37,-46.88,-46.35,-45.94,-45.7,-45.45,-45.17,-44.64,-44.27,-44.02,-43.61,-43.27,-42.71,-42.28,-41.53,-40.63,-33.82,-4.51,17.16,10.85,-7.58,-26.92,-40.69,-47.81,-51.51,-53.37,-54.27,-54.93,-55.05,-55.08,-54.8,-54.62,-54.55,-54.18,-53.96,-53.72,-53.31,-53.09,-52.91,-52.53,-52.22,-52.07,-51.66,-51.32,-50.86,-50.58,-50.3,-50.11,-49.64,-49.21,-48.9,-48.49,-48.24,-47.93,-47.5,-46.97,-46.69,-46.63,-46.25,-46.04,-45.7,-45.23,-44.76,-44.36,-43.89,-43.33,-42.68,-42.0,-41.25,-40.26,-36.59,-9.08,16.79,11.47,-8.11,-27.6,-40.44,-47.56,-51.32,-53.09,-53.81,-54.15,-54.24,-54.27,-54.18,-54.09,-53.78,-53.5,-53.34,-53.06,-52.69,-52.5,-52.13,-51.82,-51.63,-51.2,-50.86,-50.42,-50.33,-49.86,-49.71,-49.43,-49.15,-48.74,-48.59,-48.18,-47.84,-47.78,-47.37,-46.75,-46.6,-46.16,-45.82,-45.45,-45.07,-44.79,-44.33,-44.17,-43.71,-43.15,-42.62,-41.93,-41.34,-40.91,-39.91,-38.2,-17.0,12.22,15.36,-1.71,-22.1,-37.43,-46.29,-50.39,-52.84,-53.87,-54.59,-54.62,-54.46,-54.34,-54.09,-53.87,-53.53,-53.28,-53.03,-52.66,-52.44,-51.85,-51.6,-51.2,-50.95,-50.7,-50.33,-49.86,-49.49,-49.15,-48.77,-48.56,-48.15,-47.93,-47.68,-47.31,-46.85,-46.44,-46.01,-45.63,-45.2,-44.7,-44.42,-43.99,-43.61,-43.21,-42.77,-42.37,-41.41,-40.57,-39.73,-37.15,-13.02,14.98,13.62,-4.45,-23.87,-38.36,-46.57,-50.73,-52.66,-53.72,-54.37,-54.4,-54.4,-54.09,-53.9,-53.62,-53.37,-53.28,-52.91,-52.69,-52.38,-51.97,-51.73,-51.38,-51.07,-50.73,-50.45,-50.11,-49.8,-49.46,-49.15,-48.68,-48.49,-48.06,-47.75,-47.44,-47.06,-46.72,-46.6,-46.07,-45.82,-45.51,-45.14,-44.86,-44.39,-44.14,-43.46,-43.02,-42.59,-41.93,-41.41,-40.94,-40.22,-39.35,-38.64,-35.25,-9.89,14.61,12.22,-5.13,-23.62,-37.52,-45.23,-49.24,-51.45,-52.32,-52.88,-53.09,-53.06,-52.97,-52.88,-52.63,-52.25,-52.19,-52.04,-51.94,-51.73,-51.2,-51.17,-50.92,-50.61,-50.45,-50.05,-49.8,-49.43,-49.15,-48.93,-48.74,-48.52,-48.34,-47.75,-47.5,-47.44,-47.06,-46.63,-46.22,-45.85,-45.66,-45.14,-44.64,-44.36,-44.05,-43.52,-43.12,-42.52,-42.12,-41.59,-40.94,-40.04,-38.45,-23.31,5.75,16.04,3.98,-15.11,-31.77,-42.46,-48.06,-50.86,-52.44,-53.34,-53.78,-53.87,-53.93,-53.62,-53.37,-53.03,-52.69,-52.32,-52.22,-51.79,-51.48,-51.35,-50.76,-50.73,-50.36,-50.11,-49.74,-49.49,-49.27,-48.87,-48.49,-48.06,-47.81,-47.31,-47.09,-46.85,-46.38,-45.97,-45.57,-45.26,-45.01,-44.51,-43.99,-43.52,-42.9,-42.06,-41.37,-40.22,-38.3,-18.87,9.54,14.95,1.87,-16.63,-32.73,-42.9,-48.43,-51.23,-52.63,-53.28,-53.87,-53.81,-53.84,-53.53,-53.47,-53.5,-53.19,-53.12,-52.75,-52.44,-52.32,-51.94,-51.63,-51.2,-51.07,-50.7,-50.48,-50.33,-50.08,-49.83,-49.33,-49.18,-48.71,-48.31,-48.18,-47.84,-47.47,-47.34,-46.97,-46.6,-46.32,-46.07,-45.45,-45.14,-44.82,-44.02,-43.67,-43.05,-42.52,-41.87,-41.13,-40.01,-38.7,-31.92,-3.7,15.54,9.48,-7.93,-25.77,-39.6,-46.91,-50.7,-52.69,-53.62,-54.12,-54.27,-54.4,-54.03,-53.93,-53.78,-53.4,-53.22,-52.84,-52.41,-52.1,-51.76,-51.57,-51.14,-50.76,-50.54,-50.3,-49.95,-49.64,-49.36,-48.99,-48.71,-48.43,-48.15,-47.78,-47.4,-47.16,-46.85,-46.53,-45.82,-45.7,-45.38,-44.86,-44.51,-43.86,-43.39,-43.02,-42.71,-42.34,-42.12,-41.37,-41.19,-40.26,-39.32,-37.4,-20.45,7.43,14.92,2.74,-15.01,-30.99,-41.47,-47.25,-50.39,-52.16,-53.03,-53.28,-53.59,-53.65,-53.65,-53.5,-53.28,-53.25,-52.78,-52.63,-52.35,-52.13,-51.88,-51.45,-51.1,-50.86,-50.58,-50.36,-49.86,-49.55,-49.3,-48.9,-48.65,-48.37,-48.15,-47.72,-47.37,-47.09,-46.75,-46.44,-46.13,-45.94,-45.63,-45.29,-44.76,-44.27,-44.02,-43.49,-43.08,-42.84,-42.37,-42.03,-41.5,-41.19,-40.81,-39.98,-38.95,-31.92,-5.04,14.61,9.85,-6.34,-22.79,-36.03,-43.8,-48.24,-50.76,-52.35,-53.03,-53.4,-53.72,-53.56,-53.5,-53.25,-53.16,-52.81,-52.66,-52.41,-52.13,-51.85,-51.57,-51.2,-50.86,-50.64,-50.39,-49.92,-49.55,-49.18,-48.93,-48.62,-48.4,-48.12,-47.81,-47.65,-47.25,-46.97,-46.81,-46.38,-46.01,-45.76,-45.29,-44.92,-44.36,-43.8,-43.12,-42.62,-41.56,-41.25,-40.54,-39.85,-36.96,-13.83,12.28,12.81,-1.4,-19.02,-33.7,-42.9,-47.9,-50.61,-52.19,-53.03,-53.4,-53.75,-53.37,-53.34,-53.25,-53.09,-52.78,-52.47,-52.44,-52.25,-51.91,-51.73,-51.38,-51.1,-50.92,-50.54,-50.26,-50.11,-49.74,-49.58,-49.24,-49.15,-48.87,-48.65,-48.4,-48.18,-47.84,-47.47,-47.22,-46.94,-46.72,-46.01,-45.66,-45.42,-45.14,-44.73,-44.51,-43.86,-43.46,-43.15,-42.52,-41.87,-41.34,-40.5,-39.32,-36.12,-12.5,12.65,12.87,-2.61,-20.98,-35.41,-44.17,-48.99,-51.35,-52.63,-53.16,-53.59,-53.65,-53.68,-53.25,-53.28,-53.22,-52.78,-52.56,-52.41,-52.22,-51.79,-51.63,-51.41,-51.2,-50.86,-50.67,-50.45,-50.39,-49.95,-49.77,-49.43,-49.15,-48.83,-48.49,-48.24,-47.93,-47.68,-47.28,-46.97,-46.5,-46.07,-45.85,-45.45,-45.1,-44.76,-44.2,-43.95,-43.27,-42.59,-42.46,-42.12,-41.75,-40.94,-39.73,-31.8,-4.45,15.05,8.86,-9.14,-26.33,-39.14,-46.29,-50.14,-52.35,-53.5,-53.9,-54.15,-54.09,-53.96,-53.87,-53.65,-53.25,-52.84,-52.63,-52.22,-51.97,-51.63,-51.45,-51.23,-51.07,-50.67,-50.58,-50.11,-49.89,-49.64,-49.43,-49.11,-48.83,-48.34,-47.9,-47.53,-47.13,-46.88,-46.72,-46.19,-45.79,-45.54,-45.35,-44.82,-44.7,-44.23,-44.02,-43.39,-42.87,-42.34,-42.12,-41.5,-40.63,-39.29,-24.87,3.92,15.54,5.32,-12.68,-29.5,-40.54,-46.66,-49.83,-51.76,-52.84,-53.19,-53.5,-53.44,-53.34,-53.28,-52.94,-52.69,-52.29,-52.16,-51.88,-51.66,-51.17,-51.1,-50.86,-50.61,-50.2,-49.71,-49.67,-49.39,-49.15,-48.87,-48.62,-48.34,-48.0,-47.84,-47.34,-47.03,-46.47,-46.32,-46.16,-45.76,-45.66,-45.07,-44.64,-44.2,-43.86,-43.3,-42.8,-42.28,-42.15,-41.59,-40.94,-40.22,-39.76,-38.86,-37.49,-26.89,1.62,15.36,6.59,-10.54,-26.86,-39.14,-45.97,-49.71,-51.91,-52.97,-53.31,-53.44,-53.34,-53.4,-53.12,-53.12,-52.63,-52.47,-52.16,-51.79,-51.66,-51.41,-51.23,-50.89,-50.7,-50.33,-50.11,-49.83,-49.58,-49.11,-49.08,-48.74,-48.56,-48.18,-47.87,-47.5,-47.37,-47.0,-46.72,-46.47,-46.16,-45.76,-45.32,-45.01,-44.55,-44.14,-43.67,-42.96,-42.52,-42.18,-41.5,-40.26,-38.36,-23.69,3.7,15.11,6.31,-12.0,-28.72,-40.35,-46.75,-50.39,-51.97,-52.78,-53.44,-53.47,-53.44,-53.12,-53.19,-52.94,-52.6,-52.25,-51.91,-51.66,-51.38,-50.98,-50.67,-50.48,-49.98,-49.71,-49.49,-49.02,-48.93,-48.71,-48.21,-47.81,-47.47,-47.28,-47.19,-46.91,-46.41,-46.07,-45.63,-45.23,-44.76,-44.2,-43.52,-43.21,-42.65,-42.12,-41.37,-40.13,-37.86,-17.47,9.76,14.17,1.27,-16.57,-32.33,-42.31,-47.4,-50.42,-51.82,-52.41,-53.03,-53.12,-53.0,-52.94,-52.66,-52.47,-52.19,-52.01,-51.79,-51.45,-51.26,-50.95,-50.79,-50.61,-50.42,-50.2,-49.77,-49.61,-49.27,-49.18,-48.8,-48.59,-48.31,-47.87,-47.53,-47.19,-46.97,-46.69,-46.41,-46.01,-45.63,-45.23,-44.98,-44.48,-44.08,-43.64,-43.33,-43.15,-42.65,-42.46,-41.72,-41.31,-40.26,-38.86,-29.34,-3.17,14.49,9.23,-7.27,-24.53,-37.55,-44.95,-48.8,-50.95,-51.97,-52.56,-52.78,-52.84,-52.75,-52.69,-52.5,-52.35,-52.01,-51.88,-51.48,-51.41,-51.07,-50.92,-50.54,-50.39,-50.05,-49.89,-49.64,-49.39,-48.83,-48.71,-48.49,-48.15,-47.87,-47.59,-47.19,-46.97,-46.63,-46.35,-45.91,-45.66,-45.14,-44.76,-44.2,-43.67,-43.43,-42.9,-42.46,-41.87,-41.56,-40.91,-40.54,-39.94,-37.27,-17.28,8.95,12.9,0.62,-16.29,-31.36,-41.19,-46.81,-49.46,-51.2,-52.13,-52.38,-52.69,-52.53,-52.41,-52.32,-52.16,-51.94,-51.76,-51.57,-51.29,-51.07,-50.95,-50.64,-50.39,-50.14,-49.83,-49.61,-49.3,-48.96,-48.56,-48.52,-48.15,-48.06,-47.62,-47.34,-47.0,-46.81,-46.63,-46.16,-45.82,-45.57,-45.04,-44.73,-44.39,-43.83,-43.43,-42.87,-42.43,-41.93,-41.41,-40.91,-40.6,-39.76,-38.92,-36.25,-14.27,10.63,12.68,-0.28,-16.88,-32.24,-42.03,-47.25,-49.95,-51.48,-52.1,-52.75,-52.84,-52.91,-52.84,-52.66,-52.53,-52.16,-52.19,-51.91,-51.69,-51.32,-51.04,-50.73,-50.42,-50.14,-49.8,-49.77,-49.33,-48.99,-48.74,-48.4,-48.24,-47.96,-47.59,-47.28,-47.0,-46.57,-46.5,-46.25,-45.94,-45.66,-45.35,-45.01,-44.89,-44.51,-44.08,-43.83,-43.49,-43.21,-42.9,-42.46,-42.18,-41.78,-41.22,-40.81,-39.88,-38.67,-31.89,-6.93,12.53,9.64,-5.75,-22.63,-35.81,-43.8,-48.18,-50.51,-51.73,-52.6,-53.03,-53.12,-53.03,-52.91,-52.78,-52.5,-52.25,-51.94,-51.79,-51.41,-51.07,-50.95,-50.7,-50.48,-50.14,-49.8,-49.64,-49.11,-48.8,-48.59,-48.18,-48.03,-47.68,-47.44,-47.16,-46.81,-46.57,-46.38,-46.07,-45.73,-45.45,-45.14,-44.7,-44.42,-44.2,-43.83,-43.46,-42.77,-42.43,-41.81,-40.97,-40.04,-39.11,-31.8,-6.81,13.34,9.57,-5.53,-22.07,-35.22,-42.93,-47.09,-49.58,-50.89,-51.79,-52.13,-52.41,-52.35,-52.47,-52.32,-52.1,-52.07,-51.88,-51.63,-51.51,-51.01,-50.67,-50.48,-50.39,-50.02,-49.77,-49.64,-49.49,-49.21,-49.05,-48.71,-48.46,-48.18,-47.78,-47.37,-47.22,-46.81,-46.44,-46.16,-45.79,-45.48,-45.38,-45.1,-44.61,-44.08,-43.8,-43.33,-42.93,-42.4,-42.09,-41.44,-40.75,-40.04,-39.2,-37.43,-19.61,6.81,14.49,4.32,-12.81,-28.69,-39.51,-45.76,-48.65,-50.58,-51.57,-52.07,-52.53,-52.63,-52.6,-52.53,-52.44,-52.22,-52.29,-52.04,-51.91,-51.66,-51.57,-51.38,-51.17,-50.79,-50.45,-50.11,-49.74,-49.52,-49.21,-48.8,-48.74,-48.46,-48.21,-47.9,-47.56,-47.37,-46.94,-46.6,-46.19,-46.01,-45.76,-45.51,-45.1,-44.73,-44.48,-44.23,-43.83,-43.43,-43.18,-42.71,-42.4,-41.9,-41.22,-40.22,-39.45,-37.8,-21.2,5.25,14.42,4.32,-13.27,-28.85,-40.16,-46.29,-49.64,-51.41,-52.6,-53.19,-53.25,-53.37,-53.31,-53.12,-53.09,-52.78,-52.66,-52.44,-52.32,-52.07,-51.82,-51.35,-51.17,-50.82,-50.61,-50.36,-50.02,-49.77,-49.43,-49.11,-48.93,-48.52,-48.46,-47.93,-47.72,-47.34,-47.19,-46.78,-46.44,-46.16,-45.7,-45.29,-45.17,-44.98,-44.61,-44.17,-43.64,-43.15,-42.74,-42.28,-41.65,-40.97,-40.38,-39.14,-29.19,-3.79,13.83,9.08,-6.31,-23.1,-36.31,-43.95,-48.37,-50.67,-52.04,-52.6,-52.56,-52.69,-52.66,-52.44,-52.16,-51.79,-51.57,-51.38,-51.07,-50.95,-50.61,-50.48,-50.02,-49.86,-49.58,-49.61,-49.08,-48.96,-48.59,-48.31,-47.87,-47.68,-47.34,-47.09,-46.94,-46.63,-46.32,-45.82,-45.6,-45.32,-44.95,-44.51,-44.02,-43.64,-43.33,-42.93,-42.62,-42.03,-41.34,-41.19,-40.5,-39.57,-38.86,-30.71,-6.09,13.96,10.29,-5.53,-23.34,-36.53,-44.33,-48.49,-50.98,-52.13,-52.75,-53.09,-53.22,-53.22,-52.97,-52.91,-52.78,-52.47,-52.22,-51.85,-51.82,-51.63,-51.29,-50.92,-50.54,-50.42,-50.23,-49.8,-49.58,-49.3,-48.93,-48.62,-48.28,-48.12,-47.72,-47.47,-46.81,-46.5,-46.1,-45.42,-45.01,-44.51,-44.02,-43.46,-42.84,-42.37,-41.81,-41.37,-40.5,-39.76,-38.79,-35.69,-12.96,11.5,12.93,-1.31,-18.9,-33.48,-42.77,-47.72,-50.58,-51.82,-52.6,-52.88,-52.94,-52.63,-52.6,-52.41,-52.1,-51.88,-51.79,-51.48,-51.17,-50.98,-50.76,-50.54,-50.2,-49.98,-49.71,-49.3,-48.93,-48.49,-48.34,-47.9,-47.62,-47.31,-47.06,-46.91,-46.66,-46.29,-45.94,-45.63,-45.29,-45.01,-44.7,-44.39,-44.11,-43.49,-43.02,-42.8,-42.37,-42.18,-41.56,-40.69,-40.1,-39.04,-38.05,-32.92,-8.14,12.9,10.82,-3.08,-19.4,-33.07,-42.03,-47.03,-49.8,-51.04,-51.57,-51.91,-52.16,-52.41,-52.47,-52.41,-51.97,-52.04,-51.76,-51.57,-51.48,-51.2,-50.92,-50.61,-50.26,-50.02,-49.58,-49.21,-48.87,-48.65,-48.24,-47.96,-47.47,-47.28,-46.85,-46.57,-46.13,-45.76,-45.54,-45.07,-44.79,-44.33,-43.77,-43.58,-43.18,-42.62,-42.0,-41.47,-41.0,-40.5,-39.57,-38.02,-23.9,2.49,13.9,6.37,-9.64,-26.17,-38.3,-45.14,-48.49,-50.73,-52.13,-52.84,-52.94,-52.88,-52.78,-52.84,-52.6,-52.35,-52.01,-51.79,-51.48,-51.35,-51.2,-50.92,-50.58,-50.3,-50.05,-49.71,-49.43,-49.08,-48.9,-48.52,-48.12,-47.9,-47.65,-47.28,-46.97,-46.75,-46.13,-45.7,-45.14,-44.82,-44.61,-44.39,-43.83,-43.61,-43.15,-42.87,-42.43,-42.24,-41.41,-40.72,-40.26,-39.35,-38.33,-35.37,-13.8,10.69,12.4,-1.43,-17.97,-32.05,-41.19,-46.38,-49.3,-51.01,-51.79,-52.29,-52.25,-52.35,-52.47,-52.44,-52.38,-52.16,-51.85,-51.69,-51.35,-51.04,-50.82,-50.42,-50.08,-49.77,-49.55,-49.21,-48.93,-48.59,-48.43,-48.18,-48.09,-47.68,-47.31,-47.16,-46.72,-46.38,-46.07,-45.79,-45.38,-45.17,-44.76,-44.39,-44.11,-43.83,-43.61,-43.36,-43.12,-42.56,-42.24,-41.65,-41.0,-40.32,-39.66,-38.2,-28.19,-2.64,12.87,8.21,-5.94,-21.45,-34.69,-42.74,-47.06,-49.58,-50.98,-51.88,-52.41,-52.63,-52.53,-52.56,-52.22,-51.97,-51.88,-51.82,-51.63,-51.32,-51.17,-50.89,-50.73,-50.45,-50.2,-49.86,-49.61,-49.3,-49.08,-48.8,-48.46,-48.28,-48.06,-47.62,-47.19,-46.91,-46.6,-46.32,-45.82,-45.42,-44.98,-44.58,-44.3,-44.02,-43.64,-43.21,-42.93,-42.4,-42.0,-41.5,-40.63,-40.07,-38.64,-35.47,-12.62,10.85,11.91,-0.65,-16.57,-31.15,-40.47,-45.48,-48.59,-50.39,-51.2,-52.01,-52.35,-52.38,-52.47,-52.25,-52.32,-52.22,-52.04,-51.82,-51.41,-51.17,-50.73,-50.48,-50.2,-49.98,-49.86,-49.46,-49.18,-48.9,-48.56,-48.18,-47.81,-47.44,-47.16,-46.85,-46.63,-46.32,-45.94,-45.48,-45.38,-45.1,-44.76,-44.36,-44.02,-43.92,-43.67,-43.18,-42.9,-42.59,-42.0,-41.34,-40.72,-39.54,-36.93,-15.48,9.51,12.96,0.0,-16.88,-31.02,-40.91,-46.6,-49.74,-51.57,-52.47,-53.09,-53.31,-53.44,-53.19,-53.0,-52.84,-52.84,-52.35,-51.94,-51.66,-51.51,-51.2,-50.82,-50.64,-50.26,-49.95,-49.71,-49.24,-49.15,-48.87,-48.46,-48.06,-47.87,-47.22,-46.88,-46.47,-46.35,-45.94,-45.51,-45.26,-44.7,-44.2,-43.8,-43.43,-42.84,-42.52,-41.9,-41.41,-40.78,-40.04,-39.32,-38.14,-29.81,-5.38,13.74,10.32,-5.1,-21.64,-35.28,-43.58,-48.28,-50.79,-52.35,-52.88,-53.22,-53.31,-53.22,-53.09,-52.78,-52.72,-52.35,-52.22,-52.16,-51.69,-51.48,-51.2,-51.07,-50.67,-50.42,-50.23,-49.98,-49.49,-49.33,-48.9,-48.65,-48.31,-48.12,-47.78,-47.37,-47.06,-46.78,-46.47,-46.25,-45.94,-45.7,-45.23,-44.95,-44.58,-44.33,-43.67,-43.21,-42.84,-42.4,-42.03,-41.62,-41.13,-40.38,-39.7,-38.98,-37.61,-26.45,-0.87,13.58,7.37,-7.68,-23.56,-36.4,-43.92,-47.93,-50.17,-51.41,-52.16,-52.44,-52.38,-52.25,-52.01,-52.01,-51.66,-51.41,-51.32,-51.1,-50.86,-50.48,-50.39,-49.8,-49.58,-49.46,-49.18,-48.8,-48.62,-48.09,-47.9,-47.59,-47.31,-47.16,-46.85,-46.63,-46.19,-45.66,-45.42,-45.14,-44.92,-44.58,-44.27,-43.8,-43.49,-42.9,-42.59,-41.78,-41.41,-40.97,-40.26,-39.51,-38.3,-35.37,-13.43,9.51,12.12,0.31,-15.42,-29.75,-39.85,-45.73,-49.02,-50.73,-51.76,-52.22,-52.41,-52.41,-52.38,-52.29,-51.88,-51.82,-51.32,-51.2,-50.92,-50.64,-50.39,-50.23,-49.74,-49.46,-49.24,-48.9,-48.52,-48.37,-48.12,-47.75,-47.34,-47.13,-46.88,-46.72,-46.38,-45.82,-45.51,-45.35,-45.01,-44.76,-44.33,-43.89,-43.64,-43.21,-42.93,-42.56,-42.31,-41.84,-41.34,-40.69,-40.29,-39.7,-38.67,-37.68,-34.82,-16.29,7.65,12.22,1.77,-13.12,-27.17,-37.68,-43.67,-47.34,-49.43,-50.64,-51.35,-51.88,-51.94,-52.01,-52.16,-51.85,-51.63,-51.32,-51.2,-50.82,-50.73,-50.36,-50.2,-49.83,-49.67,-49.24,-49.02,-48.83,-48.49,-48.06,-47.9,-47.4,-47.09,-46.81,-46.5,-46.25,-45.73,-45.38,-44.95,-44.36,-44.17,-43.64,-43.43,-42.99,-42.68,-41.96,-41.34,-40.57,-39.76,-38.05,-28.85,-5.44,12.47,8.86,-4.57,-19.49,-32.42,-41.19,-46.07,-48.71,-50.39,-51.54,-51.82,-51.94,-52.13,-52.25,-52.16,-52.19,-51.97,-51.82,-51.57,-51.32,-50.92,-50.67,-50.36,-50.05,-49.92,-49.58,-49.21,-48.8,-48.37,-48.09,-47.81,-47.4,-47.16,-46.75,-46.5,-46.22,-45.97,-45.7,-45.51,-45.14,-44.98,-44.7,-44.42,-43.86,-43.39,-43.33,-42.84,-42.68,-42.21,-41.96,-41.62,-41.03,-40.38,-39.7,-39.17,-38.3,-35.65,-16.51,7.46,12.31,2.39,-12.65,-27.23,-37.43,-43.92,-47.34,-49.64,-50.82,-51.6,-51.76,-51.82,-51.85,-51.82,-51.6,-51.38,-51.2,-50.98,-50.67,-50.36,-50.14,-49.86,-49.58,-49.49,-49.21,-48.9,-48.71,-48.43,-48.24,-47.93,-47.56,-47.34,-46.94,-46.63,-46.41,-46.01,-45.73,-45.32,-44.92,-44.45,-44.33,-43.83,-43.3,-42.68,-41.96,-41.53,-40.66,-39.66,-37.95,-25.12,-0.81,12.9,7.09,-6.75,-21.54,-34.07,-42.21,-46.69,-49.49,-50.7,-51.35,-51.91,-51.91,-51.85,-51.76,-51.54,-51.48,-51.04,-50.82,-50.58,-50.33,-49.98,-49.86,-49.64,-49.46,-49.08,-48.77,-48.46,-48.28,-47.93,-47.62,-47.56,-47.22,-46.88,-46.5,-46.19,-45.66,-45.29,-44.76,-44.64,-44.17,-43.95,-43.43,-42.93,-42.4,-42.09,-41.65,-41.19,-40.81,-40.47,-40.01,-39.23,-38.39,-37.4,-34.82,-15.36,7.96,12.53,2.18,-13.34,-28.44,-38.83,-44.89,-48.12,-49.98,-50.82,-51.38,-51.97,-51.97,-52.29,-51.91,-51.85,-51.6,-51.6,-51.32,-51.2,-50.89,-50.73,-50.42,-50.26,-50.2,-49.71,-49.49,-49.3,-48.99,-48.62,-48.15,-48.06,-47.72,-47.37,-47.13,-46.6,-46.35,-46.1,-45.54,-45.35,-45.1,-44.55,-44.23,-43.92,-43.46,-42.9,-42.46,-42.21,-41.65,-40.94,-40.63,-39.7,-38.83,-38.08,-35.78,-17.87,6.71,13.12,2.24,-14.14,-29.41,-39.73,-45.45,-48.74,-50.58,-51.54,-51.91,-52.13,-52.38,-52.19,-51.79,-51.73,-51.41,-51.17,-51.17,-50.7,-50.51,-50.11,-49.67,-49.36,-49.11,-48.71,-48.59,-48.12,-47.87,-47.56,-47.22,-47.13,-46.88,-46.29,-46.07,-45.76,-45.45,-45.01,-44.7,-44.3,-44.08,-43.89,-43.8,-43.15,-42.74,-42.21,-41.62,-41.06,-40.41,-39.63,-38.67,-37.46,-26.36,-3.26,12.0,8.8,-4.79,-20.36,-32.92,-41.16,-46.1,-48.99,-50.23,-51.23,-51.45,-51.97,-52.16,-52.22,-52.25,-52.1,-51.94,-51.6,-51.6,-51.29,-50.95,-50.64,-50.42,-50.11,-49.8,-49.52,-49.18,-48.68,-48.49,-48.24,-47.75,-47.44,-47.03,-46.66,-46.22,-45.97,-45.57,-45.01,-44.7,-44.48,-44.05,-43.52,-43.18,-42.52,-41.96,-41.25,-40.47,-39.29,-37.92,-26.55,-1.59,12.93,7.93,-7.4,-22.97,-35.56,-43.27,-47.5,-49.98,-51.17,-51.94,-52.07,-52.25,-52.47,-52.32,-52.16,-52.1,-51.69,-51.45,-51.23,-51.2,-50.89,-50.67,-50.51,-50.05,-49.67,-49.36,-48.9,-48.62,-48.12,-47.84,-47.5,-47.28,-46.88,-46.66,-46.41,-46.1,-45.82,-45.7,-45.35,-45.07,-44.73,-44.36,-43.83,-43.49,-43.18,-42.65,-42.03,-41.44,-41.09,-40.47,-39.32,-37.99,-32.45,-9.23,12.12,10.82,-3.64,-19.86,-33.23,-42.34,-47.16,-49.92,-51.6,-52.29,-52.75,-52.72,-52.72,-52.53,-52.25,-52.19,-51.88,-51.48,-51.48,-51.14,-50.79,-50.58,-50.11,-49.92,-49.61,-49.3,-48.87,-48.49,-48.18,-47.9,-47.75,-47.31,-46.97,-46.6,-46.29,-46.01,-45.79,-45.45,-45.26,-44.82,-44.61,-44.3,-43.89,-43.58,-43.08,-42.49,-42.34,-41.72,-41.19,-40.6,-40.04,-39.38,-38.51,-36.06,-16.32,7.71,12.81,3.2,-12.4,-28.23,-38.73,-44.89,-48.59,-50.61,-51.69,-52.13,-52.6,-52.75,-52.47,-52.44,-52.29,-52.07,-51.85,-51.69,-51.26,-50.98,-50.67,-50.64,-50.2,-49.95,-49.43,-49.18,-48.9,-48.74,-48.28,-48.09,-47.68,-47.37,-47.16,-46.85,-46.41,-46.1,-45.79,-45.51,-45.01,-44.67,-44.14,-43.67,-43.21,-42.84,-42.15,-41.65,-41.22,-40.32,-39.88,-39.2,-37.83,-26.61,-1.21,13.27,8.58,-6.68,-22.82,-34.97,-42.43,-46.88,-49.18,-50.48,-51.38,-51.79,-51.82,-51.82,-51.79,-51.57,-51.26,-51.2,-50.89,-50.7,-50.61,-50.23,-49.77,-49.52,-49.15,-48.87,-48.65,-48.46,-47.96,-47.47,-47.13,-46.85,-46.6,-46.16,-45.91,-45.42,-45.1,-44.73,-44.48,-43.92,-43.92,-43.46,-43.05,-42.52,-42.03,-41.53,-40.97,-40.04,-38.64,-35.0,-14.42,7.96,11.84,1.87,-12.99,-26.7,-36.96,-42.99,-46.41,-48.65,-50.14,-50.76,-51.23,-51.6,-51.66,-51.48,-51.6,-51.29,-51.2,-50.82,-50.61,-50.61,-50.36,-49.98,-49.71,-49.49,-49.24,-48.96,-48.62,-48.28,-47.96,-47.65,-47.47,-47.13,-46.72,-46.47,-46.16,-45.82,-45.45,-45.26,-44.95,-44.48,-44.2,-43.74,-43.24,-42.93,-42.46,-42.15,-41.81,-41.22,-40.29,-39.76,-39.23,-38.27,-36.59,-25.99,-2.64,11.44,7.4,-5.66,-20.21,-33.2,-41.47,-45.82,-48.28,-49.83,-50.7,-51.35,-51.48,-51.73,-51.88,-51.51,-51.54,-51.32,-51.26,-50.89,-50.79,-50.58,-50.23,-50.11,-49.89,-49.61,-49.18,-48.9,-48.46,-48.12,-47.87,-47.75,-47.16,-47.09,-46.75,-46.22,-45.91,-45.79,-45.17,-44.92,-44.67,-44.23,-43.99,-43.49,-43.27,-42.93,-42.4,-41.84,-41.44,-40.88,-40.29,-39.51,-37.86,-24.28,-0.65,12.56,7.43,-7.46,-22.51,-34.85,-42.8,-46.97,-49.49,-50.98,-51.69,-51.94,-51.94,-52.01,-52.1,-51.79,-51.6,-51.51,-51.29,-50.67,-50.64,-50.39,-50.11,-49.98,-49.58,-49.52,-48.96,-48.74,-48.62,-48.12,-47.93,-47.59,-47.22,-46.88,-46.85,-46.47,-46.19,-45.91,-45.73,-45.35,-45.14,-44.67,-44.2,-43.83,-43.52,-43.33,-42.96,-42.59,-42.15,-41.53,-40.78,-40.01,-38.83,-36.4,-17.25,7.12,12.25,3.02,-11.75,-26.02,-36.9,-43.61,-47.56,-49.67,-50.98,-51.66,-51.88,-51.94,-51.88,-51.73,-51.48,-51.23,-50.89,-50.67,-50.48,-50.23,-49.86,-49.52,-49.21,-48.71,-48.56,-48.31,-48.0,-47.62,-47.44,-47.06,-46.75,-46.38,-46.29,-45.94,-45.63,-45.35,-44.95,-44.7,-44.36,-43.92,-43.58,-43.36,-42.68,-42.34,-41.62,-41.16,-40.41,-39.2,-37.12,-20.83,3.85,12.81,5.04,-10.41,-25.86,-37.3,-44.11,-47.62,-49.77,-50.92,-51.63,-51.69,-51.66,-51.66,-51.66,-51.48,-51.32,-51.1,-50.89,-50.48,-50.3,-50.11,-49.74,-49.46,-49.15,-48.87,-48.56,-48.12,-47.87,-47.59,-47.22,-46.81,-46.47,-46.19,-45.91,-45.51,-45.17,-44.98,-44.67,-44.14,-43.64,-43.24,-42.84,-42.43,-41.78,-41.41,-40.88,-40.07,-38.89,-36.93,-22.04,1.87,12.47,6.43,-8.14,-23.0,-34.54,-41.69,-46.07,-48.71,-50.11,-51.17,-51.91,-52.16,-52.13,-51.94,-51.63,-51.38,-51.14,-50.92,-50.64,-50.48,-50.26,-49.83,-49.49,-48.96,-48.65,-48.43,-48.15,-47.84,-47.5,-47.19,-46.91,-46.75,-46.35,-45.85,-45.51,-45.14,-44.76,-44.33,-43.92,-43.33,-42.77,-42.62,-42.03,-41.56,-40.97,-40.47,-39.66,-38.45,-32.86,-11.25,9.29,10.72,-1.15,-15.88,-29.69,-38.92,-44.45,-47.72,-49.43,-50.33,-50.92,-51.14,-51.23,-51.17,-51.01,-50.86,-50.79,-50.73,-50.73,-50.58,-50.36,-50.2,-49.71,-49.67,-49.43,-48.93,-48.9,-48.52,-48.28,-48.0,-47.81,-47.37,-47.09,-46.78,-46.6,-46.22,-45.85,-45.63,-45.35,-44.86,-44.48,-43.99,-43.52,-42.9,-42.56,-42.03,-41.65,-41.22,-40.91,-40.32,-39.88,-39.07,-37.12,-23.97,0.56,13.3,7.68,-7.9,-23.34,-35.22,-42.9,-47.0,-49.58,-50.7,-51.38,-51.6,-51.82,-52.01,-51.85,-51.76,-51.57,-51.23,-51.23,-51.04,-50.86,-50.51,-50.3,-49.98,-49.64,-49.46,-48.96,-48.49,-48.24,-47.87,-47.84,-47.44,-47.09,-46.85,-46.66,-46.07,-45.66,-45.48,-45.17,-44.86,-44.58,-44.2,-43.89,-43.39,-42.9,-42.71,-42.24,-41.59,-40.91,-40.13,-39.26,-37.52,-27.45,-2.98,12.59,8.64,-5.25,-20.33,-33.45,-41.53,-46.5,-49.18,-50.61,-51.51,-51.88,-51.88,-51.88,-51.82,-51.76,-51.48,-51.29,-51.04,-50.92,-50.48,-50.36,-50.11,-49.71,-49.43,-49.27,-48.96,-48.68,-48.4,-47.96,-47.72,-47.59,-47.31,-46.97,-46.66,-46.32,-45.82,-45.63,-45.38,-45.1,-44.67,-44.27,-43.8,-43.58,-42.96,-42.77,-42.31,-42.06,-41.31,-40.75,-40.07,-39.07,-37.83,-31.55,-9.11,10.48,9.85,-3.23,-18.22,-30.96,-39.79,-45.14,-48.31,-50.17,-51.2,-51.73,-52.04,-52.22,-52.22,-52.04,-51.97,-51.69,-51.73,-51.32,-50.95,-50.73,-50.51,-50.17,-49.92,-49.55,-49.24,-49.08,-48.8,-48.43,-48.28,-47.93,-47.65,-47.28,-47.03,-46.72,-46.25,-45.76,-45.45,-44.95,-44.61,-44.39,-43.95,-43.58,-42.99,-42.49,-42.18,-41.5,-41.09,-40.57,-39.91,-38.92,-36.37,-17.19,6.09,12.09,3.76,-10.91,-25.43,-36.62,-43.49,-47.59,-49.55,-50.79,-51.41,-51.79,-51.76,-51.76,-51.73,-51.6,-51.38,-51.23,-51.1,-50.7,-50.45,-49.95,-49.71,-49.55,-49.27,-48.9,-48.56,-48.24,-48.09,-47.81,-47.4,-47.25,-47.03,-46.6,-46.19,-45.91,-45.63,-45.2,-44.98,-44.39,-44.14,-43.89,-43.39,-43.02,-42.62,-42.12,-41.84,-41.25,-40.41,-39.35,-38.27,-35.65,-17.35,5.5,12.06,3.73,-10.97,-25.77,-36.49,-43.18,-46.97,-49.08,-50.42,-51.29,-51.79,-51.73,-51.69,-51.63,-51.66,-51.2,-51.07,-50.67,-50.39,-50.2,-49.92,-49.77,-49.39,-49.27,-48.87,-48.46,-48.15,-47.96,-47.5,-47.16,-46.66,-46.5,-46.13,-45.82,-45.32,-44.95,-44.64,-44.14,-43.92,-43.46,-43.15,-42.62,-42.18,-41.56,-41.03,-40.47,-39.94,-39.35,-38.73,-37.77,-34.78,-15.08,7.24,10.94,1.96,-13.15,-26.86,-37.4,-43.52,-46.91,-49.11,-50.2,-50.86,-51.14,-51.23,-51.29,-51.2,-51.07,-50.89,-50.58,-50.33,-50.23,-49.98,-49.83,-49.55,-49.36,-49.05,-48.83,-48.46,-48.18,-48.12,-47.62,-47.25,-47.03,-46.6,-46.47,-46.16,-45.79,-45.54,-45.29,-44.98,-44.7,-44.08,-43.77,-43.18,-43.27,-42.74,-42.4,-42.03,-41.72,-41.19,-40.57,-39.82,-38.98,-37.95,-33.48,-12.12,9.14,11.0,0.34,-14.95,-29.06,-39.04,-45.04,-48.28,-50.11,-50.98,-51.66,-52.1,-52.35,-52.29,-52.25,-51.97,-51.91,-51.66,-51.41,-51.2,-50.98,-50.67,-50.36,-50.3,-49.77,-49.55,-49.21,-48.77,-48.59,-48.0,-47.65,-47.31,-46.88,-46.47,-46.29,-45.88,-45.66,-45.29,-44.92,-44.3,-44.11,-43.86,-43.39,-42.8,-42.28,-41.69,-40.78,-40.32,-39.88,-38.86,-34.85,-14.33,8.64,11.72,2.74,-12.47,-27.54,-38.05,-44.3,-47.68,-49.58,-50.82,-51.14,-51.6,-51.76,-51.82,-51.54,-51.66,-51.45,-51.32,-51.1,-50.82,-50.64,-50.3,-50.17,-49.92,-49.64,-49.21,-48.9,-48.62,-48.37,-48.03,-47.75,-47.4,-47.22,-46.66,-46.44,-46.19,-45.76,-45.73,-45.42,-45.04,-44.67,-44.17,-43.83,-43.27,-42.65,-42.15,-41.53,-41.06,-40.35,-39.66,-38.86,-37.46,-26.24,-2.18,12.37,7.55,-6.37,-21.23,-33.39,-41.28,-46.35,-49.11,-50.39,-51.23,-51.79,-51.88,-51.82,-51.73,-51.79,-51.57,-51.48,-51.2,-50.86,-50.45,-50.33,-49.92,-49.74,-49.49,-49.18,-48.96,-48.52,-48.24,-47.93,-47.65,-47.28,-47.09,-46.75,-46.41,-46.19,-45.91,-45.51,-45.17,-44.89,-44.67,-44.27,-43.86,-43.39,-43.05,-42.43,-42.15,-41.5,-41.0,-40.69,-39.88,-39.01,-37.86,-33.98,-12.96,8.64,11.47,1.43,-13.58,-27.23,-37.36,-43.55,-47.19,-49.21,-50.23,-50.54,-51.1,-51.32,-51.2,-51.14,-51.07,-50.67,-50.61,-50.36,-50.05,-49.83,-49.61,-49.46,-49.24,-48.87,-48.65,-48.28,-48.21,-47.87,-47.87,-47.37,-47.28,-47.16,-46.72,-46.5,-46.13,-45.6,-45.42,-45.17,-44.92,-44.42,-44.14,-43.92,-43.61,-43.3,-42.84,-42.74,-42.12,-41.34,-40.26,-39.82,-39.26,-38.36,-36.31,-20.02,3.36,11.75,5.28,-8.95,-23.16,-34.69,-42.46,-46.22,-48.65,-49.71,-50.48,-50.76,-51.14,-51.14,-51.17,-51.07,-50.64,-50.39,-50.17,-49.86,-49.74,-49.52,-49.39,-49.18,-48.99,-48.68,-48.4,-48.12,-47.84,-47.44,-47.22,-46.81,-46.47,-46.25,-46.1,-45.7,-45.29,-44.86,-44.45,-44.11,-43.77,-43.46,-42.96,-42.49,-42.24,-41.59,-41.0,-40.22,-39.91,-38.79,-37.21,-23.44,-1.4,10.48,6.62,-6.15,-19.86,-31.92,-39.45,-44.27,-47.28,-49.15,-50.2,-50.73,-50.95,-51.07,-51.07,-51.26,-50.89,-50.7,-50.45,-50.11,-49.83,-49.77,-49.39,-49.24,-48.87,-48.74,-48.28,-48.21,-47.72,-47.59,-47.09,-47.0,-46.75,-46.32,-45.88,-45.76,-45.51,-45.1,-44.73,-44.51,-44.33,-43.92,-43.64,-43.12,-42.77,-42.49,-42.09,-41.84,-41.41,-40.72,-40.1,-39.54,-38.98,-38.64,-37.71,-35.31,-17.38,4.88,11.25,4.23,-9.54,-23.41,-34.13,-41.22,-45.38,-47.96,-49.24,-50.17,-50.61,-50.82,-50.92,-50.89,-50.89,-50.61,-50.54,-50.45,-50.14,-49.86,-49.64,-49.55,-49.3,-49.11,-48.8,-48.24,-48.21,-47.78,-47.53,-47.06,-46.88,-46.5,-46.25,-46.07,-45.48,-45.26,-44.95,-44.7,-44.3,-43.86,-43.46,-42.99,-42.65,-42.34,-41.81,-41.16,-40.35,-39.63,-39.17,-38.33,-36.77,-26.3,-4.17,10.23,8.98,-3.26,-16.85,-29.47,-38.36,-43.64,-46.81,-48.68,-49.67,-50.36,-50.89,-50.98,-50.95,-51.14,-50.89,-50.89,-50.64,-50.39,-50.2,-49.86,-49.83,-49.55,-49.02,-48.9,-48.74,-48.37,-48.09,-47.81,-47.56,-47.37,-47.16,-46.85,-46.44,-46.13,-45.97,-45.66,-45.32,-44.95,-44.73,-44.55,-44.14,-43.71,-43.33,-43.02,-42.62,-42.24,-41.81,-41.31,-40.85,-40.38,-39.38,-38.14,-29.87,-9.01,9.01,9.48,-0.87,-14.55,-27.76,-37.92,-43.58,-46.91,-48.62,-49.77,-50.23,-50.86,-50.98,-51.04,-50.98,-50.95,-50.67,-50.64,-50.39,-50.11,-49.77,-49.43,-49.27,-48.87,-48.62,-48.37,-48.18,-47.84,-47.72,-47.25,-47.0,-46.75,-46.32,-46.01,-45.79,-45.14,-44.82,-44.64,-44.2,-43.83,-43.71,-43.33,-43.02,-42.9,-42.34,-41.81,-41.47,-40.94,-40.54,-40.01,-39.51,-38.98,-38.45,-37.8,-36.59,-29.62,-8.18,9.33,9.45,-1.15,-15.95,-29.69,-38.76,-43.92,-46.94,-48.83,-49.71,-50.14,-50.67,-50.73,-50.67,-50.7,-50.45,-50.17,-50.02,-49.86,-49.64,-49.39,-49.11,-49.02,-48.65,-48.49,-48.24,-48.12,-47.81,-47.59,-47.28,-47.03,-46.91,-46.63,-46.13,-45.85,-45.57,-45.2,-44.86,-44.51,-44.14,-43.83,-43.49,-43.24,-42.77,-42.34,-42.18,-41.72,-41.37,-40.81,-40.19,-39.73,-38.83,-38.2,-37.18,-34.54,-16.82,3.33,9.39,3.39,-8.21,-21.85,-32.58,-40.1,-44.64,-47.4,-48.93,-49.64,-50.23,-50.54,-50.64,-51.01,-50.86,-50.64,-50.51,-50.48,-50.39,-49.98,-49.8,-49.55,-49.21,-49.05,-48.87,-48.59,-48.24,-47.93,-47.56,-47.4,-47.19,-46.81,-46.5,-46.19,-45.76,-45.32,-45.26,-45.01,-44.48,-43.99,-43.61,-43.18,-42.74,-42.31,-42.0,-41.25,-40.88,-40.22,-39.6,-38.73,-37.46,-32.55,-11.84,7.62,9.92,0.47,-13.27,-26.83,-36.74,-42.9,-46.57,-48.62,-49.64,-50.3,-50.61,-50.79,-50.76,-50.73,-50.79,-50.64,-50.26,-50.17,-49.8,-49.58,-49.36,-48.99,-48.8,-48.37,-48.09,-48.03,-47.68,-47.28,-47.16,-46.63,-46.38,-46.32,-46.1,-45.82,-45.51,-45.35,-45.07,-44.86,-44.45,-44.2,-43.95,-43.71,-43.43,-43.12,-42.77,-42.18,-41.84,-41.47,-41.22,-40.78,-40.29,-40.22,-39.54,-39.45,-39.14,-38.55,-37.86,-36.96,-34.07,-15.14,5.04,10.57,3.73,-9.14,-22.72,-33.88,-40.78,-44.92,-47.13,-48.49,-49.71,-50.17,-50.3,-50.39,-50.33,-50.58,-50.45,-50.42,-50.05,-49.98,-49.86,-49.89,-49.64,-49.49,-49.39,-49.05,-48.9,-48.68,-48.46,-48.18,-47.93,-47.75,-47.34,-47.28,-47.0,-46.66,-46.38,-46.19,-45.73,-45.42,-45.23,-44.7,-44.36,-44.23,-43.61,-43.33,-42.96,-42.71,-42.24,-41.72,-41.37,-41.22,-40.85,-40.5,-39.91,-39.17,-38.2,-35.65,-18.06,3.73,10.41,4.01,-8.86,-22.1,-33.42,-40.78,-45.1,-47.56,-49.15,-49.92,-50.36,-50.73,-50.79,-50.92,-51.07,-50.98,-50.76,-50.76,-50.51,-50.3,-50.08,-49.58,-49.3,-49.11,-48.83,-48.65,-48.46,-48.21,-48.06,-47.72,-47.34,-47.13,-46.72,-46.47,-46.29,-46.04,-45.66,-45.26,-44.98,-44.7,-44.17,-43.8,-43.33,-43.02,-42.77,-42.34,-42.09,-41.56,-41.28,-40.6,-39.91,-39.01,-38.51,-37.3,-34.13,-14.89,6.15,10.32,2.05,-11.28,-24.65,-35.06,-41.62,-45.45,-47.59,-48.9,-49.58,-50.11,-50.61,-50.76,-50.64,-50.67,-50.48,-50.23,-50.11,-49.77,-49.43,-49.33,-48.93,-48.68,-48.56,-48.06,-47.84,-47.34,-47.37,-46.94,-46.75,-46.38,-46.13,-45.76,-45.6,-45.35,-45.04,-44.73,-44.2,-44.02,-43.58,-43.33,-42.9,-42.28,-41.65,-41.13,-40.78,-40.22,-39.88,-39.73,-39.17,-37.99,-36.71,-33.67,-14.67,5.72,10.32,2.67,-10.35,-23.9,-35.25,-41.93,-45.57,-47.75,-49.11,-49.95,-50.26,-50.51,-50.48,-50.51,-50.54,-50.39,-50.23,-50.2,-49.8,-49.58,-49.27,-49.24,-48.65,-48.43,-48.18,-47.84,-47.68,-47.37,-47.19,-46.94,-46.63,-46.41,-46.1,-45.66,-45.42,-45.1,-44.76,-44.36,-44.17,-43.71,-43.36,-43.05,-42.65,-42.21,-41.65,-41.28,-40.6,-39.82,-39.7,-40.5,-41.09,-41.78,-42.52,-43.36,-44.2,-45.07,-45.76,-46.38,-47.03,-47.72,-48.09,-48.71,-49.43,-49.71,-50.17,-50.82,-51.14,-51.38,-51.73,-52.13,-52.44,-52.81,-53.25,-53.59,-53.75,-54.06,-54.37,-54.83,-54.93,-55.11,-55.36,-55.64,-55.83,-56.11,-56.3,-56.57,-56.7,-56.89,-57.17,-57.29,-57.38,-57.63,-57.88,-57.91,-58.22,-58.35,-58.44,-58.6,-58.84,-58.94,-59.12,-59.28,-59.22,-59.4,-59.53,-59.75,-59.71,-59.75,-60.03,-60.06,-60.34,-60.34,-60.55,-60.52,-60.65,-60.74,-60.74,-60.93,-61.08,-61.08,-61.18,-61.3,-61.3,-61.55,-61.61,-61.7,-61.61,-61.8,-61.77,-61.92,-62.01,-61.89,-62.2,-62.23,-62.26,-62.57,-62.42,-62.48,-62.64,-62.54,-62.64,-62.51,-62.57,-62.67,-62.82,-62.82,-62.73,-62.89,-62.98,-62.89,-63.1,-63.13,-63.2,-63.26,-63.23,-63.13,-63.29,-63.38,-63.38,-63.41,-63.44,-63.48,-63.57,-63.41,-63.69,-63.6,-63.69,-63.63,-63.79,-63.79,-63.85,-63.88,-63.85,-64.07,-64.04,-64.13,-64.13,-64.13,-64.07,-64.19,-64.16,-64.28,-64.28,-64.41,-64.41,-64.41,-64.47,-64.5,-64.53,-64.56,-64.5,-64.53,-64.59,-64.63,-64.63,-64.72,-64.78,-64.69,-64.72,-64.75,-64.72,-64.66,-64.78,-64.75,-64.81,-64.81,-64.94,-64.84,-64.87,-64.97,-64.91,-65.0,-65.06,-65.06,-65.03,-65.12,-65.15,-65.06,-65.06,-65.15,-65.22,-65.15,-65.09,-65.06,-65.25,-65.19,-65.28,-65.22,-65.34,-65.28,-65.28,-65.4,-65.5,-65.37,-65.4,-65.5,-65.34,-65.5,-65.59,-65.5,-65.31,-65.4,-65.4,-65.34,-65.56,-65.4,-65.37,-65.56,-65.5,-65.53,-65.47,-65.4,-65.5,-65.59,-65.59,-65.53,-65.59,-65.47,-65.56,-65.62,-65.62,-65.68,-65.71,-65.71,-65.65,-65.68,-65.78,-65.75,-65.84,-65.87,-65.96,-65.96,-65.9,-66.02,-65.9,-65.93,-65.93,-65.84,-65.96,-66.02,-65.93,-66.06,-65.99,-65.93,-66.09,-65.96,-65.96,-65.99,-66.06,-65.93,-66.06,-66.09,-66.15,-65.99,-66.09,-66.12,-66.24,-65.99,-66.06,-66.12,-66.18,-66.09,-66.18,-65.99,-66.12,-66.12,-66.15,-66.18,-66.09,-66.21,-66.21,-66.21,-66.24,-66.34,-66.3,-66.24,-66.21,-66.3,-66.3,-66.27,-66.3,-66.37,-66.4,-66.3,-66.4,-66.55,-66.58,-66.58,-66.55,-66.52,-66.68,-66.49,-66.68,-66.65,-66.8,-66.62,-66.65,-66.71,-66.8,-66.77,-66.8,-66.8,-66.8,-66.74,-66.74,-66.83,-67.02,-66.71,-66.9,-66.93,-66.96,-66.83,-66.9,-66.86,-66.86,-66.93,-67.08,-67.08,-66.93,-67.02,-67.08,-67.05,-67.05,-67.14,-67.05,-66.99,-67.11,-67.11,-67.14,-67.18,-67.08,-67.24,-67.27,-67.36,-67.27,-67.24,-67.21,-67.36,-67.36,-67.24,-67.24,-67.33,-67.24,-67.24,-67.49,-67.49,-67.49,-67.45,-67.64,-67.45,-67.45,-67.52,-67.61,-67.45,-67.55,-67.55,-67.45,-67.49,-67.58,-67.7,-67.7,-67.64,-67.58,-67.67,-67.8,-67.58,-67.58,-67.73,-67.52,-67.58,-67.61,-67.58,-67.58,-67.64,-67.8,-67.61,-67.64,-67.64,-67.8,-67.64,-67.7,-67.52,-67.67,-67.58,-67.64,-67.73,-67.67,-67.64,-67.7,-67.77,-67.77,-67.7,-67.73,-67.73,-67.77,-67.83,-67.83,-67.8,-67.86,-67.73,-67.83,-67.77,-67.73,-67.77,-67.8,-67.8,-67.89,-67.86,-67.92,-68.08,-67.83,-68.01,-67.89,-68.05,-67.95,-67.98,-67.98,-67.98,-68.14,-68.01,-67.95,-68.08,-68.17,-68.01,-68.11,-67.98,-68.01,-68.17,-68.11,-68.11,-68.01,-68.2,-68.2,-68.33,-68.26,-68.36,-68.26,-68.23,-68.2,-68.36,-68.45,-68.39,-68.33,-68.45,-68.51,-68.33,-68.36,-68.26,-68.36,-68.29,-68.45,-68.54,-68.48,-68.33,-68.51,-68.33,-68.39,-68.42,-68.48,-68.48,-68.33,-68.54,-68.48,-68.45,-68.51,-68.45,-68.39,-68.45,-68.45,-68.39,-68.33,-68.39,-68.54,-68.51,-68.57,-68.45,-68.48,-68.54,-68.36,-68.57,-68.57,-68.45,-68.36,-68.48,-68.6,-68.57,-68.64,-68.45,-68.57,-68.54,-68.51,-68.6,-68.57,-68.67,-68.64,-68.51,-68.48,-68.57,-68.6,-68.51,-68.29,-68.51,-68.51,-68.67,-68.51,-68.67,-68.57,-68.7,-68.64,-68.6,-68.6,-68.76,-68.85,-68.82,-68.73,-68.76,-68.76,-68.79,-68.73,-68.73,-68.88,-68.82,-68.98,-68.88,-68.88,-68.92,-68.98,-69.04,-69.13,-69.07,-69.2,-69.04,-69.26,-69.29,-69.26,-69.23,-69.26,-69.29,-69.23,-69.35,-69.29,-69.07,-69.13,-69.13,-69.13,-69.29,-69.23,-69.23,-69.26,-69.35,-69.32,-69.23,-69.32,-69.29,-69.29,-69.23,-69.26,-69.32,-69.38,-69.38,-69.6,-69.32,-69.38,-69.48,-69.44,-69.38,-69.48,-69.44,-69.35,-69.32,-69.35,-69.48,-69.41,-69.51,-69.32,-69.29,-69.23,-69.29,-69.26,-69.26,-69.23,-69.41,-69.26,-69.48,-69.51,-69.44,-69.44,-69.54,-69.32,-69.26,-69.23,-69.51,-69.54,-69.51,-69.48,-69.54,-69.38,-69.38,-69.57,-69.63,-69.54,-69.48,-69.41,-69.41,-69.54,-69.57,-69.41,-69.54,-69.54,-69.54,-69.41,-69.51,-69.51,-69.54,-69.41,-69.57,-69.51,-69.54,-69.44,-69.32,-69.57,-69.51,-69.38,-69.6,-69.48,-69.38,-69.51,-69.57,-69.35,-69.51,-69.54,-69.38,-69.63,-69.57,-69.6,-69.51,-69.63,-69.79,-69.51,-69.54,-69.57,-69.63,-69.63,-69.57,-69.72,-69.63,-69.6,-69.63,-69.66,-69.63,-69.57,-69.57,-69.54,-69.66,-69.54,-69.63,-69.66,-69.6,-69.66,-69.63,-69.63,-69.69,-69.57,-69.63,-69.63,-69.76,-69.6,-69.6,-69.57,-69.57,-69.54,-69.66,-69.54,-69.57,-69.6,-69.54,-69.38,-69.6,-69.51,-69.48,-69.6,-69.6,-69.51,-69.32,-69.54,-69.51,-69.66,-69.48,-69.69,-69.57,-69.48,-69.6,-69.57,-69.72,-69.54,-69.6,-69.54,-69.76,-69.6,-69.66,-69.69,-69.66,-69.57,-69.66,-69.57,-69.76,-69.63,-69.69,-69.85,-69.57,-69.79,-69.69,-69.76,-69.66,-69.69,-69.72,-69.79,-69.82,-69.66,-69.63,-69.79,-69.79,-69.76,-69.79,-69.85,-69.79,-69.72,-69.85,-69.79,-69.94,-69.76,-69.85,-69.79,-69.79,-69.85,-69.85,-69.94,-69.82,-69.91,-70.03,-70.03,-70.03,-69.97,-69.85,-69.97,-69.97,-69.88,-69.85,-69.85,-70.03,-69.91,-69.97,-69.94,-70.1,-69.97,-69.85,-69.94,-69.88,-70.07,-69.94,-69.97,-69.82,-69.79,-69.82,-69.85,-69.94,-69.94,-69.91,-69.97,-69.82,-69.72,-69.79,-69.76,-69.69,-69.88,-69.82,-69.66,-69.69,-69.63,-69.72,-69.66,-69.66,-69.69,-69.54,-69.69,-69.57,-69.66,-69.79,-69.6,-69.76,-69.6,-69.69,-69.66,-69.51,-69.69,-69.72,-69.69,-69.54,-69.63,-69.51,-69.51,-69.6,-69.6,-69.32,-69.57,-69.51,-69.48,-69.54,-69.6,-69.54,-69.48,-69.51,-69.48,-69.54,-69.51,-69.54,-69.44,-69.38,-69.54,-69.38,-69.6,-69.6,-69.57,-69.6,-69.54,-69.44,-69.48,-69.63,-69.41,-69.44,-69.54,-69.57,-69.41,-69.48,-69.54,-69.66,-69.6,-69.51,-69.48,-69.54,-69.44,-69.54,-69.44,-69.48,-69.44,-69.48,-69.32,-69.48,-69.51,-69.51,-69.41,-69.23,-69.38,-69.35,-69.29,-69.44,-69.32,-69.35,-69.2,-69.23,-69.26,-69.07,-69.13,-69.2,-69.2,-69.13,-69.23,-69.07,-69.13,-69.04,-69.01,-69.1,-69.07,-69.01,-68.98,-69.01,-69.07,-69.01,-69.01,-69.1,-68.92,-68.98,-69.01,-68.98,-68.95,-68.98,-68.98,-68.95,-68.98,-68.92,-69.04,-69.01,-68.85,-68.95,-69.13,-69.1,-69.01,-69.07,-69.04,-68.98,-68.95,-68.98,-69.26,-69.1,-69.1,-69.1,-69.01,-69.13,-68.92,-69.16,-69.07,-69.1,-69.1,-69.01,-69.07,-69.13,-69.13,-69.13,-69.04,-69.07,-68.95,-68.88,-68.95,-68.98,-68.79,-68.98,-68.82,-68.98,-69.01,-69.07,-69.01,-68.88,-68.98,-68.88,-68.98,-69.1,-69.04,-68.95,-69.04,-69.01,-68.98,-68.98,-68.88,-68.85,-68.88,-69.01,-68.98,-68.76,-68.88,-68.82,-68.88,-68.76,-68.64,-68.76,-68.73,-68.76,-68.67,-68.6,-68.7,-68.57,-68.64,-68.54,-68.57,-68.57,-68.57,-68.39,-68.33,-68.39,-68.29,-68.51,-68.39,-68.42,-68.36,-68.29,-68.39,-68.36,-68.2,-68.23,-68.29,-68.26,-68.29,-68.45,-68.26,-68.26,-68.42,-68.33,-68.05,-68.23,-68.17,-68.17,-68.17,-68.23,-68.26,-68.36,-68.17,-68.05,-68.17,-68.08,-67.98,-68.14,-68.05,-68.14,-68.01,-68.05,-68.08,-68.17,-67.98,-67.98,-68.11,-68.08,-68.01,-68.01,-68.08,-68.11,-68.01,-68.11,-67.95,-67.95,-67.86,-67.77,-67.83,-67.8,-67.86,-67.89,-68.01,-67.89,-67.95,-67.86,-67.95,-67.98,-67.98,-68.08,-67.98,-68.01,-67.95,-67.98,-67.89,-67.89,-67.92,-67.98,-68.05,-67.98,-67.98,-67.83,-67.98,-67.95,-67.98,-68.08,-67.86,-68.08,-67.95,-68.05,-68.05,-68.08,-67.95,-67.83,-67.89,-67.98,-68.01,-68.01,-67.98,-67.83,-67.83,-67.8,-67.92,-67.77,-67.86,-67.89,-67.7,-67.83,-67.67,-67.8,-67.83,-67.8,-67.73,-67.8,-67.89,-67.8,-67.8,-67.77,-67.61,-67.73,-67.58,-67.73,-67.7,-67.8,-67.61,-67.7,-67.64,-67.67,-67.52,-67.58,-67.64,-67.67,-67.64,-67.8,-67.67,-67.49,-67.7,-67.61,-67.58,-67.73,-67.64,-67.67,-67.77,-67.61,-67.73,-67.77,-67.7,-67.58,-67.7,-67.64,-67.61,-67.55,-67.64,-67.7,-67.67,-67.61,-67.7,-67.58,-67.67,-67.58,-67.64,-67.58,-67.73,-67.67,-67.77,-67.58,-67.7,-67.8,-67.61,-67.7,-67.7,-67.7,-67.73,-67.7,-67.73,-67.77,-67.7,-67.77,-67.61,-67.73,-67.64,-67.73,-67.8,-67.86,-67.7,-67.73,-67.8,-67.64,-67.7,-67.58,-67.55,-67.67,-67.7,-67.67,-67.67,-67.77,-67.67,-67.52,-67.55,-67.49,-67.67,-67.55,-67.61,-67.52,-67.61,-67.45,-67.52,-67.61,-67.55,-67.52,-67.45,-67.64,-67.49,-67.49,-67.36,-67.45,-67.49,-67.39,-67.49,-67.36,-67.27,-67.36,-67.24,-67.3,-67.33,-67.24,-67.36,-67.33,-67.3,-67.3,-67.27,-67.3,-67.18,-67.27,-67.18,-67.14,-67.24,-67.21,-67.24,-67.18,-67.21,-67.08,-67.14,-67.18,-66.99,-67.11,-66.96,-67.05,-66.99,-67.02,-66.93,-66.96,-66.9,-66.8,-66.99,-66.83,-66.83,-66.8,-66.71,-66.8,-66.9,-66.8,-66.71,-66.74,-66.74,-66.68,-66.77,-66.71,-66.74,-66.71,-66.68,-66.74,-66.55,-66.68,-66.68,-66.49,-66.68,-66.65,-66.68,-66.71,-66.62,-66.68,-66.68,-66.58,-66.58,-66.65,-66.71,-66.71,-66.8,-66.62,-66.68,-66.62,-66.74,-66.71,-66.68,-66.65,-66.49,-66.65,-66.58,-66.58,-66.65,-66.65,-66.62,-66.62,-66.58,-66.65,-66.46,-66.49,-66.65,-66.58,-66.46,-66.46,-66.58,-66.52,-66.37,-66.52,-66.4,-66.34,-66.24,-66.46,-66.37,-66.27,-66.4,-66.46,-66.4,-66.46,-66.27,-66.37,-66.4,-66.4,-66.52,-66.34,-66.34,-66.34,-66.34,-66.3,-66.21,-66.37,-66.3,-66.4,-66.21,-66.37,-66.24,-66.15,-66.24,-66.34,-66.21,-66.3,-66.18,-66.24,-66.3,-66.24,-66.21,-66.27,-66.24,-66.24,-66.21,-66.3,-66.34,-66.27,-66.18,-66.24,-66.24,-66.27,-66.27,-66.3,-66.24,-66.18,-66.18,-66.27,-66.24,-66.3,-66.27,-66.27,-66.27,-66.21,-66.18,-66.24,-66.27,-66.09,-66.24,-66.18,-66.12,-66.21,-66.12,-66.15,-66.34,-66.12,-66.12,-66.3,-66.15,-66.18,-66.3,-66.24,-66.27,-66.3,-66.24,-66.21,-66.27,-66.21,-66.3,-66.21,-66.24,-66.3,-66.18,-66.02,-66.3,-66.15,-66.24,-66.27,-66.18,-66.18,-66.12,-66.15,-66.06,-66.09,-66.12,-66.06,-66.18,-66.12,-66.15,-66.15,-66.21,-66.18,-66.18,-66.12,-66.15,-66.24,-66.12,-66.12,-66.09,-66.12,-66.21,-65.99,-66.12,-66.06,-66.12,-66.06,-66.02,-66.27,-66.09,-66.18,-66.15,-66.21,-66.21,-66.06,-66.06,-66.18,-66.18,-66.12,-66.02,-66.18,-66.12,-66.09,-66.18,-66.06,-66.09,-66.12,-66.18,-66.06,-66.21,-66.18,-66.02,-66.15,-66.18,-66.09,-66.24,-66.27,-66.27,-66.21,-66.27,-66.18,-66.24,-66.27,-66.3,-66.37,-66.24,-66.27,-66.24,-66.27,-66.3,-66.3,-66.24,-66.21,-66.27,-66.21,-66.27,-66.12,-66.15,-66.21,-66.24,-66.09,-66.18,-66.15,-66.18,-66.15,-66.02,-66.12,-65.9,-65.99,-65.99,-66.09,-65.96,-65.99,-66.06,-65.9,-65.99,-65.84,-65.75,-65.9,-65.9,-65.9,-65.84,-65.99,-65.9,-65.93,-65.93,-65.96,-65.9,-65.96,-65.99,-65.84,-65.9,-65.87,-65.96,-65.81,-65.75,-65.75,-65.75,-65.87,-65.87,-65.9,-65.87,-65.87,-65.99,-65.96,-65.87,-66.15,-66.12,-65.93,-66.18,-66.02,-66.02,-66.02,-66.09,-66.15,-65.99,-66.06,-66.02,-66.12,-66.06,-66.09,-66.09,-66.15,-65.99,-65.99,-66.06,-66.12,-66.12,-66.15,-66.15,-66.15,-66.06,-66.06,-66.09,-66.18,-66.18,-66.12,-66.12,-66.15,-66.18,-66.21,-66.18,-66.12,-66.12,-66.21,-66.24,-66.12,-66.15,-66.27,-66.15,-66.18,-66.15,-66.21,-66.15,-66.15,-66.15,-66.18,-66.15,-66.12,-66.15,-66.3,-66.12,-66.24,-66.21,-66.15,-66.15,-66.18,-66.15,-66.12,-66.18,-66.18,-66.18,-66.09,-66.02,-66.12,-66.34,-66.02,-66.12,-66.24,-66.12,-66.15,-66.15,-66.18,-66.09,-66.12,-66.15,-66.06,-66.06,-66.06,-66.12,-66.18,-66.12,-66.09,-66.21,-66.21,-66.3,-66.15,-66.27,-66.15,-66.09,-66.24,-66.12,-66.27,-66.15,-66.24,-66.18,-66.21,-66.15,-66.12,-66.15,-66.21,-66.15,-66.3,-66.24,-66.15,-66.15,-66.24,-66.24,-66.18,-66.12,-66.18,-66.06,-66.18,-66.27,-66.24,-66.24,-66.27,-66.15,-66.06,-66.15,-66.18,-66.27,-66.15,-66.15,-66.34,-66.3,-66.24,-66.24,-66.24,-66.3
Sweep_10,90.0,-63.23,-63.1,-63.1,-63.2,-63.23,-63.26,-63.17,-63.17,-63.1,-63.2,-63.35,-63.2,-63.29,-63.2,-63.17,-63.32,-63.23,-63.1,-63.23,-63.23,-63.17,-63.29,-63.23,-63.2,-63.2,-63.07,-63.04,-63.13,-63.07,-63.13,-63.04,-63.04,-63.1,-63.01,-63.07,-62.92,-62.98,-63.07,-62.89,-62.92,-62.79,-62.89,-62.98,-62.89,-62.98,-63.01,-62.82,-62.7,-62.92,-62.89,-62.98,-62.92,-62.79,-62.89,-62.82,-62.79,-62.79,-62.85,-62.76,-62.76,-62.85,-62.92,-62.89,-62.89,-62.95,-62.76,-62.73,-62.82,-62.92,-62.89,-62.98,-62.82,-62.82,-62.73,-62.92,-62.85,-62.79,-62.79,-62.89,-62.76,-62.79,-62.79,-62.79,-62.79,-62.85,-62.89,-62.95,-62.76,-62.73,-62.92,-62.82,-62.89,-62.89,-62.82,-62.98,-62.85,-62.76,-62.85,-62.73,-62.89,-62.76,-63.01,-63.01,-62.89,-62.92,-62.95,-63.01,-63.04,-62.95,-63.04,-63.1,-63.01,-63.04,-63.13,-63.07,-63.01,-63.1,-63.01,-63.13,-62.92,-63.17,-63.17,-63.1,-63.01,-63.07,-63.13,-63.07,-63.07,-63.01,-63.04,-63.01,-63.07,-63.04,-62.98,-63.07,-63.04,-63.1,-62.82,-62.98,-62.95,-63.07,-62.95,-63.01,-62.98,-62.92,-62.98,-63.07,-62.98,-63.07,-63.01,-62.98,-62.98,-62.92,-62.98,-62.98,-62.98,-63.04,-62.92,-63.07,-62.92,-63.07,-62.95,-62.92,-62.92,-63.04,-63.07,-63.04,-63.04,-63.13,-63.1,-63.04,-63.04,-63.1,-63.1,-63.04,-63.04,-62.98,-63.1,-63.04,-62.92,-63.04,-63.1,-63.01,-63.01,-62.82,-63.1,-63.1,-63.01,-62.98,-63.07,-63.01,-63.17,-62.98,-63.07,-63.01,-62.98,-63.07,-62.98,-63.1,-62.89,-63.01,-62.98,-63.1,-63.1,-62.95,-62.92,-63.1,-63.04,-63.04,-62.95,-62.98,-63.01,-63.13,-62.92,-62.92,-62.92,-63.01,-62.89,-62.92,-63.04,-62.92,-62.92,-62.98,-62.76,-62.82,-63.04,-63.07,-63.01,-63.04,-62.92,-62.85,-63.01,-62.98,-62.95,-62.79,-62.98,-62.92,-62.98,-62.95,-62.85,-62.79,-62.79,-62.85,-62.76,-62.85,-62.7,-62.79,-62.82,-62.85,-62.85,-62.76,-62.89,-62.82,-62.85,-62.7,-62.82,-62.82,-62.82,-62.92,-62.95,-62.95,-62.85,-62.76,-62.7,-62.79,-62.73,-62.85,-62.89,-62.82,-62.79,-62.73,-62.82,-62.89,-62.85,-62.95,-62.85,-62.82,-62.89,-62.85,-62.79,-62.89,-62.85,-62.82,-62.73,-62.73,-62.79,-62.79,-62.79,-62.85,-62.73,-62.82,-62.95,-62.79,-62.76,-62.76,-62.76,-62.82,-62.7,-62.85,-62.79,-62.73,-62.85,-62.95,-62.95,-62.85,-62.89,-63.04,-62.82,-62.82,-62.92,-62.89,-62.82,-62.73,-62.85,-62.85,-62.67,-62.92,-62.76,-62.79,-62.67,-62.85,-62.79,-62.82,-62.82,-62.79,-62.7,-62.82,-62.85,-62.79,-62.76,-62.64,-62.61,-62.76,-62.67,-62.79,-62.82,-62.73,-62.7,-62.73,-62.76,-62.76,-62.61,-62.64,-62.67,-62.67,-62.61,-62.64,-62.61,-62.57,-62.54,-62.64,-62.61,-62.61,-62.61,-62.57,-62.39,-62.51,-62.57,-62.54,-62.48,-62.48,-62.54,-62.51,-62.48,-62.54,-62.54,-62.7,-62.61,-62.64,-62.54,-62.51,-62.36,-62.7,-62.7,-62.61,-62.7,-61.24,-59.71,-58.44,-57.2,-55.95,-54.83,-53.59,-52.32,-51.01,-49.3,-43.39,35.41,21.64,-20.95,-47.93,-58.63,-61.02,-61.3,-60.4,-59.78,-58.88,-57.76,-56.95,-56.23,-55.42,-54.55,-53.93,-53.25,-52.29,-51.6,-51.01,-50.39,-49.39,-48.43,-47.72,-46.81,-45.57,-43.8,-27.7,27.35,15.95,-17.63,-42.56,-53.31,-57.41,-58.53,-58.78,-58.28,-57.57,-57.17,-56.73,-55.86,-55.3,-54.71,-53.87,-53.28,-52.66,-52.04,-51.32,-50.82,-50.11,-49.39,-48.83,-48.43,-47.59,-47.09,-46.38,-45.54,-44.58,-42.65,-23.87,22.44,16.32,-12.71,-37.4,-49.52,-54.8,-56.92,-57.63,-57.41,-57.35,-56.82,-56.26,-55.83,-55.3,-54.68,-54.03,-53.47,-52.88,-52.35,-51.97,-51.41,-50.95,-50.33,-49.64,-48.93,-48.34,-47.75,-47.31,-46.66,-45.79,-44.95,-44.17,-42.8,-40.63,-11.66,22.91,9.76,-16.72,-37.68,-48.83,-53.59,-55.64,-56.39,-56.61,-56.42,-56.05,-55.61,-55.05,-54.62,-54.06,-53.47,-53.16,-52.56,-52.1,-51.69,-51.26,-50.76,-50.17,-49.92,-49.43,-48.87,-48.4,-47.9,-47.4,-46.78,-46.32,-45.76,-45.04,-44.36,-43.74,-43.12,-42.31,-40.75,-23.94,15.32,16.35,-5.22,-27.42,-42.34,-49.74,-53.25,-54.77,-55.39,-55.3,-55.3,-54.99,-54.74,-54.4,-53.78,-53.16,-52.6,-52.25,-51.85,-51.41,-50.89,-50.33,-49.89,-49.39,-48.9,-48.46,-47.9,-47.34,-46.75,-46.1,-45.35,-44.64,-43.89,-42.84,-41.41,-34.63,-0.22,19.27,5.97,-15.88,-34.47,-45.17,-50.45,-53.09,-54.21,-54.62,-54.8,-54.71,-54.52,-54.09,-53.81,-53.4,-52.94,-52.56,-52.04,-51.6,-51.23,-50.79,-50.33,-49.98,-49.46,-49.08,-48.62,-48.12,-47.62,-47.28,-46.81,-46.29,-45.91,-45.35,-44.92,-44.39,-43.43,-42.62,-41.5,-40.1,-28.1,7.21,17.66,2.24,-19.27,-35.84,-45.7,-50.58,-52.84,-54.09,-54.37,-54.27,-54.03,-53.81,-53.34,-53.12,-52.88,-52.47,-52.22,-51.79,-51.35,-50.95,-50.51,-50.33,-49.74,-49.58,-49.11,-48.52,-48.18,-47.62,-47.22,-46.66,-46.19,-45.7,-45.14,-44.33,-43.83,-43.27,-42.46,-41.25,-38.61,-13.15,16.35,12.81,-6.87,-26.2,-40.29,-47.5,-51.17,-52.97,-53.87,-54.06,-54.03,-53.81,-53.59,-53.34,-52.94,-52.66,-52.22,-51.91,-51.54,-51.1,-50.45,-50.23,-49.77,-49.27,-48.74,-48.24,-47.68,-47.37,-46.91,-46.57,-46.32,-45.73,-45.2,-44.86,-44.17,-43.49,-42.96,-42.34,-41.53,-40.38,-38.42,-18.84,11.44,13.8,-2.64,-21.85,-36.77,-45.14,-49.74,-51.73,-53.03,-53.53,-53.53,-53.34,-53.22,-53.12,-52.88,-52.75,-52.38,-52.04,-51.69,-51.38,-51.1,-50.79,-50.36,-49.89,-49.67,-49.27,-48.9,-48.4,-48.12,-47.75,-47.31,-47.03,-46.6,-46.29,-45.76,-45.26,-44.82,-44.3,-43.58,-43.21,-42.77,-42.15,-41.16,-40.35,-38.79,-20.33,10.97,14.49,-1.34,-20.14,-35.16,-44.14,-49.11,-51.48,-52.78,-53.37,-53.5,-53.53,-53.34,-53.25,-52.91,-52.72,-52.32,-52.07,-51.85,-51.48,-51.26,-50.89,-50.64,-50.39,-50.11,-49.86,-49.74,-49.36,-49.08,-48.62,-48.34,-48.03,-47.65,-47.13,-46.81,-46.29,-45.85,-45.1,-44.89,-44.36,-43.71,-43.46,-42.71,-42.28,-41.16,-40.01,-34.29,-4.91,15.79,8.3,-11.16,-28.94,-40.38,-47.03,-50.54,-52.19,-53.31,-53.62,-53.78,-53.87,-53.75,-53.56,-53.31,-53.0,-52.78,-52.56,-52.19,-51.66,-51.35,-51.1,-50.58,-50.26,-49.89,-49.61,-49.24,-48.87,-48.4,-48.15,-47.93,-47.4,-47.0,-46.57,-46.01,-45.51,-45.1,-44.7,-44.36,-43.74,-43.27,-42.84,-41.78,-40.66,-39.54,-37.12,-12.43,14.77,12.0,-5.84,-25.37,-38.98,-46.63,-50.79,-52.47,-53.31,-53.87,-53.84,-53.9,-53.68,-53.4,-53.03,-52.63,-52.22,-51.88,-51.57,-51.07,-50.79,-50.45,-50.26,-49.83,-49.46,-49.21,-48.83,-48.34,-48.15,-47.44,-47.0,-46.5,-45.94,-45.48,-45.04,-44.61,-44.23,-43.49,-43.18,-42.31,-41.44,-40.32,-39.07,-29.38,1.21,16.07,5.56,-12.62,-29.59,-40.94,-47.09,-50.51,-52.19,-53.06,-53.47,-53.56,-53.4,-53.19,-52.94,-52.88,-52.56,-52.29,-51.91,-51.79,-51.32,-51.07,-50.7,-50.58,-50.02,-49.61,-49.15,-48.62,-48.37,-47.96,-47.53,-47.06,-46.75,-46.38,-45.66,-45.26,-45.01,-44.45,-43.86,-43.52,-43.12,-42.37,-41.65,-41.25,-40.32,-39.23,-34.32,-7.27,13.96,9.42,-6.96,-23.81,-37.4,-45.35,-49.43,-51.63,-52.84,-53.12,-53.25,-53.0,-53.25,-52.97,-52.88,-52.6,-52.32,-51.97,-51.57,-51.23,-51.07,-50.54,-50.23,-49.86,-49.39,-48.74,-48.52,-48.28,-47.65,-47.31,-46.97,-46.53,-45.97,-45.6,-45.26,-44.89,-44.39,-43.92,-43.21,-42.9,-42.43,-42.0,-41.13,-40.22,-39.66,-38.79,-35.87,-11.16,13.15,10.85,-3.73,-20.64,-34.85,-43.67,-48.21,-50.64,-51.76,-52.44,-52.72,-52.75,-52.69,-52.72,-52.47,-52.22,-51.82,-51.73,-51.48,-51.23,-50.82,-50.42,-50.14,-49.64,-49.52,-48.9,-48.56,-48.28,-48.12,-47.59,-47.5,-47.16,-46.6,-46.01,-45.7,-45.26,-44.76,-44.48,-44.11,-43.74,-43.46,-42.8,-42.56,-42.24,-41.72,-41.25,-40.35,-39.07,-34.35,-8.46,13.8,9.89,-6.03,-22.07,-35.47,-43.36,-47.81,-50.14,-51.6,-52.13,-52.56,-52.63,-52.66,-52.66,-52.72,-52.22,-52.01,-51.57,-51.32,-51.01,-50.7,-50.39,-50.08,-49.74,-49.46,-49.11,-48.83,-48.46,-47.93,-47.37,-47.16,-46.78,-46.25,-45.97,-45.42,-45.14,-44.76,-44.42,-43.95,-43.55,-43.08,-42.56,-41.9,-41.44,-40.66,-39.48,-30.59,-4.26,13.74,7.96,-8.58,-25.37,-38.05,-45.29,-49.05,-51.17,-52.19,-52.69,-52.72,-52.72,-52.41,-52.16,-51.94,-51.97,-51.57,-51.17,-51.04,-50.89,-50.51,-50.2,-49.77,-49.55,-49.21,-48.93,-48.65,-48.46,-48.09,-47.59,-47.16,-46.57,-46.16,-45.7,-45.45,-44.95,-44.67,-44.3,-43.95,-43.36,-42.87,-42.28,-41.37,-39.94,-37.52,-14.49,10.57,12.12,-2.14,-19.33,-33.57,-42.18,-47.31,-50.17,-51.82,-52.56,-52.84,-53.16,-53.12,-52.91,-52.66,-52.5,-51.97,-51.88,-51.48,-51.2,-50.82,-50.36,-50.26,-49.98,-49.43,-49.21,-48.8,-48.56,-48.21,-47.87,-47.34,-47.13,-46.66,-46.38,-45.91,-45.6,-45.2,-44.58,-44.17,-43.92,-43.43,-42.84,-42.49,-42.15,-41.62,-40.75,-40.1,-39.29,-38.02,-25.24,2.98,14.24,4.54,-12.4,-28.44,-39.63,-45.88,-49.08,-50.95,-51.76,-52.44,-52.5,-52.72,-52.6,-52.29,-52.04,-51.6,-51.32,-50.95,-50.82,-50.45,-50.14,-49.74,-49.39,-49.02,-48.65,-48.31,-47.93,-47.59,-47.19,-46.81,-46.53,-45.88,-45.48,-45.01,-44.51,-43.89,-43.18,-42.77,-42.21,-41.53,-40.78,-40.01,-38.73,-31.58,-4.29,13.83,8.3,-8.33,-25.46,-37.83,-45.14,-48.68,-50.86,-51.91,-52.44,-52.6,-52.66,-52.56,-52.35,-52.19,-52.16,-51.91,-51.85,-51.51,-51.07,-50.54,-50.2,-49.89,-49.55,-49.18,-48.87,-48.52,-47.96,-47.65,-47.09,-46.66,-46.01,-45.79,-45.14,-44.7,-44.23,-43.8,-43.21,-42.62,-42.31,-41.5,-40.5,-39.23,-29.47,-1.83,13.9,7.65,-9.76,-27.04,-39.14,-45.79,-49.36,-51.38,-52.44,-52.78,-52.88,-52.6,-52.56,-52.13,-51.76,-51.38,-51.14,-50.67,-50.51,-50.05,-49.64,-49.43,-48.96,-48.62,-48.34,-47.93,-47.62,-47.06,-46.5,-45.97,-45.42,-44.98,-44.64,-44.14,-43.61,-43.3,-42.77,-42.49,-41.69,-40.88,-40.07,-38.95,-36.49,-15.67,8.95,11.38,-0.25,-16.51,-30.99,-40.72,-46.44,-49.21,-50.79,-51.63,-52.22,-52.29,-52.04,-52.1,-51.79,-51.66,-51.38,-51.04,-50.73,-50.48,-50.2,-49.83,-49.39,-49.21,-48.74,-48.49,-48.28,-47.78,-47.62,-47.28,-46.88,-46.44,-46.1,-45.79,-45.51,-44.92,-44.61,-44.39,-43.74,-43.49,-42.96,-42.46,-41.87,-41.5,-40.69,-39.76,-38.08,-24.43,0.09,12.12,5.81,-9.95,-25.71,-37.61,-44.7,-48.43,-50.3,-51.2,-52.1,-52.22,-52.38,-52.41,-52.04,-51.88,-51.63,-51.6,-51.32,-50.98,-50.64,-50.14,-49.67,-49.58,-49.15,-48.71,-48.62,-48.15,-47.68,-47.28,-46.78,-46.57,-46.16,-45.94,-45.42,-45.01,-44.73,-44.11,-43.74,-43.33,-42.84,-42.43,-41.65,-41.13,-40.13,-39.29,-37.33,-19.27,5.35,11.84,2.58,-13.96,-28.69,-39.01,-45.38,-48.65,-50.42,-51.54,-52.04,-52.35,-52.25,-52.1,-51.85,-51.69,-51.51,-51.2,-50.61,-50.48,-50.11,-49.92,-49.55,-49.15,-48.93,-48.43,-48.15,-47.72,-47.37,-47.13,-46.78,-46.38,-46.19,-45.57,-45.1,-44.73,-44.33,-43.99,-43.49,-42.96,-42.46,-41.62,-41.16,-40.32,-38.98,-31.55,-6.96,11.78,8.8,-5.32,-21.82,-35.31,-43.39,-47.72,-50.54,-51.57,-52.13,-52.29,-52.44,-52.47,-52.19,-51.91,-51.69,-51.32,-51.1,-50.73,-50.61,-50.08,-49.86,-49.49,-49.15,-48.99,-48.62,-48.34,-47.87,-47.56,-47.28,-46.91,-46.6,-46.22,-45.7,-45.38,-45.01,-44.48,-43.95,-43.46,-43.08,-42.43,-41.81,-41.13,-40.38,-39.91,-39.14,-37.43,-21.11,5.84,14.05,3.36,-13.65,-29.59,-40.41,-46.01,-49.43,-51.38,-52.35,-52.44,-52.6,-52.53,-52.44,-52.25,-51.94,-51.79,-51.32,-51.17,-50.76,-50.45,-50.14,-49.74,-49.55,-49.21,-48.9,-48.46,-48.09,-47.75,-47.44,-47.06,-46.69,-46.19,-45.63,-45.07,-44.67,-44.23,-43.8,-43.43,-42.77,-42.37,-41.78,-41.16,-39.88,-38.92,-37.83,-31.43,-7.49,11.72,9.05,-4.97,-21.08,-33.85,-42.24,-46.85,-49.3,-50.82,-51.32,-51.66,-51.94,-51.85,-51.76,-51.69,-51.35,-51.32,-51.04,-50.89,-50.42,-50.11,-49.77,-49.58,-48.99,-48.65,-48.37,-48.06,-47.62,-47.09,-46.78,-46.32,-45.73,-45.32,-45.07,-44.7,-43.99,-43.52,-43.24,-42.96,-42.28,-41.62,-40.85,-39.91,-38.95,-37.64,-26.11,-1.31,12.53,6.59,-7.77,-22.47,-34.19,-42.18,-46.6,-49.33,-50.92,-51.66,-52.04,-52.29,-52.25,-52.22,-51.85,-51.69,-51.35,-50.95,-50.48,-50.36,-50.11,-49.74,-49.49,-49.02,-48.56,-48.28,-48.0,-47.59,-47.31,-46.78,-46.32,-45.73,-45.23,-44.86,-44.39,-43.77,-43.27,-42.8,-42.21,-41.37,-40.72,-39.94,-38.92,-38.27,-36.03,-16.38,8.24,12.31,0.81,-16.23,-31.4,-41.16,-46.41,-49.21,-50.92,-52.04,-52.53,-52.6,-52.63,-52.41,-52.04,-51.66,-51.29,-50.95,-50.82,-50.45,-50.23,-49.74,-49.3,-49.02,-48.71,-48.28,-48.0,-47.5,-47.09,-46.72,-46.63,-46.04,-45.6,-45.01,-44.51,-44.39,-43.95,-43.49,-42.96,-42.62,-42.03,-41.59,-40.97,-40.04,-39.2,-34.54,-11.53,10.57,11.19,-2.55,-19.74,-33.26,-42.12,-46.85,-49.58,-50.86,-51.63,-52.07,-51.6,-51.6,-51.38,-51.23,-51.14,-50.86,-50.54,-50.26,-49.95,-49.77,-49.43,-48.8,-48.49,-48.12,-47.84,-47.5,-47.16,-46.66,-46.19,-46.01,-45.38,-45.07,-44.58,-44.17,-43.71,-43.18,-42.43,-41.75,-40.97,-40.26,-39.35,-37.46,-20.24,3.51,11.22,3.67,-10.72,-25.55,-36.56,-43.49,-47.56,-49.46,-50.73,-51.51,-52.01,-51.91,-51.45,-51.38,-50.92,-50.67,-50.39,-50.26,-50.05,-49.55,-49.24,-48.8,-48.56,-48.37,-48.09,-47.75,-47.4,-46.78,-46.41,-46.01,-45.48,-45.1,-44.76,-44.08,-43.77,-43.27,-42.87,-42.46,-41.96,-41.25,-40.32,-39.35,-37.77,-24.81,-0.03,11.84,6.25,-8.7,-23.69,-35.65,-42.71,-46.85,-49.33,-50.64,-51.2,-51.6,-51.6,-51.69,-51.69,-51.63,-51.17,-50.98,-50.7,-50.61,-50.23,-49.98,-49.71,-49.39,-49.15,-48.8,-48.31,-48.03,-47.62,-47.47,-46.88,-46.57,-46.29,-45.88,-45.45,-45.1,-44.51,-43.99,-43.77,-43.3,-43.02,-42.52,-41.72,-41.37,-40.35,-38.83,-30.06,-6.71,10.69,7.96,-4.23,-18.99,-31.77,-40.54,-45.76,-48.37,-50.14,-50.89,-51.26,-51.45,-51.26,-51.17,-50.95,-50.89,-50.7,-50.48,-50.33,-49.98,-49.58,-49.33,-48.93,-48.74,-48.49,-48.24,-47.93,-47.75,-47.47,-47.19,-46.69,-46.32,-45.91,-45.42,-44.92,-44.27,-43.8,-43.24,-42.65,-42.03,-41.37,-40.88,-39.79,-38.51,-30.84,-7.52,10.23,9.2,-3.2,-18.53,-31.99,-40.5,-45.85,-48.46,-49.83,-50.82,-51.01,-51.26,-51.29,-51.23,-51.23,-50.95,-50.86,-50.48,-50.3,-49.98,-49.77,-49.64,-49.21,-48.74,-48.68,-48.21,-47.93,-47.68,-47.34,-46.91,-46.57,-46.25,-45.73,-45.32,-44.79,-44.3,-43.86,-43.3,-42.8,-42.31,-41.87,-41.41,-40.91,-40.32,-39.45,-37.8,-23.87,-0.06,11.47,4.85,-9.79,-24.25,-35.13,-42.03,-46.16,-48.49,-49.74,-50.36,-50.73,-50.89,-50.79,-50.7,-50.58,-50.33,-49.86,-49.67,-49.46,-49.3,-48.83,-48.49,-48.06,-47.75,-47.62,-47.28,-47.0,-46.5,-46.16,-45.85,-45.63,-45.23,-44.64,-44.45,-43.95,-43.49,-42.96,-42.62,-42.28,-41.93,-41.53,-41.25,-40.44,-39.48,-38.42,-36.53,-20.52,1.59,10.1,3.92,-8.36,-22.23,-33.07,-40.66,-45.07,-47.56,-48.93,-50.05,-50.48,-50.89,-50.89,-50.76,-50.67,-50.36,-49.98,-49.61,-49.15,-48.93,-48.37,-48.28,-48.09,-47.62,-47.25,-47.0,-46.81,-46.5,-46.1,-45.85,-45.48,-45.17,-44.89,-44.33,-44.17,-43.67,-43.21,-42.9,-42.71,-42.03,-41.72,-40.94,-40.41,-39.7,-38.95,-38.14,-35.34,-16.66,4.07,9.7,1.71,-11.75,-25.37,-35.87,-42.15,-46.41,-48.68,-50.11,-50.89,-51.01,-51.07,-51.14,-51.14,-50.92,-50.48,-50.17,-50.08,-49.55,-49.36,-49.02,-48.8,-48.37,-48.0,-47.68,-47.22,-46.88,-46.44,-46.16,-45.63,-45.29,-44.79,-44.27,-44.02,-43.33,-42.8,-42.34,-41.53,-40.78,-39.7,-38.2,-27.04,-5.78,9.33,7.83,-3.98,-17.91,-30.65,-39.32,-44.42,-47.53,-48.99,-50.2,-50.54,-50.89,-50.98,-51.07,-50.67,-50.42,-50.2,-49.71,-49.46,-49.21,-48.83,-48.65,-48.24,-48.09,-47.62,-47.28,-47.0,-46.69,-46.07,-45.76,-45.32,-44.89,-44.58,-44.27,-43.74,-43.39,-42.87,-42.65,-42.18,-41.62,-41.03,-40.38,-39.91,-38.98,-37.99,-37.08,-35.59,-23.59,-3.23,8.98,6.31,-4.63,-19.12,-31.49,-39.82,-44.64,-47.68,-49.49,-50.64,-51.26,-51.41,-51.2,-51.1,-50.95,-50.89,-50.58,-50.36,-50.11,-49.86,-49.43,-49.33,-48.9,-48.56,-48.31,-47.93,-47.68,-47.4,-46.88,-46.66,-46.35,-45.94,-45.63,-45.32,-44.92,-44.45,-43.77,-43.52,-43.27,-42.68,-42.06,-41.81,-41.34,-40.63,-39.7,-38.2,-33.26,-12.4,7.06,10.13,1.37,-13.55,-27.79,-37.77,-43.77,-47.22,-49.21,-50.23,-50.82,-50.95,-50.86,-51.01,-50.82,-50.61,-50.23,-49.89,-49.36,-49.36,-48.99,-48.71,-48.43,-48.12,-47.65,-47.28,-47.06,-46.5,-46.25,-45.82,-45.66,-45.14,-44.61,-44.11,-43.67,-43.33,-42.77,-42.37,-41.65,-41.16,-40.63,-40.01,-39.29,-38.27,-33.85,-13.09,7.21,9.39,-1.15,-15.26,-28.41,-37.49,-43.21,-46.53,-48.49,-49.67,-50.11,-50.54,-50.79,-50.82,-50.73,-50.54,-50.58,-50.11,-49.95,-49.77,-49.46,-49.15,-48.9,-48.49,-48.24,-47.93,-47.62,-47.37,-47.22,-46.88,-46.32,-45.91,-45.63,-45.32,-44.67,-44.33,-43.74,-43.58,-43.18,-42.62,-42.15,-41.62,-40.81,-40.26,-39.51,-38.95,-37.68,-30.34,-9.01,8.33,8.61,-2.11,-16.63,-29.69,-38.89,-44.33,-47.37,-49.27,-50.64,-51.14,-51.38,-51.45,-51.38,-51.07,-50.86,-50.79,-50.42,-50.2,-49.92,-49.61,-49.27,-48.99,-48.65,-48.28,-48.0,-47.65,-47.28,-46.97,-46.63,-46.38,-46.01,-45.6,-45.2,-44.73,-44.2,-43.74,-43.21,-42.77,-42.37,-41.93,-41.44,-40.88,-40.19,-39.76,-38.79,-35.97,-16.79,4.85,11.16,2.67,-13.06,-27.45,-37.89,-43.74,-47.19,-48.99,-50.14,-50.64,-50.76,-50.82,-50.61,-50.76,-50.42,-49.95,-49.64,-49.27,-49.05,-48.77,-48.62,-48.24,-47.93,-47.59,-47.25,-46.88,-46.5,-46.38,-45.94,-45.51,-44.98,-44.64,-44.27,-44.08,-43.74,-43.58,-43.08,-42.4,-42.0,-41.59,-40.78,-40.16,-39.32,-38.45,-36.77,-23.75,-3.26,8.46,5.78,-5.47,-18.53,-30.28,-38.67,-43.46,-46.38,-47.84,-48.83,-49.43,-49.55,-49.8,-49.8,-49.74,-49.64,-49.43,-49.3,-48.87,-48.65,-48.49,-48.18,-47.9,-47.56,-47.09,-46.72,-46.63,-46.16,-45.91,-45.48,-45.23,-44.76,-44.48,-44.23,-43.86,-43.55,-43.08,-42.8,-42.49,-42.0,-41.69,-41.28,-40.6,-40.19,-39.73,-38.89,-37.92,-36.49,-30.28,-10.66,5.19,6.47,-1.59,-14.08,-25.89,-34.97,-40.72,-44.42,-46.72,-47.96,-48.99,-49.61,-49.95,-49.98,-49.95,-49.92,-49.86,-49.61,-49.24,-48.99,-48.71,-48.49,-48.24,-47.96,-47.62,-47.34,-47.06,-46.69,-46.38,-46.1,-45.73,-45.51,-45.14,-44.82,-44.55,-44.2,-43.61,-43.52,-42.87,-42.24,-41.62,-41.13,-40.6,-40.26,-39.6,-39.04,-38.64,-37.86,-36.8,-34.69,-18.31,1.21,8.52,3.54,-7.96,-21.23,-32.58,-39.73,-44.11,-46.85,-48.68,-49.67,-50.11,-50.3,-50.36,-50.26,-49.95,-49.77,-49.58,-49.33,-48.96,-48.77,-48.62,-48.15,-48.0,-47.53,-47.16,-46.72,-46.32,-46.07,-45.82,-45.26,-45.01,-44.51,-44.33,-43.77,-43.46,-42.87,-42.28,-42.06,-41.53,-40.97,-40.26,-39.54,-38.83,-37.92,-36.93,-35.19,-19.99,0.31,8.27,3.98,-7.68,-20.86,-31.33,-38.73,-43.05,-46.29,-48.0,-48.77,-49.71,-50.11,-49.98,-49.92,-49.86,-49.8,-49.46,-49.49,-49.11,-48.87,-48.59,-48.37,-48.06,-47.81,-47.59,-47.31,-46.91,-46.57,-46.32,-45.82,-45.42,-45.29,-44.73,-44.45,-43.83,-43.64,-43.08,-42.52,-42.03,-41.72,-41.16,-40.69,-40.41,-39.54,-39.11,-38.64,-37.74,-36.28,-27.6,-7.37,6.5,6.99,-2.08,-14.89,-26.61,-35.06,-41.06,-44.3,-46.29,-47.62,-48.56,-48.99,-49.33,-49.24,-49.39,-49.36,-49.21,-49.05,-48.99,-48.49,-48.15,-47.96,-47.62,-47.28,-46.75,-46.5,-46.01,-45.82,-45.6,-45.2,-45.04,-44.48,-44.11,-43.86,-43.43,-43.02,-42.65,-42.24,-41.72,-41.28,-40.69,-40.22,-39.48,-38.86,-37.99,-36.9,-34.07,-16.01,2.67,8.49,2.49,-10.13,-23.31,-33.39,-40.1,-44.11,-46.38,-47.9,-48.93,-49.55,-49.95,-49.74,-49.58,-49.55,-49.39,-49.24,-49.18,-48.99,-48.74,-48.28,-48.28,-48.0,-47.59,-47.4,-47.19,-46.88,-46.53,-45.94,-45.82,-45.48,-45.26,-44.92,-44.36,-44.02,-43.55,-42.96,-42.59,-42.03,-41.56,-41.34,-40.72,-40.01,-39.04,-36.87,-19.93,0.34,7.74,3.85,-6.12,-17.91,-28.85,-37.18,-42.34,-45.2,-47.22,-48.21,-48.71,-48.96,-48.96,-49.11,-48.96,-48.99,-48.87,-48.74,-48.43,-48.15,-48.0,-47.59,-47.4,-47.22,-46.88,-46.44,-46.07,-45.85,-45.57,-45.29,-44.79,-44.45,-44.02,-43.71,-43.43,-43.15,-42.8,-42.37,-41.87,-41.5,-41.0,-40.32,-39.7,-38.98,-38.27,-36.99,-34.16,-16.13,2.67,8.05,1.49,-10.04,-22.91,-33.51,-40.04,-43.99,-46.35,-47.75,-48.49,-48.99,-49.21,-49.08,-48.96,-48.93,-48.77,-48.4,-48.24,-47.84,-47.62,-47.22,-46.97,-46.6,-46.25,-45.94,-45.76,-45.38,-45.01,-44.86,-44.67,-44.39,-43.92,-43.58,-43.02,-42.77,-42.49,-42.03,-41.62,-41.22,-40.35,-39.76,-39.2,-38.98,-38.45,-37.77,-36.77,-35.25,-25.21,-5.6,6.4,5.07,-3.89,-16.16,-27.67,-36.0,-41.19,-44.33,-46.38,-47.28,-47.96,-48.49,-48.77,-48.9,-49.02,-48.96,-48.9,-48.77,-48.77,-48.46,-48.31,-47.9,-47.87,-47.44,-47.28,-46.91,-46.72,-46.19,-46.13,-45.63,-45.23,-44.89,-44.39,-43.99,-43.55,-43.24,-42.68,-42.34,-41.69,-41.25,-40.57,-39.94,-39.51,-38.76,-37.46,-35.78,-23.94,-4.32,8.14,6.28,-4.35,-17.53,-29.0,-37.24,-42.52,-45.85,-47.59,-48.68,-49.33,-49.67,-49.8,-49.86,-49.89,-49.77,-49.55,-49.27,-49.05,-48.8,-48.46,-48.28,-47.9,-47.68,-47.25,-46.94,-46.57,-46.32,-45.88,-45.51,-45.23,-44.82,-44.45,-43.86,-43.52,-43.21,-42.68,-42.24,-41.47,-40.85,-40.5,-39.98,-39.17,-37.77,-35.69,-22.01,-1.9,8.39,5.04,-5.91,-18.99,-30.28,-38.36,-43.36,-46.57,-48.31,-49.39,-50.05,-50.26,-50.26,-50.36,-50.14,-49.89,-49.64,-49.24,-48.9,-48.62,-48.34,-48.06,-47.78,-47.34,-47.22,-46.75,-46.44,-46.04,-45.79,-45.51,-45.2,-44.92,-44.58,-44.2,-43.92,-43.36,-42.96,-42.56,-41.84,-41.13,-40.44,-39.91,-39.32,-38.61,-37.55,-36.43,-34.97,-20.83,-1.03,8.42,5.22,-5.97,-19.27,-30.68,-38.7,-43.67,-46.69,-48.34,-49.21,-49.64,-49.89,-49.98,-50.02,-49.83,-49.74,-49.61,-49.43,-49.15,-48.96,-48.71,-48.49,-48.28,-48.03,-47.72,-47.4,-46.97,-46.72,-46.22,-45.82,-45.42,-45.1,-44.76,-44.27,-43.92,-43.46,-43.08,-42.74,-42.06,-41.56,-40.81,-40.22,-39.48,-39.14,-37.99,-37.05,-30.68,-10.04,6.59,8.3,-0.62,-13.34,-26.36,-35.87,-41.87,-45.42,-47.44,-48.65,-49.24,-49.77,-49.98,-50.08,-49.95,-49.77,-49.61,-49.3,-49.08,-48.96,-48.87,-48.49,-48.28,-47.93,-47.59,-47.28,-46.91,-46.5,-46.29,-45.91,-45.63,-45.26,-44.95,-44.7,-44.17,-43.58,-43.43,-42.93,-42.65,-42.34,-41.93,-41.19,-40.5,-39.85,-39.42,-38.61,-37.61,-36.68,-34.97,-22.32,-1.37,9.17,5.13,-6.56,-19.83,-31.18,-38.98,-43.74,-46.6,-48.37,-49.39,-49.98,-50.2,-50.17,-50.33,-50.11,-49.92,-49.71,-49.43,-49.05,-48.87,-48.46,-48.21,-47.96,-47.75,-47.31,-46.97,-46.94,-46.66,-46.19,-45.88,-45.6,-45.29,-44.98,-44.39,-44.3,-43.89,-43.77,-43.18,-42.93,-42.37,-42.09,-41.56,-41.22,-40.91,-40.1,-39.85,-38.92,-37.71,-35.0,-17.41,2.3,9.05,3.17,-9.98,-23.03,-33.29,-39.94,-44.2,-46.85,-48.34,-49.08,-49.49,-49.8,-49.89,-49.8,-49.52,-49.21,-49.02,-48.8,-48.34,-48.24,-47.96,-47.87,-47.5,-47.25,-47.06,-46.63,-46.22,-46.07,-45.88,-45.6,-45.14,-44.82,-44.58,-44.05,-43.74,-43.18,-42.71,-42.28,-41.37,-40.85,-40.41,-39.91,-39.2,-38.17,-35.97,-20.7,-1.34,8.46,5.35,-6.22,-19.89,-31.21,-38.73,-43.52,-46.69,-48.24,-49.11,-49.67,-49.86,-50.02,-50.08,-49.83,-49.74,-49.55,-49.24,-48.96,-48.68,-48.56,-48.37,-48.12,-47.78,-47.5,-47.06,-46.91,-46.53,-46.38,-46.01,-45.63,-45.26,-44.86,-44.42,-44.05,-43.71,-43.27,-42.87,-42.15,-41.59,-41.13,-40.32,-39.6,-38.42,-36.74,-25.43,-5.0,7.74,6.28,-4.17,-17.41,-28.78,-37.3,-42.59,-46.04,-47.96,-48.87,-49.58,-49.98,-50.08,-50.02,-49.95,-49.95,-49.74,-49.49,-49.15,-48.99,-48.68,-48.4,-47.96,-47.62,-47.19,-46.72,-46.41,-45.88,-45.38,-45.17,-44.79,-44.36,-43.77,-43.43,-42.99,-42.46,-41.65,-41.19,-40.69,-40.41,-39.57,-39.04,-37.86,-36.84,-30.9,-11.16,4.97,7.52,0.56,-10.29,-22.75,-32.86,-39.45,-43.61,-46.01,-47.53,-48.34,-48.46,-48.9,-49.24,-49.21,-49.11,-48.96,-49.08,-48.74,-48.52,-48.31,-48.03,-47.72,-47.37,-47.22,-46.78,-46.35,-46.07,-45.76,-45.26,-44.95,-44.67,-44.39,-43.95,-43.55,-42.9,-42.74,-42.15,-41.78,-41.25,-40.69,-39.85,-39.45,-38.73,-37.89,-35.9,-21.79,-2.77,7.49,5.35,-4.41,-16.44,-27.54,-36.0,-41.34,-44.48,-46.69,-48.09,-48.68,-49.08,-49.27,-49.21,-49.18,-48.99,-48.8,-48.49,-48.31,-48.03,-47.96,-47.68,-47.47,-47.28,-47.13,-46.78,-46.44,-46.16,-45.79,-45.48,-45.14,-44.82,-44.3,-43.89,-43.49,-43.27,-42.87,-42.24,-41.84,-41.44,-40.85,-40.5,-39.79,-39.07,-38.14,-35.59,-19.52,-1.55,7.34,4.69,-5.22,-18.06,-29.53,-37.64,-42.62,-45.91,-48.0,-48.96,-49.55,-49.86,-50.26,-50.2,-50.14,-49.92,-49.83,-49.71,-49.49,-49.11,-48.8,-48.49,-48.34,-48.03,-47.72,-47.5,-47.09,-46.91,-46.47,-45.97,-45.82,-45.38,-45.07,-44.48,-44.2,-43.74,-43.15,-43.12,-42.49,-42.18,-41.93,-41.53,-41.13,-40.6,-40.16,-39.66,-39.26,-38.48,-37.8,-36.71,-35.19,-25.8,-5.47,8.3,7.77,-2.52,-15.79,-28.1,-37.49,-42.77,-46.13,-47.93,-49.15,-49.49,-49.67,-49.92,-50.02,-49.71,-49.39,-49.11,-48.93,-48.87,-48.4,-48.09,-47.62,-47.59,-47.16,-46.72,-46.47,-46.1,-45.66,-45.26,-45.04,-44.61,-44.14,-43.95,-43.74,-43.58,-43.15,-42.8,-42.18,-42.0,-41.41,-40.85,-40.47,-39.85,-39.35,-38.55,-37.4,-36.28,-28.82,-9.01,6.31,6.81,-1.83,-14.49,-26.48,-35.22,-40.85,-44.39,-46.5,-47.87,-48.62,-48.96,-48.99,-49.11,-48.99,-49.05,-48.83,-48.59,-48.49,-48.06,-47.78,-47.34,-47.16,-46.72,-46.41,-46.1,-45.97,-45.6,-45.38,-45.26,-44.82,-44.39,-44.3,-43.67,-43.18,-42.9,-42.46,-42.09,-41.81,-41.44,-40.81,-40.35,-39.63,-39.11,-38.05,-36.49,-28.01,-10.16,4.35,6.81,-0.06,-11.0,-22.04,-31.77,-38.39,-42.68,-45.01,-46.63,-47.9,-48.65,-49.11,-49.15,-49.21,-49.18,-49.08,-48.87,-48.62,-48.4,-48.24,-47.96,-47.47,-47.19,-46.72,-46.47,-46.19,-45.85,-45.48,-45.17,-44.76,-44.39,-43.89,-43.55,-43.27,-42.9,-42.21,-41.72,-41.13,-40.16,-39.48,-38.89,-37.99,-37.05,-32.45,-14.21,2.74,8.05,1.9,-8.86,-21.45,-31.74,-39.07,-43.36,-45.97,-47.4,-48.24,-48.87,-49.05,-49.3,-49.36,-49.18,-48.87,-48.65,-48.4,-48.09,-47.75,-47.4,-47.16,-46.69,-46.41,-46.19,-45.85,-45.57,-45.2,-44.76,-44.36,-44.17,-43.86,-43.61,-43.08,-42.74,-42.52,-42.03,-41.59,-41.25,-40.81,-40.35,-39.73,-39.14,-38.3,-37.33,-36.65,-29.81,-11.5,4.13,7.68,1.18,-10.04,-22.38,-32.36,-39.35,-43.39,-45.88,-47.25,-48.24,-48.71,-49.21,-49.43,-49.55,-49.55,-49.58,-49.43,-49.21,-48.9,-48.71,-48.0,-47.68,-47.5,-47.19,-47.09,-46.53,-46.44,-45.88,-45.51,-45.17,-44.82,-44.61,-44.17,-43.95,-43.64,-43.27,-42.68,-42.37,-41.44,-40.72,-40.01,-39.26,-37.92,-34.72,-17.38,0.78,7.03,2.05,-7.83,-19.52,-30.25,-37.21,-41.9,-44.89,-46.81,-47.93,-48.8,-48.93,-49.11,-49.11,-49.08,-48.9,-48.8,-48.59,-48.37,-48.06,-47.9,-47.56,-47.03,-46.85,-46.69,-46.5,-46.41,-46.22,-45.73,-45.29,-45.07,-44.58,-44.33,-43.89,-43.52,-43.15,-42.8,-42.62,-42.24,-41.72,-41.16,-40.66,-40.04,-39.35,-38.83,-38.02,-35.28,-19.77,-1.09,7.68,4.13,-6.06,-18.56,-29.38,-37.33,-42.24,-45.29,-47.28,-48.4,-48.77,-49.21,-49.36,-49.21,-49.11,-48.9,-48.71,-48.65,-48.4,-48.0,-47.87,-47.37,-47.19,-46.72,-46.5,-46.22,-45.85,-45.38,-45.17,-44.86,-44.58,-44.02,-43.71,-43.46,-42.96,-42.8,-42.12,-41.87,-40.94,-40.5,-40.16,-39.79,-39.04,-38.67,-37.95,-36.77,-35.5,-29.87,-11.16,3.85,7.15,0.06,-11.84,-23.81,-33.11,-39.38,-43.15,-45.38,-46.63,-47.59,-48.06,-48.4,-48.71,-48.71,-48.93,-48.77,-48.74,-48.56,-48.24,-47.93,-47.65,-47.4,-46.94,-46.72,-46.22,-45.94,-45.66,-45.23,-44.98,-44.64,-44.33,-43.86,-43.39,-43.3,-42.84,-42.59,-42.03,-41.31,-40.72,-40.07,-39.63,-39.07,-38.42,-37.36,-35.81,-25.74,-7.9,5.53,6.25,-1.15,-12.15,-23.47,-32.83,-38.92,-42.84,-44.98,-46.63,-47.4,-48.09,-48.4,-48.68,-48.65,-48.31,-48.15,-47.9,-47.75,-47.47,-47.16,-46.75,-46.63,-46.38,-46.07,-45.85,-45.66,-45.17,-45.1,-44.61,-44.2,-43.77,-43.27,-42.87,-42.43,-41.78,-41.37,-40.85,-40.29,-40.04,-39.48,-38.92,-38.39,-37.46,-36.49,-34.94,-21.36,-4.48,6.47,4.91,-4.48,-16.57,-27.63,-35.72,-41.13,-44.48,-46.44,-47.53,-48.21,-48.62,-48.87,-49.05,-49.05,-49.08,-48.87,-48.77,-48.37,-48.18,-48.03,-47.68,-47.37,-47.16,-46.94,-46.63,-46.19,-45.85,-45.54,-45.26,-44.95,-44.64,-43.99,-43.58,-43.05,-42.49,-41.81,-41.47,-40.94,-40.13,-39.79,-39.07,-38.61,-37.74,-36.93,-35.13,-23.75,-4.97,6.84,5.6,-3.14,-15.11,-26.95,-36.0,-41.5,-44.79,-46.81,-47.9,-48.65,-49.05,-49.24,-49.3,-49.46,-49.18,-49.08,-48.71,-48.4,-48.21,-47.96,-47.65,-47.31,-47.0,-46.6,-46.22,-45.91,-45.51,-45.26,-44.79,-44.55,-44.36,-43.77,-43.61,-43.12,-42.74,-42.18,-41.78,-41.22,-40.75,-40.29,-39.48,-38.64,-37.55,-36.53,-29.5,-10.88,4.26,6.59,0.03,-10.97,-22.69,-32.36,-39.07,-43.33,-45.91,-47.59,-48.34,-48.8,-49.11,-49.18,-49.3,-49.05,-49.02,-48.68,-48.65,-48.31,-48.06,-47.93,-47.9,-47.59,-47.13,-46.81,-46.63,-46.38,-45.88,-45.42,-45.23,-44.82,-44.48,-44.2,-43.83,-43.49,-43.21,-42.71,-42.65,-41.81,-41.34,-40.54,-40.04,-39.26,-37.99,-32.08,-13.86,2.42,7.12,1.9,-9.79,-21.48,-31.3,-38.33,-42.96,-45.42,-47.22,-48.18,-48.74,-49.33,-49.46,-49.39,-49.24,-49.11,-48.99,-48.74,-48.4,-47.87,-47.62,-47.31,-46.91,-46.57,-46.35,-46.07,-45.79,-45.48,-44.95,-44.45,-44.23,-43.77,-43.33,-43.12,-42.74,-42.49,-42.09,-41.81,-41.16,-40.47,-39.94,-39.26,-38.14,-37.3,-35.16,-21.08,-2.39,7.37,5.1,-4.63,-16.79,-28.29,-36.53,-41.84,-45.2,-47.16,-48.28,-48.74,-48.87,-49.15,-49.27,-49.27,-49.24,-49.15,-48.93,-48.49,-48.28,-48.0,-47.62,-47.37,-46.94,-46.6,-46.41,-46.1,-45.82,-45.32,-45.04,-44.7,-44.39,-43.83,-43.52,-42.99,-42.49,-42.03,-41.65,-41.37,-41.09,-40.6,-39.85,-39.17,-38.39,-36.53,-26.55,-8.52,5.88,6.81,-1.55,-13.96,-25.8,-34.82,-40.6,-43.92,-46.16,-47.5,-48.21,-48.74,-48.93,-48.99,-48.93,-49.05,-48.83,-48.83,-48.8,-48.49,-48.15,-48.06,-47.81,-47.37,-47.03,-46.91,-46.47,-46.19,-46.04,-45.66,-45.14,-44.86,-44.23,-43.64,-43.21,-42.8,-42.18,-41.44,-40.85,-40.41,-39.66,-38.95,-38.3,-36.12,-23.28,-5.04,6.43,6.22,-1.96,-13.96,-25.09,-33.85,-39.7,-43.64,-45.88,-47.53,-48.28,-48.74,-48.99,-48.9,-48.93,-48.83,-48.43,-48.34,-48.24,-48.03,-47.78,-47.47,-47.31,-46.94,-46.63,-46.35,-46.07,-45.73,-45.26,-45.17,-44.76,-44.36,-44.2,-43.64,-43.46,-42.93,-42.74,-42.18,-41.84,-41.34,-40.94,-40.72,-40.32,-39.85,-39.32,-38.64,-37.68,-36.8,-35.13,-22.66,-4.66,6.15,5.0,-3.48,-14.61,-25.33,-34.41,-40.44,-44.17,-46.6,-48.06,-48.9,-49.24,-49.46,-49.39,-49.24,-49.18,-48.96,-48.77,-48.56,-48.43,-48.18,-47.68,-47.68,-47.4,-46.97,-46.72,-46.38,-46.01,-45.76,-45.14,-44.89,-44.42,-44.2,-43.83,-43.18,-42.87,-42.28,-41.53,-41.22,-40.69,-39.79,-38.79,-37.86,-36.68,-32.45,-13.9,3.23,7.52,1.96,-9.11,-21.04,-31.15,-37.95,-42.0,-44.67,-46.32,-47.47,-48.0,-48.65,-48.77,-48.96,-49.02,-48.96,-48.83,-48.49,-48.06,-48.0,-47.75,-47.47,-47.22,-46.91,-46.6,-46.32,-45.82,-45.63,-45.38,-44.86,-44.82,-44.39,-44.08,-43.77,-43.61,-43.12,-42.84,-42.56,-42.15,-41.59,-41.16,-40.54,-39.82,-39.26,-37.99,-36.56,-33.76,-16.91,0.16,6.56,2.42,-7.55,-18.65,-29.31,-36.9,-41.53,-43.99,-45.91,-46.88,-47.56,-48.12,-48.31,-48.49,-48.59,-48.37,-48.37,-48.12,-48.0,-47.59,-47.65,-47.28,-47.09,-46.69,-46.5,-46.16,-45.88,-45.6,-45.29,-45.17,-44.86,-44.51,-43.99,-43.77,-43.36,-43.12,-42.74,-42.49,-41.96,-41.5,-41.22,-40.54,-40.13,-39.7,-39.23,-38.67,-38.2,-37.24,-36.31,-34.6,-23.75,-5.53,5.88,5.44,-3.42,-14.14,-25.21,-33.7,-39.45,-43.02,-45.42,-46.88,-47.81,-48.21,-48.77,-48.77,-48.77,-48.8,-48.87,-48.65,-48.68,-48.31,-48.18,-47.84,-47.34,-46.81,-46.66,-46.25,-46.01,-45.88,-45.54,-44.95,-44.58,-44.27,-43.92,-43.77,-43.12,-42.74,-42.43,-42.03,-41.53,-40.78,-40.22,-39.73,-39.11,-38.64,-38.05,-37.05,-36.03,-30.96,-12.87,3.42,6.78,1.06,-10.1,-21.45,-31.09,-38.02,-42.34,-45.01,-46.53,-47.37,-47.87,-48.21,-48.31,-48.21,-48.34,-48.09,-48.06,-47.68,-47.44,-47.31,-47.09,-46.91,-46.6,-46.47,-46.22,-45.79,-45.51,-45.23,-44.98,-44.55,-44.45,-44.2,-43.64,-43.27,-42.87,-42.34,-41.93,-41.5,-41.16,-40.44,-40.32,-39.51,-38.79,-38.17,-37.24,-34.85,-20.95,-3.57,6.25,4.88,-3.57,-15.26,-25.99,-34.38,-39.88,-43.21,-45.66,-46.91,-47.78,-48.18,-48.18,-48.52,-48.43,-48.4,-48.34,-48.0,-47.96,-47.78,-47.37,-47.13,-46.91,-46.69,-46.19,-45.79,-45.38,-44.95,-44.51,-44.27,-43.99,-43.64,-43.43,-42.8,-42.21,-41.93,-41.69,-41.41,-40.97,-40.35,-39.38,-38.83,-37.95,-37.05,-35.37,-26.17,-8.05,4.76,5.88,-0.56,-10.57,-22.41,-31.96,-38.7,-42.68,-45.23,-46.97,-47.93,-48.56,-48.87,-49.08,-48.8,-48.87,-48.71,-48.43,-48.21,-47.87,-47.81,-47.44,-47.19,-46.85,-46.57,-46.35,-45.85,-45.6,-45.2,-44.89,-44.51,-44.14,-43.61,-42.96,-42.52,-42.15,-41.62,-41.06,-40.69,-40.54,-39.91,-39.54,-39.23,-38.36,-37.71,-36.43,-35.28,-31.71,-14.55,1.87,6.37,1.8,-7.9,-19.06,-28.88,-36.03,-40.6,-43.64,-45.48,-46.69,-47.31,-47.75,-47.84,-48.09,-48.09,-48.06,-48.12,-47.84,-47.84,-47.56,-47.22,-46.81,-46.75,-46.25,-45.97,-45.51,-45.14,-44.76,-44.42,-44.11,-43.92,-43.61,-43.27,-42.77,-42.52,-42.28,-41.84,-41.41,-40.88,-40.35,-39.79,-39.51,-39.38,-38.98,-38.55,-37.86,-37.02,-35.78,-28.78,-12.31,1.99,5.32,0.44,-9.51,-19.83,-29.62,-36.43,-40.97,-43.58,-45.45,-46.81,-47.68,-48.03,-48.06,-47.96,-47.93,-47.93,-47.78,-47.5,-47.28,-46.85,-46.44,-46.1,-45.73,-45.42,-45.01,-44.89,-44.58,-44.14,-44.05,-43.86,-43.46,-43.12,-42.87,-42.52,-42.09,-41.62,-41.31,-41.03,-40.75,-40.32,-40.04,-39.6,-38.67,-37.95,-37.02,-35.69,-30.9,-13.96,0.12,4.82,1.93,-7.06,-16.79,-26.98,-34.22,-39.29,-42.34,-44.61,-45.82,-46.5,-47.19,-47.47,-47.72,-47.87,-47.81,-47.59,-47.5,-47.4,-47.31,-47.0,-46.81,-46.5,-46.5,-46.19,-45.85,-45.63,-45.42,-45.04,-44.7,-44.45,-44.08,-43.52,-43.3,-42.71,-42.4,-42.4,-41.81,-41.78,-41.37,-41.03,-40.94,-40.38,-39.94,-39.48,-38.89,-38.3,-37.8,-36.74,-35.44,-30.18,-13.4,1.55,6.03,2.08,-7.24,-17.13,-26.86,-34.57,-39.73,-43.24,-45.26,-46.57,-47.47,-47.72,-47.93,-48.03,-48.06,-47.9,-47.84,-47.78,-47.59,-47.4,-47.25,-46.81,-46.57,-46.35,-45.73,-45.57,-45.23,-44.89,-44.61,-44.17,-43.49,-43.08,-42.8,-42.65,-42.03,-41.69,-41.62,-41.19,-40.6,-40.22,-40.01,-39.35,-38.73,-37.92,-37.15,-36.06,-34.16,-23.72,-7.31,4.17,5.35,-1.15,-12.0,-22.63,-31.4,-37.4,-41.09,-43.55,-45.48,-46.53,-47.25,-47.59,-47.75,-47.78,-47.65,-47.47,-47.34,-47.19,-47.16,-46.72,-46.81,-46.57,-46.22,-46.04,-45.7,-45.48,-45.32,-44.92,-44.67,-44.42,-43.95,-43.61,-43.39,-42.9,-42.52,-42.18,-41.65,-40.94,-40.5,-40.1,-39.79,-39.11,-38.36,-37.64,-37.21,-35.37,-25.33,-8.86,3.73,5.63,-0.03,-10.01,-21.92,-31.64,-38.48,-42.4,-44.89,-46.6,-47.53,-48.21,-48.34,-48.49,-48.59,-48.65,-48.56,-48.18,-47.9,-47.62,-47.5,-47.31,-46.81,-46.63,-46.35,-45.91,-45.57,-45.26,-44.98,-44.67,-44.2,-43.95,-43.64,-43.18,-42.87,-42.37,-42.12,-41.75,-41.37,-41.13,-40.63,-40.26,-39.88,-39.32,-38.89,-38.17,-37.4,-36.28,-34.82,-26.3,-8.05,4.57,5.72,-1.09,-11.16,-22.07,-30.9,-37.18,-41.19,-43.74,-45.54,-46.81,-47.37,-47.84,-48.0,-48.06,-47.87,-47.96,-47.65,-47.34,-47.19,-46.85,-46.57,-46.29,-45.97,-45.57,-45.23,-44.73,-44.2,-44.2,-43.86,-43.49,-43.21,-42.77,-42.46,-41.78,-41.22,-40.72,-40.07,-39.7,-39.07,-38.42,-37.71,-36.8,-35.72,-34.32,-27.08,-9.36,3.2,6.09,0.65,-9.98,-21.08,-30.9,-37.43,-41.84,-44.45,-46.32,-47.34,-48.09,-48.24,-48.46,-48.4,-48.34,-48.24,-48.0,-47.87,-47.78,-47.5,-47.19,-47.13,-46.75,-46.25,-45.91,-45.76,-45.17,-44.73,-44.39,-44.17,-43.74,-43.36,-43.02,-42.68,-42.52,-41.93,-41.62,-41.22,-40.78,-40.35,-39.73,-39.26,-38.64,-38.05,-37.4,-36.49,-34.66,-22.23,-4.97,5.0,4.97,-2.39,-13.46,-24.37,-33.07,-39.14,-42.84,-45.14,-46.47,-47.65,-48.09,-48.43,-48.68,-48.74,-48.74,-48.46,-48.31,-48.18,-48.06,-47.62,-47.28,-46.81,-46.6,-46.22,-45.85,-45.66,-45.2,-44.92,-44.45,-44.2,-43.8,-43.49,-43.02,-42.68,-42.28,-41.69,-41.47,-40.88,-40.29,-39.94,-39.45,-38.76,-37.95,-37.27,-36.0,-28.94,-12.62,0.65,4.32,0.34,-7.65,-17.97,-27.45,-34.29,-39.38,-42.87,-45.01,-46.41,-47.16,-47.72,-48.06,-48.21,-48.37,-48.12,-48.15,-48.18,-47.84,-47.65,-47.4,-47.0,-46.91,-46.35,-46.01,-45.66,-45.51,-45.07,-44.79,-44.33,-43.92,-43.61,-43.24,-42.96,-42.71,-42.62,-42.31,-42.15,-41.72,-41.37,-41.03,-40.81,-40.44,-40.04,-39.14,-38.64,-38.2,-37.71,-36.74,-35.34,-30.68,-13.8,0.47,5.47,0.84,-7.58,-18.03,-27.54,-35.06,-39.98,-42.9,-44.79,-46.07,-46.78,-47.31,-47.84,-48.15,-48.15,-48.28,-48.31,-48.06,-48.0,-47.87,-47.68,-47.44,-47.4,-46.88,-46.41,-46.29,-45.88,-45.57,-45.14,-45.01,-44.7,-44.3,-44.02,-43.64,-43.49,-43.18,-42.62,-42.09,-41.81,-41.41,-41.16,-40.78,-40.41,-39.85,-39.42,-38.98,-38.64,-37.92,-36.96,-34.22,-19.46,-3.79,5.04,3.64,-4.07,-14.55,-24.62,-33.01,-38.51,-42.31,-44.76,-46.22,-47.13,-47.47,-47.68,-47.87,-47.84,-47.9,-48.0,-47.65,-47.47,-47.31,-47.09,-46.91,-46.66,-46.38,-46.22,-45.82,-45.73,-45.42,-45.23,-44.82,-44.64,-44.48,-43.99,-43.89,-43.33,-42.96,-42.52,-42.31,-41.81,-41.37,-40.97,-40.38,-40.13,-39.6,-39.2,-38.67,-38.2,-37.27,-36.21,-34.94,-28.51,-11.78,3.42,5.97,0.47,-8.83,-19.89,-29.41,-36.15,-40.88,-43.61,-45.45,-46.32,-46.78,-47.37,-47.65,-47.59,-47.72,-47.62,-47.72,-47.5,-47.28,-47.34,-47.13,-46.75,-46.41,-46.25,-45.82,-45.48,-45.1,-44.58,-44.2,-43.8,-43.21,-42.84,-42.37,-42.0,-41.84,-41.47,-41.03,-40.69,-40.1,-39.79,-39.26,-38.7,-38.36,-37.33,-36.8,-36.03,-34.88,-30.37,-14.39,0.25,5.56,2.49,-6.71,-17.5,-27.6,-34.91,-39.63,-42.59,-44.58,-45.85,-46.63,-47.03,-47.37,-47.56,-47.62,-47.62,-47.68,-47.5,-47.31,-47.09,-46.97,-46.57,-46.29,-46.04,-45.7,-45.23,-45.1,-44.73,-44.42,-44.27,-44.02,-43.77,-43.43,-43.12,-42.68,-42.21,-42.15,-41.69,-41.31,-40.54,-40.04,-39.48,-38.98,-38.83,-38.36,-38.02,-37.36,-36.49,-35.75,-34.19,-28.32,-12.15,0.81,3.95,0.4,-7.31,-17.1,-26.7,-33.51,-38.3,-41.5,-43.95,-45.42,-46.38,-46.97,-47.53,-47.78,-47.78,-47.68,-47.56,-47.16,-47.09,-46.81,-46.66,-46.57,-46.32,-46.19,-45.88,-45.57,-45.07,-44.86,-44.67,-44.2,-44.08,-43.61,-43.39,-43.12,-42.9,-42.77,-42.43,-41.96,-41.53,-41.13,-40.91,-40.38,-39.76,-39.32,-39.01,-38.45,-37.89,-36.74,-35.31,-26.8,-10.97,1.34,4.32,0.03,-8.3,-18.53,-27.26,-34.22,-38.89,-41.69,-43.58,-44.86,-45.76,-46.29,-46.69,-46.88,-46.97,-47.06,-47.06,-47.09,-46.94,-46.81,-46.6,-46.38,-46.32,-46.07,-45.97,-45.6,-45.38,-45.04,-44.76,-44.45,-44.23,-43.8,-43.55,-42.99,-42.74,-42.34,-42.0,-41.44,-40.85,-40.16,-39.73,-39.04,-38.33,-37.95,-36.71,-35.65,-33.42,-19.15,-3.73,5.04,3.85,-3.95,-13.62,-23.72,-31.64,-37.3,-41.16,-43.36,-45.07,-46.1,-46.69,-46.85,-46.97,-47.09,-47.16,-47.16,-47.03,-46.75,-46.6,-46.35,-46.07,-45.88,-45.63,-45.48,-45.26,-44.92,-44.79,-44.48,-44.02,-43.83,-43.49,-43.36,-42.96,-42.56,-42.24,-42.0,-41.59,-41.28,-40.57,-40.38,-39.88,-39.51,-39.11,-38.45,-38.08,-37.33,-36.15,-34.44,-25.77,-10.32,0.99,3.02,-0.62,-8.86,-18.53,-27.6,-34.66,-39.38,-42.37,-44.36,-45.73,-46.38,-46.72,-46.94,-47.28,-47.31,-47.34,-47.28,-47.16,-46.72,-46.5,-46.16,-46.13,-45.79,-45.48,-45.35,-45.01,-44.76,-44.3,-44.11,-43.92,-43.52,-43.33,-42.93,-42.62,-42.37,-41.81,-41.5,-41.37,-41.06,-40.78,-40.19,-39.98,-39.82,-39.29,-38.83,-38.39,-37.86,-37.15,-36.25,-35.25,-33.32,-22.16,-6.84,3.3,4.01,-1.77,-11.78,-21.51,-30.06,-35.9,-40.16,-42.56,-44.48,-45.42,-46.19,-46.66,-46.91,-47.09,-47.03,-46.81,-46.69,-46.6,-46.47,-46.29,-46.07,-45.88,-45.66,-45.38,-45.01,-44.7,-44.36,-44.14,-43.89,-43.61,-43.12,-42.74,-42.65,-42.15,-42.0,-41.47,-41.0,-40.66,-40.29,-39.94,-39.45,-39.17,-38.36,-38.11,-39.29,-40.26,-41.37,-42.37,-43.52,-44.51,-45.48,-46.22,-47.06,-47.78,-48.49,-49.08,-49.89,-50.33,-50.86,-51.29,-51.85,-52.29,-52.66,-53.19,-53.47,-53.87,-54.18,-54.49,-54.8,-55.21,-55.52,-55.67,-55.86,-56.14,-56.57,-56.61,-56.95,-57.17,-57.35,-57.69,-57.69,-58.07,-58.19,-58.32,-58.44,-58.69,-58.84,-58.84,-59.16,-59.28,-59.47,-59.53,-59.56,-59.71,-59.9,-59.96,-59.99,-60.21,-60.31,-60.34,-60.62,-60.55,-60.62,-60.77,-60.74,-60.86,-61.05,-61.18,-61.21,-61.27,-61.3,-61.42,-61.52,-61.42,-61.52,-61.49,-61.64,-61.67,-61.8,-61.83,-61.83,-61.83,-62.01,-61.98,-62.01,-62.11,-62.23,-62.23,-62.29,-62.2,-62.42,-62.42,-62.64,-62.61,-62.54,-62.73,-62.73,-62.82,-62.82,-62.98,-62.85,-63.01,-63.01,-63.1,-63.01,-63.23,-63.32,-63.17,-63.29,-63.23,-63.29,-63.29,-63.48,-63.32,-63.41,-63.32,-63.48,-63.38,-63.41,-63.48,-63.57,-63.69,-63.69,-63.72,-63.76,-63.72,-63.82,-63.91,-63.82,-63.97,-63.97,-63.97,-63.97,-63.88,-64.13,-64.16,-63.94,-64.07,-64.1,-64.1,-64.16,-64.16,-64.19,-64.13,-64.13,-64.32,-64.25,-64.16,-64.19,-64.28,-64.16,-64.28,-64.35,-64.19,-64.19,-64.28,-64.28,-64.25,-64.16,-64.19,-64.38,-64.38,-64.35,-64.25,-64.32,-64.28,-64.44,-64.41,-64.38,-64.44,-64.32,-64.35,-64.35,-64.44,-64.38,-64.41,-64.5,-64.38,-64.53,-64.44,-64.04,-64.38,-64.41,-64.44,-64.41,-64.47,-64.5,-64.47,-64.5,-64.56,-64.47,-64.47,-64.56,-64.69,-64.59,-64.63,-64.53,-64.59,-64.41,-64.5,-64.72,-64.63,-64.63,-64.66,-64.59,-64.59,-64.59,-64.59,-64.63,-64.63,-64.56,-64.56,-64.56,-64.59,-64.69,-64.59,-64.72,-64.66,-64.72,-64.72,-64.81,-64.75,-64.97,-64.81,-64.91,-64.75,-64.75,-65.0,-64.94,-64.97,-64.87,-64.81,-64.94,-64.91,-65.03,-64.91,-65.03,-64.91,-64.91,-65.12,-65.12,-65.09,-65.06,-65.09,-65.09,-65.0,-65.06,-65.12,-65.06,-65.28,-65.25,-65.31,-65.25,-65.22,-65.34,-65.37,-65.19,-65.34,-65.28,-65.31,-65.31,-65.22,-65.31,-65.28,-65.31,-65.12,-65.25,-65.19,-65.22,-65.12,-65.28,-65.31,-65.34,-65.34,-65.28,-65.28,-65.34,-65.28,-65.37,-65.28,-65.31,-65.34,-65.37,-65.37,-65.37,-65.28,-65.31,-65.37,-65.4,-65.56,-65.47,-65.4,-65.47,-65.4,-65.4,-65.53,-65.5,-65.62,-65.56,-65.53,-65.53,-65.53,-65.4,-65.59,-65.53,-65.4,-65.37,-65.47,-65.56,-65.62,-65.53,-65.47,-65.59,-65.62,-65.56,-65.62,-65.62,-65.56,-65.56,-65.59,-65.59,-65.62,-65.68,-65.59,-65.75,-65.78,-65.71,-65.81,-65.71,-65.81,-65.75,-65.81,-65.71,-65.71,-65.87,-65.81,-65.71,-65.81,-65.87,-65.75,-65.78,-65.81,-65.87,-65.81,-65.81,-65.84,-65.84,-65.78,-65.68,-65.71,-65.71,-65.81,-65.71,-65.9,-65.93,-65.84,-65.93,-65.9,-65.84,-65.99,-65.9,-65.87,-65.9,-65.99,-65.96,-65.87,-65.99,-65.84,-65.84,-65.87,-65.9,-65.9,-66.06,-65.9,-66.18,-65.96,-66.12,-65.9,-66.02,-65.93,-66.02,-66.12,-66.02,-66.06,-66.12,-66.12,-66.12,-66.06,-66.37,-66.18,-66.15,-66.21,-66.21,-66.34,-66.37,-66.18,-66.3,-66.3,-66.4,-66.27,-66.4,-66.43,-66.4,-66.55,-66.49,-66.49,-66.52,-66.49,-66.46,-66.55,-66.58,-66.55,-66.71,-66.65,-66.52,-66.55,-66.62,-66.71,-66.71,-66.8,-66.74,-66.77,-66.77,-66.77,-66.83,-66.74,-66.8,-66.99,-66.96,-66.86,-67.05,-67.05,-66.9,-67.02,-66.96,-66.99,-66.99,-67.14,-67.02,-67.05,-67.05,-67.14,-66.9,-66.99,-67.02,-66.96,-67.05,-66.93,-66.96,-66.99,-67.11,-66.9,-66.99,-66.83,-67.02,-67.11,-67.05,-66.99,-67.14,-67.02,-66.86,-67.08,-67.11,-67.14,-67.02,-67.08,-67.08,-67.08,-67.05,-67.14,-67.08,-67.11,-67.11,-67.39,-67.14,-67.27,-67.21,-67.21,-67.21,-67.24,-67.27,-67.24,-67.27,-67.45,-67.33,-67.45,-67.33,-67.36,-67.39,-67.33,-67.52,-67.45,-67.58,-67.45,-67.58,-67.55,-67.45,-67.49,-67.61,-67.61,-67.52,-67.58,-67.64,-67.61,-67.49,-67.8,-67.55,-67.67,-67.55,-67.64,-67.58,-67.73,-67.7,-67.67,-67.77,-67.83,-67.86,-67.95,-67.86,-67.95,-67.89,-67.86,-67.98,-67.89,-67.92,-68.05,-68.08,-68.08,-68.01,-67.89,-68.08,-68.05,-68.08,-68.08,-68.14,-68.08,-68.08,-68.17,-68.14,-68.17,-68.17,-68.2,-68.11,-68.17,-68.26,-68.11,-68.14,-68.17,-68.14,-68.05,-68.05,-68.14,-68.2,-68.08,-68.11,-68.14,-68.14,-68.23,-68.2,-68.33,-68.14,-68.26,-68.23,-68.26,-68.23,-68.33,-68.29,-68.39,-68.48,-68.54,-68.57,-68.45,-68.57,-68.57,-68.51,-68.64,-68.6,-68.51,-68.57,-68.64,-68.6,-68.64,-68.6,-68.51,-68.42,-68.57,-68.51,-68.67,-68.48,-68.57,-68.51,-68.57,-68.64,-68.6,-68.7,-68.64,-68.6,-68.73,-68.73,-68.57,-68.7,-68.7,-68.6,-68.7,-68.79,-68.6,-68.67,-68.7,-68.64,-68.67,-68.73,-68.79,-68.7,-68.54,-68.73,-68.73,-68.67,-68.67,-68.6,-68.73,-68.7,-68.85,-68.85,-68.92,-68.92,-68.76,-68.76,-68.85,-68.88,-68.95,-68.88,-68.88,-68.85,-68.98,-68.85,-68.88,-68.85,-68.88,-68.95,-68.82,-69.01,-69.04,-68.98,-68.88,-69.04,-68.95,-68.7,-68.82,-68.82,-68.79,-68.85,-68.98,-68.76,-68.82,-68.88,-68.79,-68.95,-68.88,-68.88,-68.76,-68.76,-68.88,-68.82,-68.79,-68.85,-68.76,-68.92,-68.88,-68.82,-68.98,-68.85,-68.85,-68.98,-68.95,-68.95,-68.95,-68.92,-68.98,-69.01,-68.88,-68.85,-69.01,-68.88,-68.82,-68.85,-68.98,-68.98,-68.98,-68.88,-68.98,-68.95,-68.85,-69.01,-68.98,-68.98,-69.04,-69.01,-69.07,-69.16,-69.2,-69.04,-69.16,-69.04,-69.2,-69.07,-68.95,-69.1,-69.04,-68.98,-68.95,-69.07,-68.95,-69.04,-68.98,-68.95,-69.01,-69.04,-69.07,-69.07,-69.23,-69.32,-69.16,-69.04,-69.13,-69.23,-69.13,-69.1,-69.13,-69.23,-69.26,-69.23,-69.29,-69.32,-69.32,-69.26,-69.32,-69.29,-69.23,-69.2,-69.16,-69.23,-69.23,-69.23,-69.38,-69.26,-69.16,-69.13,-69.13,-69.07,-69.1,-69.23,-69.13,-69.26,-69.1,-69.13,-69.16,-69.07,-69.07,-69.07,-68.95,-69.01,-69.04,-68.98,-68.98,-69.07,-68.98,-68.98,-69.04,-68.98,-69.01,-69.1,-69.07,-69.07,-69.07,-69.13,-69.04,-69.07,-69.16,-69.16,-69.2,-69.2,-69.13,-69.16,-69.23,-69.26,-69.32,-69.2,-69.23,-69.2,-69.13,-69.23,-69.13,-69.23,-69.23,-69.16,-69.2,-69.2,-69.2,-69.16,-69.13,-69.2,-68.98,-68.95,-69.07,-69.04,-69.04,-68.98,-69.13,-69.04,-69.04,-69.01,-69.01,-69.04,-68.95,-68.98,-69.04,-69.01,-68.95,-68.95,-68.88,-69.01,-69.1,-68.98,-69.04,-69.23,-68.98,-69.01,-69.01,-69.01,-69.13,-69.1,-69.01,-69.13,-69.16,-69.23,-69.23,-69.23,-69.2,-69.29,-69.1,-69.13,-69.29,-69.23,-69.07,-69.07,-69.01,-69.1,-69.04,-69.13,-69.07,-69.01,-69.04,-69.07,-69.04,-69.1,-69.07,-69.04,-69.07,-69.07,-69.01,-68.95,-69.01,-69.1,-68.98,-69.1,-68.88,-69.01,-69.16,-69.07,-68.88,-69.04,-68.98,-69.1,-69.04,-69.01,-69.01,-68.95,-68.88,-69.01,-69.04,-69.07,-68.88,-69.07,-69.1,-69.04,-68.95,-69.01,-68.95,-69.07,-68.98,-68.98,-69.01,-68.98,-68.92,-68.85,-68.88,-69.01,-69.04,-68.95,-69.01,-69.04,-68.85,-69.04,-69.01,-69.1,-69.01,-68.95,-68.88,-68.92,-68.82,-68.88,-68.85,-68.76,-68.88,-68.85,-68.85,-68.79,-68.95,-68.92,-68.88,-68.95,-68.82,-68.88,-68.82,-68.88,-68.85,-68.92,-68.98,-68.92,-69.01,-68.88,-69.01,-68.88,-69.01,-68.95,-69.07,-69.07,-69.01,-69.13,-68.95,-69.07,-68.88,-68.85,-68.95,-69.01,-68.98,-69.01,-69.04,-68.88,-68.85,-68.85,-68.85,-68.88,-68.7,-68.82,-68.79,-68.85,-68.7,-68.7,-68.73,-68.64,-68.64,-68.6,-68.64,-68.6,-68.67,-68.7,-68.67,-68.7,-68.6,-68.6,-68.6,-68.57,-68.45,-68.51,-68.6,-68.54,-68.45,-68.48,-68.54,-68.51,-68.67,-68.48,-68.45,-68.57,-68.48,-68.39,-68.48,-68.51,-68.45,-68.36,-68.54,-68.57,-68.42,-68.51,-68.54,-68.48,-68.48,-68.39,-68.45,-68.39,-68.39,-68.45,-68.45,-68.48,-68.45,-68.54,-68.39,-68.48,-68.48,-68.45,-68.54,-68.51,-68.42,-68.42,-68.48,-68.39,-68.29,-68.48,-68.51,-68.33,-68.48,-68.45,-68.33,-68.39,-68.48,-68.42,-68.29,-68.51,-68.39,-68.51,-68.51,-68.48,-68.36,-68.57,-68.54,-68.6,-68.57,-68.51,-68.48,-68.54,-68.48,-68.54,-68.45,-68.48,-68.42,-68.48,-68.29,-68.39,-68.23,-68.26,-68.45,-68.26,-68.2,-68.33,-68.17,-68.2,-68.26,-68.2,-68.17,-68.05,-68.17,-68.2,-68.17,-68.08,-68.08,-68.05,-68.01,-68.11,-68.2,-68.11,-68.01,-67.98,-67.92,-67.86,-68.01,-67.98,-67.89,-67.89,-67.83,-67.83,-67.8,-67.77,-67.77,-67.8,-67.61,-67.83,-67.89,-67.7,-67.73,-67.7,-67.64,-67.77,-67.8,-67.7,-67.98,-67.86,-67.98,-67.8,-67.73,-67.67,-67.8,-67.73,-67.73,-67.77,-67.77,-67.7,-67.7,-67.77,-67.7,-67.64,-67.64,-67.7,-67.64,-67.67,-67.64,-67.64,-67.73,-67.77,-67.67,-67.77,-67.73,-67.77,-67.73,-67.83,-67.8,-67.77,-67.73,-67.8,-67.77,-67.73,-67.77,-67.67,-67.64,-67.52,-67.73,-67.61,-67.67,-67.7,-67.7,-67.7,-67.73,-67.77,-67.7,-67.7,-67.67,-67.73,-67.61,-67.67,-67.55,-67.58,-67.58,-67.45,-67.52,-67.45,-67.52,-67.49,-67.45,-67.55,-67.49,-67.45,-67.45,-67.45,-67.55,-67.42,-67.42,-67.64,-67.49,-67.52,-67.67,-67.61,-67.58,-67.67,-67.67,-67.49,-67.64,-67.52,-67.61,-67.58,-67.67,-67.45,-67.58,-67.7,-67.58,-67.49,-67.67,-67.52,-67.55,-67.39,-67.52,-67.52,-67.58,-67.55,-67.61,-67.39,-67.52,-67.55,-67.42,-67.52,-67.52,-67.45,-67.39,-67.39,-67.36,-67.45,-67.39,-67.39,-67.24,-67.42,-67.45,-67.36,-67.39,-67.39,-67.39,-67.42,-67.42,-67.36,-67.49,-67.39,-67.33,-67.36,-67.39,-67.55,-67.39,-67.36,-67.39,-67.45,-67.55,-67.39,-67.45,-67.52,-67.45,-67.42,-67.36,-67.3,-67.49,-67.33,-67.36,-67.42,-67.45,-67.3,-67.33,-67.24,-67.27,-67.33,-67.39,-67.36,-67.27,-67.21,-67.21,-67.24,-67.18,-67.3,-67.21,-67.18,-67.05,-67.02,-67.21,-66.9,-67.02,-66.96,-67.11,-66.9,-67.02,-66.93,-66.8,-66.86,-66.83,-66.86,-66.96,-66.8,-66.9,-66.86,-66.8,-66.74,-66.9,-66.9,-66.86,-66.93,-66.86,-66.8,-66.83,-66.77,-66.77,-66.83,-66.86,-66.8,-66.9,-66.8,-66.93,-66.74,-66.9,-66.74,-66.96,-66.99,-66.99,-66.96,-66.77,-66.77,-66.8,-66.8,-66.86,-66.8,-66.96,-66.86,-66.74,-66.71,-66.86,-66.83,-66.71,-66.83,-66.8,-66.96,-66.83,-66.77,-66.83,-66.71,-66.74,-66.9,-66.83,-66.86,-66.86,-66.77,-66.77,-66.86,-66.8,-66.74,-66.77,-66.9,-66.8,-66.71,-66.71,-66.74,-66.68,-66.65,-66.65,-66.74,-66.74,-66.71,-66.83,-66.65,-66.62,-66.58,-66.65,-66.58,-66.68,-66.62,-66.58,-66.58,-66.55,-66.62,-66.71,-66.71,-66.65,-66.52,-66.58,-66.55,-66.65,-66.71,-66.43,-66.52,-66.49,-66.58,-66.4,-66.52,-66.58,-66.77,-66.65,-66.62,-66.52,-66.46,-66.55,-66.58,-66.62,-66.46,-66.58,-66.68,-66.62,-66.52,-66.65,-66.46,-66.55,-66.55,-66.55,-66.55,-66.49,-66.46,-66.55,-66.46,-66.55,-66.4,-66.52,-66.55,-66.46,-66.52,-66.4,-66.49,-66.58,-66.49,-66.43,-66.55,-66.46,-66.58,-66.49,-66.55,-66.52,-66.65,-66.46,-66.43,-66.49,-66.55,-66.55,-66.68,-66.4,-66.46,-66.46,-66.37,-66.34,-66.46,-66.37,-66.49,-66.46,-66.49,-66.46,-66.46,-66.46,-66.34,-66.34,-66.49,-66.27,-66.3,-66.3,-66.27,-66.3,-66.3,-66.24,-66.27,-66.3,-66.21,-66.27,-66.21,-66.27,-66.3,-66.21,-66.15,-66.15,-66.15,-66.12,-66.21,-66.21,-66.12,-66.09,-66.3,-66.09,-66.24,-66.12,-66.18,-66.09,-66.12,-66.06,-66.24,-66.15,-66.24,-66.27,-66.02,-66.09,-66.12,-66.15,-66.15,-66.18,-66.24,-66.15,-66.15,-66.21,-66.24,-66.15,-66.27,-66.18,-66.09,-66.15,-66.09,-66.15,-66.15,-66.12,-66.21,-66.18,-66.18,-66.15,-66.18,-66.12,-66.21,-66.18,-66.21,-66.09,-66.12,-66.06,-66.06,-66.15,-66.12,-66.18,-66.02,-66.15,-66.09,-66.18,-66.06,-66.02,-66.06,-66.06,-66.24,-66.18,-66.15,-66.12,-66.21,-66.15,-66.12,-66.15,-66.15,-66.06,-66.02,-66.15,-66.09,-66.12,-66.09,-66.18,-66.15,-66.27,-66.15,-66.12,-66.24,-66.24,-66.12,-66.27,-66.21,-66.34,-66.18,-66.4,-66.4,-66.37,-66.21,-66.21,-66.18,-66.15,-66.21,-66.21,-66.27,-66.15,-66.27,-66.24,-66.24,-66.3,-66.24,-66.3,-66.12,-66.21,-66.09,-66.21,-66.27,-66.09,-66.15,-66.06,-66.09,-66.18,-66.12,-66.12,-65.99,-66.15,-66.12,-66.12,-66.15,-66.06,-66.12,-66.02,-66.18,-66.12,-66.06,-66.09,-66.09,-66.12,-66.12,-66.06,-66.09,-65.9,-66.02,-66.02,-66.09,-65.99,-65.99,-66.12,-65.99,-66.02,-65.99,-65.96,-66.06,-65.81,-65.96,-66.09,-66.06,-66.09,-66.06,-66.06,-65.96,-65.9,-65.84,-65.96,-65.9,-65.9,-65.9,-65.75,-65.81,-65.87,-65.81,-65.78,-65.87,-65.96,-65.9,-65.9,-65.87,-65.93,-65.99,-65.93,-65.87,-66.09,-66.02,-66.09,-65.99,-66.09,-65.84,-65.87,-65.96
Sweep_11,110.0,-63.54,-63.54,-63.41,-63.54,-63.6,-63.51,-63.51,-63.54,-63.66,-63.51,-63.51,-63.57,-63.57,-63.66,-63.54,-63.63,-63.6,-63.63,-63.6,-63.41,-63.57,-63.57,-63.57,-63.76,-63.54,-63.57,-63.48,-63.69,-63.54,-63.51,-63.48,-63.57,-63.57,-63.66,-63.57,-63.69,-63.57,-63.54,-63.54,-63.54,-63.69,-63.57,-63.51,-63.66,-63.44,-63.38,-63.48,-63.48,-63.57,-63.6,-63.48,-63.69,-63.41,-63.51,-63.54,-63.57,-63.51,-63.51,-63.57,-63.57,-63.48,-63.51,-63.54,-63.57,-63.48,-63.57,-63.51,-63.54,-63.51,-63.51,-63.48,-63.41,-63.41,-63.44,-63.63,-63.48,-63.44,-63.41,-63.54,-63.41,-63.35,-63.35,-63.32,-63.32,-63.26,-63.38,-63.26,-63.29,-63.35,-63.23,-63.26,-63.26,-63.35,-63.32,-63.32,-63.29,-63.44,-63.35,-63.23,-63.32,-63.29,-63.29,-63.32,-63.29,-63.35,-63.29,-63.48,-63.38,-63.29,-63.35,-63.32,-63.38,-63.41,-63.38,-63.51,-63.54,-63.41,-63.51,-63.41,-63.35,-63.41,-63.38,-63.41,-63.44,-63.38,-63.38,-63.41,-63.51,-63.32,-63.38,-63.54,-63.38,-63.57,-63.32,-63.44,-63.38,-63.48,-63.51,-63.48,-63.38,-63.57,-63.51,-63.48,-63.48,-63.38,-63.38,-63.44,-63.38,-63.35,-63.35,-63.35,-63.38,-63.35,-63.38,-63.35,-63.38,-63.41,-63.32,-63.26,-63.41,-63.35,-63.41,-63.38,-63.32,-63.32,-63.44,-63.35,-63.41,-63.41,-63.41,-63.41,-63.35,-63.38,-63.38,-63.41,-63.41,-63.41,-63.44,-63.41,-63.32,-63.51,-63.51,-63.54,-63.38,-63.54,-63.38,-63.51,-63.35,-63.41,-63.41,-63.29,-63.26,-63.35,-63.38,-63.41,-63.38,-63.38,-63.41,-63.29,-63.38,-63.35,-63.35,-63.29,-63.29,-63.41,-63.32,-63.32,-63.35,-63.48,-63.41,-63.38,-63.41,-63.41,-63.41,-63.32,-63.41,-63.44,-63.38,-63.38,-63.41,-63.48,-63.57,-63.51,-63.44,-63.51,-63.48,-63.48,-63.51,-63.54,-63.41,-63.41,-63.44,-63.35,-63.44,-63.44,-63.41,-63.57,-63.54,-63.48,-63.51,-63.38,-63.48,-63.48,-63.51,-63.38,-63.54,-63.44,-63.41,-63.41,-63.32,-63.44,-63.26,-63.32,-63.26,-63.29,-63.29,-63.26,-63.32,-63.23,-63.2,-63.2,-63.26,-63.17,-63.29,-63.29,-63.23,-63.23,-63.17,-63.13,-63.2,-63.17,-63.23,-63.17,-63.23,-63.17,-63.17,-63.17,-63.17,-63.1,-63.26,-63.07,-63.17,-63.04,-62.98,-63.23,-63.13,-63.17,-63.1,-63.07,-62.98,-63.07,-63.1,-63.1,-63.07,-63.07,-63.01,-63.01,-63.01,-63.04,-63.01,-63.01,-63.13,-63.23,-63.13,-63.01,-63.07,-63.07,-63.1,-63.17,-63.01,-63.13,-63.13,-63.13,-63.13,-63.17,-63.23,-63.2,-63.29,-63.13,-63.23,-63.41,-63.29,-63.23,-63.2,-63.29,-63.35,-63.35,-63.32,-63.32,-63.41,-63.29,-63.23,-63.32,-63.41,-63.35,-63.41,-63.35,-63.35,-63.38,-63.29,-63.32,-63.23,-63.41,-63.35,-63.26,-63.35,-63.29,-63.35,-63.44,-63.32,-63.35,-63.32,-63.32,-63.35,-63.32,-63.32,-63.35,-63.23,-63.17,-63.26,-63.2,-63.17,-63.17,-63.13,-63.2,-63.17,-63.2,-63.13,-63.2,-63.26,-63.35,-63.26,-63.23,-63.44,-63.23,-63.1,-61.52,-59.59,-58.04,-56.54,-55.11,-53.75,-51.97,-50.36,-47.4,4.79,35.06,-9.51,-40.04,-56.54,-60.4,-61.05,-60.18,-59.09,-58.04,-56.82,-55.83,-54.77,-54.09,-53.25,-52.56,-51.69,-50.92,-49.95,-48.83,-47.93,-47.16,-46.01,-44.23,-24.12,27.42,12.99,-19.12,-43.64,-53.44,-57.26,-58.38,-58.22,-57.94,-57.51,-56.61,-55.86,-55.15,-54.27,-53.47,-52.66,-51.97,-51.23,-50.58,-49.83,-49.08,-48.43,-47.62,-46.69,-45.66,-44.58,-43.71,-41.84,-20.7,22.1,13.55,-12.74,-36.18,-48.62,-53.81,-56.08,-56.73,-56.79,-56.45,-55.7,-54.9,-54.21,-53.62,-52.91,-52.38,-51.63,-50.92,-50.36,-49.86,-49.24,-48.46,-47.96,-47.25,-46.63,-45.7,-45.01,-44.27,-43.49,-42.34,-41.19,-28.66,12.56,18.25,-3.92,-26.89,-42.65,-50.26,-53.78,-55.08,-55.46,-55.46,-55.21,-54.77,-53.9,-53.44,-52.56,-52.16,-51.41,-50.92,-50.23,-49.8,-49.15,-48.56,-48.09,-47.5,-46.91,-46.41,-45.42,-44.7,-43.74,-42.87,-41.62,-38.58,-9.7,17.84,9.89,-11.38,-30.93,-43.27,-49.64,-52.53,-53.87,-54.37,-54.27,-54.18,-53.56,-53.19,-52.66,-52.19,-51.85,-51.26,-50.89,-50.3,-49.58,-48.8,-48.46,-47.81,-47.31,-46.66,-46.22,-45.79,-44.92,-44.39,-43.99,-43.27,-42.65,-41.69,-40.72,-37.27,-7.55,15.79,8.14,-10.91,-28.38,-40.22,-47.19,-50.98,-52.66,-53.47,-53.56,-53.62,-53.4,-52.91,-52.35,-51.91,-51.38,-50.98,-50.33,-50.02,-49.52,-49.11,-48.65,-48.06,-47.47,-47.19,-46.44,-46.07,-45.42,-44.79,-43.99,-43.39,-42.9,-42.15,-41.37,-40.6,-39.35,-32.73,-1.8,15.6,7.46,-12.25,-30.43,-42.03,-48.21,-51.23,-52.72,-53.65,-53.9,-53.87,-53.68,-53.19,-52.69,-52.25,-51.88,-51.38,-50.86,-50.42,-49.98,-49.46,-48.87,-48.37,-47.87,-47.37,-46.69,-46.25,-45.48,-44.82,-44.14,-43.46,-42.96,-41.84,-40.91,-39.91,-36.84,-9.79,13.93,10.04,-6.99,-24.37,-37.64,-45.07,-49.11,-51.26,-52.32,-52.63,-52.72,-52.91,-52.6,-52.35,-52.29,-51.73,-51.35,-50.82,-50.42,-49.95,-49.64,-49.15,-48.68,-48.15,-47.59,-47.13,-46.66,-46.19,-45.51,-45.17,-44.51,-44.02,-43.46,-42.93,-42.43,-41.72,-41.03,-40.19,-38.55,-26.73,2.74,14.27,4.23,-13.3,-30.0,-40.91,-47.25,-50.48,-52.1,-53.03,-53.25,-53.19,-52.88,-52.47,-52.29,-51.94,-51.54,-51.1,-50.58,-50.17,-49.83,-49.3,-48.96,-48.21,-47.68,-47.09,-46.66,-46.16,-45.45,-45.01,-44.48,-44.11,-43.39,-42.84,-42.15,-41.41,-40.47,-39.66,-38.17,-24.28,3.89,12.81,3.26,-12.03,-28.04,-38.95,-45.32,-48.62,-50.33,-51.48,-51.91,-52.16,-52.13,-51.82,-51.48,-51.17,-50.89,-50.48,-49.86,-49.58,-49.08,-48.74,-48.37,-48.0,-47.62,-47.16,-46.72,-46.41,-46.07,-45.7,-45.07,-44.76,-44.08,-43.36,-42.96,-42.34,-41.59,-40.97,-39.88,-37.27,-15.64,8.49,10.94,-0.03,-16.16,-29.87,-39.17,-44.82,-48.0,-49.86,-50.89,-51.23,-51.45,-51.35,-51.38,-51.14,-50.92,-50.36,-50.17,-49.64,-49.39,-48.9,-48.43,-47.96,-47.72,-47.25,-46.85,-46.22,-45.85,-45.42,-44.86,-44.33,-43.89,-43.39,-42.62,-42.0,-41.41,-40.66,-39.85,-38.67,-36.99,-25.09,0.81,12.03,4.26,-10.38,-25.8,-37.55,-44.08,-48.18,-50.05,-51.01,-51.73,-51.91,-51.97,-51.85,-51.6,-51.35,-51.1,-50.76,-50.33,-49.86,-49.39,-49.15,-48.49,-48.12,-47.65,-47.13,-46.69,-46.35,-45.79,-45.32,-44.64,-44.17,-43.74,-43.08,-42.28,-41.59,-40.75,-39.63,-33.07,-7.86,10.91,7.93,-6.0,-20.98,-33.57,-41.72,-46.35,-48.74,-50.08,-50.64,-51.29,-51.32,-51.17,-51.23,-50.95,-50.7,-50.48,-50.39,-49.89,-49.58,-49.05,-48.71,-48.4,-47.96,-47.56,-47.28,-46.88,-46.41,-46.22,-45.76,-45.57,-45.07,-44.58,-44.11,-43.52,-43.21,-42.62,-42.0,-41.13,-40.41,-38.67,-22.23,3.14,11.56,3.51,-11.78,-26.17,-36.74,-43.52,-47.44,-49.83,-50.79,-51.38,-51.45,-51.48,-51.48,-51.38,-51.17,-50.82,-50.39,-50.17,-49.55,-49.24,-48.93,-48.28,-47.9,-47.53,-47.09,-46.69,-46.29,-45.79,-45.2,-44.51,-44.11,-43.67,-42.96,-42.68,-42.34,-41.78,-41.31,-40.78,-40.38,-39.35,-37.99,-30.4,-6.81,10.23,8.7,-4.51,-20.17,-33.23,-41.65,-46.66,-49.36,-50.67,-51.6,-51.79,-51.79,-51.45,-51.41,-51.29,-51.14,-50.86,-50.45,-50.14,-49.83,-49.43,-49.15,-48.62,-48.21,-47.84,-47.34,-47.03,-46.5,-46.01,-45.38,-45.04,-44.64,-44.14,-43.55,-43.12,-42.46,-41.81,-41.47,-40.78,-39.94,-38.48,-36.28,-15.98,7.09,10.88,0.16,-15.45,-30.03,-39.7,-44.92,-47.78,-49.15,-50.08,-50.51,-50.61,-50.51,-50.45,-50.42,-50.42,-50.17,-49.71,-49.27,-48.9,-48.65,-48.15,-47.78,-47.4,-46.88,-46.47,-46.19,-45.73,-45.26,-44.92,-44.3,-44.05,-43.55,-43.3,-42.9,-42.34,-41.53,-40.91,-39.91,-38.64,-36.37,-17.78,4.63,9.85,0.53,-14.08,-27.51,-37.52,-43.61,-47.34,-49.11,-50.3,-50.73,-51.01,-51.04,-51.07,-50.86,-50.48,-50.2,-49.8,-49.49,-49.08,-48.83,-48.46,-48.03,-47.81,-47.28,-47.03,-46.81,-46.16,-45.63,-45.35,-44.82,-44.27,-43.61,-43.08,-42.52,-41.84,-41.25,-40.32,-38.86,-33.2,-10.01,9.08,8.36,-3.11,-18.15,-31.74,-40.57,-45.51,-48.43,-49.89,-50.61,-51.07,-51.23,-51.26,-51.07,-50.92,-50.61,-50.39,-49.89,-49.67,-49.3,-48.87,-48.34,-48.06,-47.59,-47.25,-46.91,-46.57,-46.07,-45.57,-44.95,-44.45,-44.05,-43.39,-42.74,-41.9,-40.88,-39.85,-38.11,-25.24,-1.68,11.07,5.75,-8.55,-23.62,-35.34,-42.93,-46.91,-49.21,-50.39,-50.79,-51.01,-51.1,-50.79,-50.39,-50.26,-49.86,-49.67,-49.49,-48.96,-48.59,-48.24,-47.96,-47.62,-47.19,-46.72,-46.41,-45.88,-45.38,-44.86,-44.51,-44.02,-43.52,-42.87,-42.43,-41.84,-41.28,-40.41,-39.23,-37.83,-28.29,-4.17,10.01,6.09,-6.19,-20.45,-32.52,-40.41,-45.07,-47.78,-49.27,-50.11,-50.64,-50.61,-50.86,-50.73,-50.61,-50.39,-50.11,-49.83,-49.52,-48.96,-48.56,-48.15,-47.87,-47.4,-47.06,-46.29,-46.01,-45.45,-44.86,-44.27,-43.92,-43.33,-42.59,-41.81,-41.34,-40.6,-39.73,-39.17,-38.11,-35.41,-14.83,5.41,8.95,0.56,-13.18,-25.93,-35.62,-41.62,-45.17,-47.31,-48.43,-49.05,-49.64,-49.77,-49.74,-49.55,-49.49,-49.3,-49.05,-48.87,-48.71,-48.18,-47.87,-47.44,-47.09,-46.5,-46.16,-45.79,-45.14,-44.86,-44.17,-43.8,-43.39,-42.8,-42.21,-41.78,-41.16,-40.6,-40.26,-39.73,-39.04,-37.92,-36.43,-22.97,-2.05,8.36,3.36,-9.39,-22.79,-33.39,-40.04,-44.3,-46.6,-48.03,-48.8,-49.3,-49.67,-49.64,-49.58,-49.33,-49.11,-48.93,-48.77,-48.46,-48.18,-47.68,-47.37,-46.97,-46.75,-46.44,-46.16,-45.57,-45.14,-44.92,-44.42,-44.02,-43.55,-43.33,-42.77,-42.31,-41.78,-41.25,-40.78,-40.26,-39.79,-39.2,-38.76,-37.8,-36.46,-27.39,-6.84,7.12,6.25,-3.73,-16.6,-28.32,-37.12,-41.93,-45.38,-47.34,-48.56,-49.36,-49.49,-49.8,-49.71,-49.61,-49.3,-49.36,-49.08,-48.62,-48.37,-48.06,-47.81,-47.47,-46.97,-46.69,-46.35,-45.97,-45.51,-45.07,-44.67,-44.2,-43.8,-43.61,-43.21,-42.71,-42.28,-41.78,-41.37,-41.0,-40.41,-39.88,-39.48,-38.39,-36.99,-27.17,-6.47,6.81,5.94,-5.0,-17.78,-29.22,-37.52,-42.87,-46.01,-47.78,-48.83,-49.52,-49.58,-49.77,-49.67,-49.49,-49.39,-49.21,-48.71,-48.62,-48.43,-48.09,-47.81,-47.37,-47.0,-46.63,-46.38,-45.88,-45.42,-45.01,-44.61,-44.36,-44.02,-43.43,-42.99,-42.62,-41.9,-41.25,-40.6,-40.16,-39.45,-38.83,-38.36,-37.05,-34.72,-16.32,2.18,8.24,1.83,-10.57,-23.69,-33.98,-40.44,-44.48,-46.88,-48.34,-48.93,-49.3,-49.49,-49.64,-49.43,-49.3,-49.15,-48.87,-48.74,-48.18,-47.84,-47.47,-47.19,-46.94,-46.63,-46.38,-46.04,-45.66,-45.23,-45.01,-44.48,-43.86,-43.3,-42.8,-42.56,-42.09,-41.56,-41.19,-40.81,-40.04,-39.45,-38.98,-37.68,-36.0,-20.27,-1.24,7.34,4.57,-6.4,-19.46,-30.74,-38.73,-43.3,-46.01,-48.0,-48.65,-49.08,-49.27,-49.36,-49.74,-49.52,-49.3,-49.15,-48.9,-48.65,-48.37,-48.15,-47.65,-47.4,-47.13,-46.69,-46.41,-45.82,-45.51,-45.23,-44.82,-44.27,-43.64,-43.24,-43.02,-42.4,-41.65,-40.94,-39.94,-38.92,-37.46,-29.28,-8.67,6.06,5.84,-3.64,-16.23,-27.88,-36.65,-41.96,-45.29,-47.0,-48.18,-48.65,-48.93,-49.02,-49.15,-49.18,-48.83,-48.74,-48.46,-48.06,-47.84,-47.59,-47.06,-46.53,-46.16,-45.63,-45.45,-45.01,-44.64,-44.3,-43.99,-43.33,-42.77,-42.15,-41.47,-40.85,-40.35,-39.76,-39.04,-38.2,-37.02,-32.98,-14.67,2.77,6.84,0.84,-11.16,-22.82,-32.39,-38.92,-42.87,-45.48,-47.34,-48.37,-48.93,-49.39,-49.58,-49.43,-49.33,-49.36,-49.24,-48.74,-48.49,-48.15,-47.84,-47.28,-46.91,-46.57,-46.29,-45.88,-45.66,-45.1,-44.3,-43.89,-43.46,-43.02,-42.65,-41.93,-41.5,-40.97,-40.57,-39.91,-39.29,-38.83,-37.92,-36.28,-25.49,-6.5,6.84,5.91,-4.63,-17.97,-29.81,-38.05,-43.24,-46.41,-48.43,-49.3,-49.83,-49.86,-49.8,-49.61,-49.55,-49.24,-49.08,-48.71,-48.4,-48.18,-47.9,-47.84,-47.5,-47.0,-46.75,-46.57,-46.07,-45.7,-45.48,-44.95,-44.36,-44.11,-43.64,-43.43,-42.68,-42.21,-41.34,-40.81,-40.13,-39.2,-37.99,-36.68,-31.36,-11.0,5.28,7.71,-0.78,-13.46,-25.96,-35.56,-41.44,-45.07,-47.16,-48.68,-49.43,-50.08,-50.2,-50.23,-50.08,-50.05,-49.8,-49.46,-48.99,-48.62,-48.28,-47.93,-47.84,-47.53,-46.97,-46.47,-46.01,-45.76,-45.51,-45.01,-44.7,-44.2,-43.64,-43.15,-42.62,-42.37,-41.69,-41.0,-40.63,-39.79,-38.89,-37.68,-29.28,-9.2,5.53,5.97,-2.64,-14.39,-26.02,-34.75,-40.78,-44.42,-46.5,-47.75,-48.52,-48.96,-49.18,-49.18,-49.21,-48.99,-48.9,-48.77,-48.65,-48.28,-47.87,-47.65,-47.19,-46.97,-46.53,-46.07,-45.85,-45.54,-45.17,-44.86,-44.51,-43.83,-43.21,-42.8,-42.52,-42.03,-41.28,-40.6,-39.85,-39.2,-36.37,-19.06,0.25,7.74,3.05,-8.14,-20.27,-30.71,-37.95,-42.8,-45.91,-47.87,-48.87,-49.36,-49.55,-49.46,-49.46,-49.18,-48.9,-48.49,-48.4,-48.0,-47.75,-47.31,-46.81,-46.41,-45.82,-45.51,-45.17,-44.92,-44.64,-44.02,-43.46,-43.12,-42.9,-42.31,-41.75,-41.22,-40.69,-40.41,-39.85,-39.07,-38.3,-36.93,-31.12,-11.16,4.88,6.53,-2.05,-14.33,-26.36,-35.72,-41.69,-45.57,-47.81,-48.96,-49.64,-49.86,-50.08,-50.05,-49.98,-49.61,-49.43,-48.96,-48.77,-48.34,-48.12,-47.78,-47.25,-46.97,-46.44,-46.19,-45.66,-45.38,-45.01,-44.64,-44.3,-43.95,-43.36,-43.24,-42.71,-42.24,-41.72,-41.59,-40.72,-40.16,-39.66,-38.95,-38.17,-37.27,-29.34,-10.32,4.76,6.47,-1.68,-13.62,-25.02,-34.07,-40.26,-43.8,-45.97,-47.16,-47.78,-48.31,-48.37,-48.43,-48.4,-48.21,-48.06,-47.72,-47.62,-47.28,-46.85,-46.72,-46.5,-46.07,-45.7,-45.29,-44.86,-44.45,-44.17,-43.74,-43.52,-43.15,-42.65,-42.03,-41.65,-41.03,-40.57,-39.88,-39.38,-38.83,-38.3,-37.36,-35.84,-24.34,-5.84,5.53,5.07,-3.92,-16.01,-27.2,-35.56,-40.91,-43.92,-46.1,-47.59,-48.43,-48.87,-49.02,-49.08,-49.02,-48.9,-48.62,-48.37,-48.21,-47.96,-47.72,-47.25,-46.91,-46.66,-46.32,-45.94,-45.7,-45.38,-45.04,-44.73,-44.3,-43.77,-43.21,-42.9,-42.43,-41.87,-41.22,-40.6,-39.98,-39.11,-38.42,-37.46,-36.06,-27.39,-8.86,5.13,6.4,-1.24,-13.55,-25.33,-34.5,-40.91,-44.58,-46.81,-48.03,-48.9,-49.33,-49.67,-49.67,-49.58,-49.83,-49.39,-49.18,-48.93,-48.49,-48.34,-47.84,-47.59,-47.09,-46.66,-46.25,-45.85,-45.45,-45.1,-44.76,-44.45,-44.02,-43.43,-43.02,-42.65,-41.84,-41.41,-40.54,-39.94,-39.45,-37.95,-32.02,-12.87,3.98,7.09,-0.4,-12.31,-24.5,-33.73,-39.6,-43.52,-45.7,-47.13,-47.96,-48.34,-48.68,-48.77,-48.93,-48.87,-48.71,-48.34,-48.28,-48.06,-47.72,-47.34,-46.97,-46.6,-46.16,-46.01,-45.42,-45.14,-44.95,-44.55,-44.2,-43.92,-43.52,-43.21,-42.96,-42.37,-41.81,-41.28,-41.13,-40.44,-40.01,-39.14,-38.55,-37.46,-35.72,-24.9,-5.47,6.62,5.41,-4.94,-17.47,-28.35,-36.77,-42.15,-45.04,-47.25,-48.34,-48.96,-49.24,-49.36,-49.46,-49.27,-49.05,-48.83,-48.37,-48.12,-48.0,-47.4,-47.09,-46.78,-46.29,-45.94,-45.48,-45.1,-44.64,-44.23,-43.8,-43.43,-43.3,-42.8,-42.49,-42.28,-41.81,-41.13,-40.54,-39.94,-39.11,-38.23,-37.18,-34.22,-16.23,0.53,5.47,1.52,-7.93,-18.71,-28.97,-36.46,-41.16,-44.17,-46.07,-47.44,-47.96,-48.24,-48.52,-48.62,-48.74,-48.49,-48.28,-48.12,-47.81,-47.53,-47.37,-47.06,-46.66,-46.47,-45.97,-45.48,-45.01,-44.61,-44.33,-44.02,-43.58,-43.12,-42.71,-42.46,-42.0,-41.37,-40.81,-40.38,-39.98,-39.51,-38.89,-38.42,-37.52,-35.25,-20.3,-2.58,6.4,3.51,-5.22,-16.82,-27.63,-35.93,-41.28,-44.48,-46.6,-47.84,-48.68,-48.83,-48.99,-49.39,-49.24,-49.05,-48.93,-48.77,-48.31,-48.21,-47.84,-47.59,-47.19,-46.88,-46.44,-46.01,-45.6,-45.35,-44.98,-44.48,-43.99,-43.8,-43.33,-42.71,-42.24,-41.59,-41.47,-40.94,-40.29,-39.91,-39.23,-38.76,-37.64,-36.0,-22.75,-3.79,6.75,4.48,-5.47,-17.84,-29.0,-36.9,-41.81,-44.92,-46.66,-47.59,-48.43,-48.77,-49.08,-49.21,-49.15,-48.71,-48.62,-48.37,-48.0,-47.5,-47.28,-47.06,-46.6,-46.19,-45.85,-45.48,-45.17,-44.92,-44.42,-44.08,-43.36,-42.77,-42.46,-41.93,-41.37,-40.94,-40.16,-39.73,-39.14,-38.23,-36.9,-34.57,-18.71,-0.87,6.09,2.64,-6.71,-18.87,-29.72,-37.4,-42.28,-45.07,-46.75,-47.78,-48.31,-48.62,-48.8,-48.8,-48.56,-48.34,-48.12,-47.78,-47.59,-47.31,-47.09,-46.75,-46.5,-46.29,-45.82,-45.51,-45.17,-44.98,-44.51,-44.17,-43.77,-43.33,-42.68,-42.12,-41.78,-41.25,-40.6,-40.29,-39.76,-38.98,-38.17,-36.71,-33.14,-15.14,0.47,5.75,0.84,-9.11,-21.01,-30.68,-37.71,-42.03,-44.51,-46.29,-47.44,-47.96,-48.4,-48.77,-48.62,-48.34,-47.9,-47.72,-47.5,-47.09,-46.88,-46.47,-46.07,-45.82,-45.51,-45.07,-44.76,-44.33,-44.08,-43.33,-43.15,-42.68,-42.12,-41.59,-41.16,-40.44,-39.94,-39.51,-39.01,-38.45,-37.92,-37.27,-35.81,-27.45,-10.35,3.26,4.82,-1.99,-12.59,-23.25,-31.86,-37.77,-41.9,-44.39,-45.73,-46.66,-47.25,-47.44,-47.47,-47.44,-47.34,-47.4,-47.25,-47.22,-46.91,-46.66,-46.25,-45.88,-45.51,-45.42,-45.01,-44.48,-44.23,-43.8,-43.36,-43.02,-42.87,-42.4,-42.15,-41.9,-41.65,-41.09,-40.72,-40.26,-40.04,-39.38,-38.98,-38.2,-37.8,-37.02,-36.12,-34.91,-29.0,-12.43,1.03,3.98,-0.81,-10.01,-20.45,-29.25,-36.0,-40.66,-43.49,-45.35,-46.47,-47.13,-47.59,-47.78,-47.84,-47.78,-47.5,-47.5,-47.44,-47.19,-46.91,-46.47,-46.25,-45.82,-45.48,-45.29,-44.73,-44.45,-44.11,-43.71,-43.12,-42.8,-42.43,-41.84,-41.62,-41.09,-40.75,-40.35,-40.16,-39.35,-38.98,-38.64,-38.2,-37.8,-37.12,-36.25,-35.22,-33.88,-27.35,-10.57,2.27,4.76,-0.56,-10.85,-21.85,-30.81,-37.33,-41.87,-44.64,-46.38,-47.47,-48.12,-48.24,-48.65,-48.52,-48.46,-48.18,-47.9,-47.65,-47.4,-47.16,-46.88,-46.53,-45.97,-45.48,-45.2,-44.76,-44.48,-44.2,-43.74,-43.36,-42.9,-42.31,-42.0,-41.37,-40.88,-40.26,-39.76,-39.35,-38.86,-38.05,-37.12,-36.25,-33.79,-18.9,-3.95,4.38,3.33,-5.16,-16.48,-27.48,-35.28,-40.19,-43.67,-45.66,-46.94,-47.47,-47.87,-48.21,-48.4,-48.21,-48.24,-48.18,-48.03,-47.81,-47.56,-47.16,-46.81,-46.35,-45.97,-45.79,-45.48,-45.17,-44.7,-44.36,-43.99,-43.46,-42.99,-42.65,-42.03,-41.5,-41.09,-40.63,-40.29,-39.63,-38.98,-38.42,-37.61,-36.65,-35.06,-25.68,-7.9,3.92,4.01,-3.33,-14.45,-25.27,-33.51,-38.86,-42.43,-44.79,-46.16,-47.16,-47.59,-47.81,-48.0,-47.9,-47.72,-47.65,-47.4,-47.37,-47.16,-46.75,-46.44,-46.13,-45.63,-45.45,-45.23,-44.82,-44.61,-43.95,-43.64,-43.33,-42.96,-42.52,-41.96,-41.65,-41.03,-40.41,-40.01,-39.63,-39.11,-38.83,-38.17,-37.43,-36.68,-35.5,-29.78,-12.28,1.18,4.13,-0.96,-10.91,-21.14,-30.18,-36.65,-40.6,-43.27,-45.29,-46.35,-47.09,-47.5,-47.75,-47.9,-47.75,-47.75,-47.62,-47.47,-47.13,-46.72,-46.41,-46.16,-45.7,-45.57,-45.14,-44.95,-44.7,-44.42,-44.05,-43.61,-43.43,-43.12,-42.71,-42.34,-41.9,-41.62,-41.13,-40.69,-40.22,-39.63,-39.26,-38.79,-38.39,-37.8,-36.43,-34.82,-29.0,-12.06,1.24,4.51,-0.75,-10.44,-20.52,-29.5,-36.21,-40.69,-43.46,-45.35,-46.53,-47.16,-47.28,-47.68,-47.68,-47.68,-47.62,-47.5,-47.31,-47.03,-46.91,-46.47,-46.29,-45.97,-45.73,-45.26,-45.07,-44.67,-44.3,-43.74,-43.43,-42.99,-42.59,-42.12,-41.56,-40.94,-40.13,-39.54,-39.11,-38.39,-37.92,-37.3,-36.18,-33.54,-19.37,-4.01,3.26,2.08,-5.16,-15.36,-25.21,-33.11,-38.36,-41.72,-44.14,-45.7,-46.72,-47.25,-47.47,-47.65,-47.62,-47.59,-47.31,-47.19,-46.97,-46.53,-46.25,-45.97,-45.48,-45.07,-44.64,-44.27,-43.99,-43.74,-43.27,-43.02,-42.93,-42.62,-42.37,-42.03,-41.53,-41.25,-40.75,-40.19,-39.7,-38.76,-38.3,-37.55,-36.77,-35.34,-25.24,-9.92,1.93,3.92,-1.24,-10.69,-21.11,-29.56,-35.75,-39.88,-42.52,-44.36,-45.38,-46.41,-46.91,-47.13,-47.19,-47.28,-47.0,-46.85,-46.6,-46.44,-46.25,-46.01,-45.73,-45.63,-45.26,-44.79,-44.36,-43.99,-43.71,-43.43,-43.05,-42.59,-42.18,-41.84,-41.25,-40.88,-40.29,-40.01,-39.23,-38.86,-38.48,-37.8,-36.56,-33.26,-18.37,-3.85,2.61,1.18,-6.22,-16.38,-25.61,-33.07,-38.42,-42.03,-44.2,-45.51,-46.16,-46.81,-46.94,-46.91,-47.0,-46.91,-46.75,-46.57,-46.25,-46.16,-45.7,-45.66,-45.32,-44.92,-44.67,-43.95,-43.83,-43.39,-42.9,-42.62,-42.18,-41.53,-41.13,-40.72,-40.32,-40.04,-39.45,-38.89,-38.51,-37.86,-37.3,-36.93,-35.93,-34.54,-31.18,-16.23,-2.83,3.08,1.03,-6.62,-16.13,-25.21,-32.89,-38.11,-41.28,-43.43,-44.67,-45.73,-46.35,-46.88,-47.0,-46.94,-47.09,-46.91,-46.66,-46.38,-46.29,-45.82,-45.57,-45.32,-44.89,-44.58,-43.95,-43.64,-43.39,-42.9,-42.37,-42.09,-41.75,-41.13,-40.78,-40.44,-40.01,-39.7,-39.38,-38.86,-38.67,-38.36,-37.77,-36.59,-35.72,-34.57,-31.99,-17.03,-3.14,3.08,1.27,-6.5,-15.73,-24.37,-31.74,-37.08,-40.66,-42.93,-44.64,-45.88,-46.6,-46.94,-47.19,-47.47,-47.47,-47.59,-47.19,-47.09,-46.63,-46.53,-46.22,-45.91,-45.63,-45.29,-44.86,-44.61,-44.17,-43.74,-43.39,-42.8,-42.24,-41.65,-41.03,-40.72,-40.26,-39.7,-38.86,-38.14,-37.55,-36.77,-35.97,-34.94,-32.08,-18.03,-2.95,4.04,1.71,-5.53,-15.11,-25.52,-33.67,-38.95,-42.8,-45.01,-46.25,-46.91,-47.13,-47.31,-47.28,-47.31,-47.44,-47.16,-47.0,-46.78,-46.66,-46.6,-46.35,-45.79,-45.66,-45.38,-45.2,-44.95,-44.45,-44.23,-43.89,-43.36,-43.21,-42.71,-42.62,-42.18,-41.53,-41.31,-40.69,-40.32,-39.66,-38.92,-38.33,-37.43,-36.46,-34.69,-21.95,-6.84,3.08,2.46,-4.29,-14.52,-25.12,-32.86,-38.11,-41.87,-44.11,-45.51,-46.22,-46.5,-46.69,-46.57,-46.72,-46.63,-46.32,-46.29,-46.25,-46.01,-45.73,-45.38,-45.14,-44.67,-44.42,-44.14,-43.8,-43.39,-43.05,-42.77,-42.49,-41.96,-41.53,-41.28,-40.88,-40.57,-39.98,-39.66,-39.2,-38.67,-38.05,-37.24,-36.21,-35.5,-34.29,-26.17,-10.88,-0.19,2.7,-2.24,-10.85,-20.39,-29.25,-35.5,-39.79,-42.28,-44.05,-45.14,-45.63,-46.25,-46.66,-46.85,-46.85,-46.69,-46.66,-46.5,-46.29,-46.13,-45.73,-45.32,-45.1,-44.86,-44.2,-44.11,-43.77,-43.27,-43.05,-42.68,-42.37,-41.9,-41.53,-41.28,-40.72,-40.57,-40.29,-39.85,-39.42,-38.92,-38.45,-38.27,-37.64,-36.9,-36.21,-35.41,-34.32,-27.6,-12.34,-0.28,3.08,-0.9,-9.01,-19.55,-28.1,-34.32,-39.01,-42.03,-43.64,-44.82,-45.63,-46.13,-46.47,-46.75,-46.53,-46.44,-46.47,-46.22,-46.16,-45.91,-45.63,-45.32,-45.01,-44.86,-44.42,-44.27,-43.99,-43.8,-43.43,-43.02,-42.77,-42.43,-41.78,-41.19,-40.72,-40.54,-39.85,-38.92,-38.3,-37.02,-35.75,-32.27,-17.03,-3.79,2.11,0.65,-6.15,-15.45,-24.09,-31.15,-36.68,-40.32,-42.71,-44.3,-45.2,-45.91,-46.22,-46.41,-46.5,-46.41,-46.16,-45.88,-45.48,-45.26,-45.23,-44.89,-44.58,-44.23,-44.05,-43.8,-43.43,-43.21,-42.87,-42.49,-42.43,-42.03,-41.75,-41.53,-41.16,-40.85,-40.5,-40.13,-39.7,-39.14,-38.61,-37.68,-37.33,-36.06,-35.44,-33.45,-19.99,-6.59,0.9,1.09,-4.04,-12.53,-21.26,-28.97,-34.6,-38.73,-41.47,-43.46,-44.73,-45.51,-46.16,-46.29,-46.41,-46.32,-46.25,-46.29,-46.04,-45.85,-45.82,-45.32,-45.17,-44.89,-44.76,-44.36,-44.14,-43.8,-43.33,-43.08,-42.74,-42.46,-42.21,-41.84,-41.65,-41.13,-40.69,-40.13,-39.42,-39.2,-38.86,-38.17,-37.4,-36.87,-36.03,-33.82,-22.38,-7.68,2.18,2.46,-3.05,-12.53,-22.44,-30.4,-36.43,-40.44,-42.93,-44.86,-45.97,-46.85,-47.0,-47.47,-47.56,-47.68,-47.65,-47.5,-47.34,-47.13,-46.63,-46.35,-45.97,-45.66,-45.23,-44.89,-44.51,-43.95,-43.58,-43.21,-42.8,-42.52,-42.12,-41.53,-40.91,-40.5,-40.1,-39.23,-38.2,-37.64,-36.87,-35.84,-32.76,-17.28,-3.14,3.05,1.37,-6.5,-16.66,-26.8,-34.35,-39.32,-42.4,-44.11,-45.38,-46.1,-46.38,-46.6,-46.78,-46.78,-46.81,-46.75,-46.44,-46.32,-46.01,-45.82,-45.48,-45.01,-44.73,-44.39,-44.02,-43.71,-43.27,-42.96,-42.62,-42.24,-41.96,-41.28,-40.75,-40.41,-40.04,-39.45,-39.01,-38.64,-37.95,-37.68,-36.9,-36.4,-35.78,-34.69,-31.61,-16.97,-4.41,1.59,0.0,-6.12,-14.11,-22.51,-29.1,-34.5,-38.14,-40.35,-42.24,-43.52,-44.3,-44.89,-45.6,-45.79,-45.85,-46.01,-45.97,-45.94,-45.7,-45.32,-45.07,-45.01,-44.64,-44.48,-44.33,-44.08,-43.92,-43.49,-43.21,-42.84,-42.87,-42.34,-42.09,-41.72,-41.41,-40.88,-40.54,-40.19,-39.91,-39.35,-39.01,-38.58,-38.23,-37.55,-36.62,-35.44,-33.54,-21.98,-8.21,0.16,1.06,-3.92,-12.25,-21.04,-28.32,-33.79,-38.2,-40.94,-42.84,-44.08,-44.82,-45.42,-45.73,-45.82,-46.01,-45.91,-45.79,-45.7,-45.35,-45.07,-44.92,-44.67,-44.39,-44.05,-43.89,-43.21,-42.9,-42.62,-42.28,-42.0,-41.5,-41.19,-40.91,-40.38,-39.94,-39.57,-39.35,-38.92,-38.67,-38.05,-37.3,-36.71,-36.46,-36.06,-35.28,-34.19,-32.92,-29.44,-14.8,-3.36,0.96,-1.4,-7.58,-15.82,-23.75,-30.71,-35.81,-39.26,-41.56,-43.12,-44.3,-44.95,-45.45,-45.66,-45.76,-45.79,-45.76,-45.6,-45.48,-45.23,-45.17,-45.01,-44.51,-44.42,-44.17,-43.89,-43.61,-43.36,-42.8,-42.43,-42.28,-41.93,-41.41,-41.0,-40.54,-40.41,-39.94,-39.42,-38.76,-38.55,-38.05,-37.64,-37.05,-36.28,-35.25,-31.74,-16.94,-4.63,1.18,0.34,-5.35,-14.39,-23.5,-30.96,-36.06,-39.6,-41.81,-43.46,-44.61,-45.35,-45.94,-46.19,-46.29,-46.41,-46.44,-46.13,-45.91,-45.82,-45.63,-45.26,-44.98,-44.92,-44.64,-44.33,-44.14,-43.77,-43.67,-43.36,-43.21,-42.99,-42.68,-42.4,-41.9,-41.65,-41.44,-40.94,-40.63,-40.1,-39.51,-39.01,-38.39,-37.86,-37.18,-36.25,-34.85,-29.34,-14.52,-2.14,3.05,0.81,-7.06,-16.66,-25.93,-32.7,-37.92,-41.0,-42.99,-44.39,-45.32,-46.13,-46.22,-46.47,-46.6,-46.72,-46.57,-46.35,-46.1,-45.82,-45.7,-45.51,-45.07,-44.95,-44.61,-44.14,-43.99,-43.74,-43.3,-42.71,-42.4,-42.12,-41.59,-41.22,-40.91,-40.1,-39.79,-39.23,-38.33,-37.52,-36.4,-34.69,-24.59,-10.23,0.56,2.24,-2.14,-10.51,-19.86,-28.1,-34.38,-38.67,-41.37,-43.46,-44.76,-45.63,-46.35,-46.38,-46.85,-46.85,-46.69,-46.6,-46.5,-46.04,-46.01,-45.76,-45.63,-45.2,-44.98,-44.58,-44.14,-43.8,-43.43,-42.96,-42.59,-42.15,-41.62,-41.16,-41.0,-40.57,-40.13,-39.51,-38.86,-38.48,-37.89,-36.99,-36.46,-34.88,-28.57,-13.46,-0.96,3.05,-0.68,-8.36,-17.56,-26.39,-33.04,-38.17,-41.47,-43.8,-45.07,-46.13,-46.69,-47.19,-47.28,-47.22,-47.25,-47.22,-47.06,-46.69,-46.38,-46.16,-45.76,-45.45,-45.32,-45.04,-44.45,-44.23,-43.99,-43.64,-43.33,-42.87,-42.15,-41.84,-41.47,-41.0,-40.47,-39.98,-39.54,-38.79,-38.33,-37.89,-37.33,-36.4,-35.1,-33.6,-23.9,-8.36,1.93,3.42,-2.58,-11.56,-21.29,-29.87,-36.12,-40.22,-42.59,-44.58,-45.38,-46.25,-46.78,-46.81,-46.88,-46.94,-46.63,-46.44,-46.25,-45.85,-45.66,-45.42,-45.07,-44.86,-44.51,-44.17,-43.8,-43.15,-42.87,-42.4,-41.96,-41.41,-40.88,-40.54,-40.16,-39.66,-38.89,-38.17,-37.61,-36.4,-35.06,-27.7,-12.99,-1.27,3.26,0.34,-7.43,-17.25,-26.33,-33.45,-38.51,-41.9,-43.99,-45.29,-46.13,-46.57,-47.16,-47.44,-47.53,-47.34,-47.16,-47.13,-46.78,-46.53,-46.16,-45.63,-45.26,-44.95,-44.42,-43.77,-43.36,-42.99,-42.49,-42.37,-41.84,-41.44,-40.97,-40.75,-40.29,-39.88,-39.45,-39.2,-38.67,-38.27,-37.49,-36.84,-36.31,-35.5,-34.82,-33.63,-27.98,-14.08,-2.55,1.31,-0.93,-6.78,-15.76,-23.87,-30.84,-35.78,-39.23,-41.78,-43.36,-44.2,-44.92,-45.38,-45.73,-45.91,-45.97,-46.13,-45.88,-45.66,-45.32,-45.07,-44.95,-44.51,-44.2,-43.83,-43.67,-43.27,-42.77,-42.65,-42.43,-42.18,-41.72,-41.47,-41.09,-40.78,-40.32,-39.7,-39.48,-39.01,-38.67,-38.17,-37.46,-37.27,-36.87,-36.62,-35.87,-35.31,-34.91,-33.85,-32.76,-28.29,-14.58,-3.76,0.44,-0.78,-6.65,-15.17,-23.41,-30.34,-35.22,-38.67,-40.75,-42.52,-43.74,-44.33,-44.86,-45.26,-45.6,-45.85,-45.91,-45.76,-45.7,-45.57,-45.45,-45.38,-44.95,-44.7,-44.36,-44.02,-43.74,-43.58,-43.21,-42.68,-42.28,-42.0,-41.34,-41.0,-40.78,-40.19,-39.79,-39.48,-39.04,-38.3,-37.77,-36.99,-35.72,-34.35,-29.19,-13.96,-1.96,2.58,0.78,-6.47,-15.79,-25.02,-32.3,-37.64,-40.97,-42.84,-44.27,-45.14,-45.45,-45.66,-46.19,-46.07,-46.16,-45.97,-45.57,-45.7,-45.63,-45.32,-45.23,-45.01,-44.76,-44.3,-44.08,-43.55,-43.21,-42.87,-42.43,-42.15,-41.96,-41.37,-40.81,-40.44,-39.98,-39.51,-38.92,-38.3,-37.68,-37.05,-36.49,-35.75,-34.72,-33.26,-27.54,-12.78,-0.9,2.86,-0.22,-8.11,-17.25,-26.2,-33.26,-37.89,-41.28,-43.61,-45.01,-45.85,-46.47,-46.63,-46.63,-46.6,-46.66,-46.5,-46.19,-46.07,-45.73,-45.63,-45.29,-45.01,-44.82,-44.51,-44.08,-43.8,-43.33,-43.12,-42.62,-42.21,-41.96,-41.65,-41.25,-40.85,-40.26,-39.85,-39.38,-38.55,-37.86,-37.64,-37.33,-36.49,-35.53,-34.01,-27.57,-12.62,-0.25,3.39,-0.03,-8.49,-18.46,-26.92,-33.48,-37.89,-41.03,-43.08,-44.42,-45.51,-46.1,-46.32,-46.41,-46.63,-46.47,-46.44,-46.29,-45.88,-45.73,-45.42,-44.89,-44.64,-44.33,-43.92,-43.71,-43.33,-42.9,-42.59,-42.28,-42.0,-41.59,-41.13,-40.5,-40.29,-39.82,-39.26,-38.64,-38.05,-37.15,-36.53,-35.19,-31.18,-16.85,-4.23,2.18,0.81,-5.41,-14.39,-23.53,-30.81,-36.18,-39.85,-42.24,-43.74,-44.86,-45.42,-45.76,-45.79,-45.85,-45.94,-45.85,-45.6,-45.35,-45.32,-44.95,-44.73,-44.42,-44.14,-43.71,-43.36,-42.84,-42.49,-42.34,-42.03,-41.41,-40.88,-40.44,-39.91,-39.35,-39.01,-38.67,-38.05,-37.49,-36.99,-35.78,-34.85,-32.98,-21.48,-7.93,0.28,0.44,-4.32,-12.09,-20.14,-27.2,-32.86,-37.15,-40.1,-42.03,-43.49,-44.27,-44.82,-45.23,-45.6,-45.76,-45.73,-45.57,-45.48,-45.45,-45.2,-44.92,-44.86,-44.51,-44.27,-43.89,-43.58,-43.18,-42.8,-42.46,-41.96,-41.59,-41.19,-40.54,-39.94,-39.42,-38.95,-38.33,-37.71,-37.15,-36.43,-35.75,-34.44,-28.75,-14.42,-3.14,0.78,-1.4,-7.93,-15.76,-23.44,-29.97,-34.78,-38.39,-41.0,-42.65,-43.61,-44.36,-44.79,-45.04,-45.23,-45.29,-45.04,-45.1,-45.14,-44.98,-44.73,-44.61,-44.61,-44.36,-44.05,-43.64,-43.33,-43.08,-42.8,-42.37,-42.03,-41.56,-41.31,-41.03,-40.72,-40.41,-40.19,-39.66,-39.32,-38.95,-38.67,-37.95,-37.86,-37.52,-36.96,-36.31,-35.03,-33.67,-27.76,-13.86,-3.61,0.87,-0.71,-6.43,-15.48,-24.56,-31.77,-37.05,-40.26,-42.37,-43.86,-44.89,-45.42,-45.73,-45.91,-45.91,-45.82,-45.73,-45.66,-45.54,-45.38,-45.17,-44.89,-44.55,-44.33,-43.99,-43.61,-43.18,-43.02,-42.62,-42.24,-42.03,-41.62,-41.22,-40.94,-40.63,-40.22,-39.94,-39.51,-39.01,-38.51,-37.95,-37.4,-36.84,-36.03,-34.94,-30.25,-15.82,-3.7,1.77,0.28,-5.91,-13.93,-22.47,-30.06,-35.53,-39.45,-41.65,-43.43,-44.51,-45.26,-45.73,-45.97,-45.94,-45.97,-46.01,-45.76,-45.48,-45.2,-45.07,-44.86,-44.64,-44.27,-43.95,-43.71,-43.43,-43.02,-42.87,-42.62,-42.28,-41.72,-41.37,-40.94,-40.41,-40.19,-39.76,-39.45,-38.98,-38.64,-37.92,-37.4,-36.68,-35.41,-34.19,-28.44,-13.96,-2.55,1.93,0.0,-6.09,-15.39,-24.25,-31.58,-36.84,-40.44,-42.46,-44.08,-44.95,-45.63,-45.91,-46.01,-46.04,-45.76,-45.88,-45.76,-45.6,-45.35,-45.04,-44.82,-44.55,-44.39,-44.02,-43.46,-43.24,-42.77,-42.31,-41.96,-41.5,-41.19,-40.5,-39.98,-39.45,-38.79,-38.51,-37.71,-36.99,-35.97,-32.67,-18.34,-5.81,0.87,0.5,-5.28,-13.43,-21.88,-29.28,-34.22,-38.02,-40.5,-42.4,-43.27,-44.11,-44.61,-44.82,-44.95,-45.14,-45.26,-45.38,-45.48,-45.23,-44.92,-44.7,-44.58,-44.3,-43.89,-43.77,-43.46,-43.12,-42.77,-42.59,-42.49,-41.93,-41.47,-41.03,-40.35,-40.07,-39.73,-39.01,-38.42,-38.27,-37.64,-36.96,-36.15,-35.47,-34.35,-33.01,-25.99,-12.4,-2.77,0.44,-2.77,-9.39,-16.75,-24.46,-30.77,-35.22,-38.64,-40.85,-42.62,-43.39,-44.17,-44.48,-44.82,-44.95,-44.98,-44.92,-44.76,-44.27,-43.95,-44.02,-43.74,-43.52,-43.18,-42.74,-42.65,-42.28,-42.15,-41.78,-41.28,-40.94,-40.44,-39.91,-39.2,-38.58,-38.05,-37.49,-36.18,-34.69,-28.72,-15.45,-4.66,-0.34,-1.37,-5.94,-12.47,-19.96,-27.11,-32.58,-36.56,-39.2,-41.09,-42.52,-43.36,-43.77,-44.17,-44.45,-44.33,-44.33,-44.33,-44.27,-44.2,-43.99,-43.77,-43.89,-43.61,-43.46,-42.84,-42.56,-42.09,-41.72,-41.47,-41.0,-40.78,-40.66,-40.22,-39.76,-39.42,-39.2,-38.83,-38.23,-37.83,-37.4,-36.99,-36.71,-36.06,-35.34,-34.5,-33.35,-30.06,-17.53,-6.87,-1.43,-2.21,-7.03,-13.18,-20.58,-27.17,-32.39,-36.03,-38.86,-40.94,-42.52,-43.43,-44.33,-44.89,-45.17,-45.17,-45.38,-45.01,-44.92,-44.73,-44.51,-44.27,-43.92,-43.67,-43.36,-43.02,-42.77,-42.43,-42.21,-42.03,-41.72,-41.41,-41.03,-40.63,-40.01,-39.79,-39.54,-38.98,-38.61,-38.3,-37.36,-36.4,-35.06,-31.58,-18.12,-6.9,-0.87,-0.53,-4.38,-11.1,-19.46,-26.67,-32.89,-37.12,-40.07,-41.9,-43.27,-44.14,-44.95,-45.29,-45.29,-45.35,-45.32,-45.32,-45.17,-45.07,-44.64,-44.51,-44.27,-43.95,-43.64,-43.3,-43.12,-42.84,-42.56,-42.24,-41.87,-41.75,-41.28,-40.97,-40.44,-39.94,-39.29,-38.89,-38.08,-37.27,-36.49,-35.87,-35.1,-33.42,-27.04,-14.11,-4.45,-0.68,-1.93,-6.5,-13.27,-20.21,-26.95,-32.42,-36.06,-38.89,-40.88,-42.09,-42.87,-43.55,-43.83,-44.17,-44.23,-44.51,-44.36,-44.39,-44.14,-43.92,-43.92,-43.52,-43.43,-43.05,-42.8,-42.68,-42.28,-42.06,-41.65,-41.34,-41.03,-40.66,-40.26,-39.98,-39.54,-39.11,-38.42,-37.95,-37.24,-36.31,-35.5,-34.47,-33.01,-29.19,-15.98,-5.04,0.25,-0.19,-5.0,-12.93,-21.04,-27.98,-33.23,-36.93,-39.63,-41.47,-42.77,-43.64,-44.23,-44.82,-45.1,-45.2,-45.29,-45.26,-45.17,-44.86,-44.79,-44.58,-44.27,-44.17,-43.74,-43.3,-43.21,-42.93,-42.56,-42.24,-41.81,-41.37,-41.31,-40.78,-40.47,-40.1,-39.63,-39.23,-38.73,-38.08,-37.77,-37.15,-36.65,-35.69,-34.82,-33.88,-32.67,-30.68,-18.87,-7.55,-0.47,0.84,-2.98,-10.72,-19.12,-26.8,-32.48,-36.93,-39.73,-41.9,-43.21,-44.23,-44.7,-45.01,-45.1,-45.07,-45.14,-45.23,-45.1,-44.98,-44.79,-44.39,-44.14,-43.99,-43.61,-43.33,-42.9,-42.65,-42.18,-42.18,-41.75,-41.53,-41.13,-40.85,-40.47,-39.91,-39.79,-39.17,-38.64,-38.61,-37.99,-37.64,-37.15,-36.4,-35.65,-34.38,-30.99,-17.87,-6.03,0.93,1.03,-3.79,-11.28,-19.96,-27.79,-33.85,-38.05,-40.91,-42.84,-44.23,-45.07,-45.66,-45.97,-46.19,-46.29,-46.25,-46.1,-45.82,-45.51,-45.32,-45.07,-44.67,-44.45,-44.08,-43.89,-43.52,-43.15,-42.8,-42.49,-42.15,-41.78,-41.16,-40.94,-40.6,-40.04,-39.66,-39.2,-38.83,-38.33,-37.64,-36.8,-36.12,-34.78,-29.19,-14.39,-2.36,2.52,0.68,-6.09,-14.98,-23.81,-30.81,-36.0,-39.54,-42.18,-43.64,-44.51,-45.29,-45.66,-45.94,-45.97,-46.13,-45.97,-45.88,-45.48,-45.17,-44.98,-44.58,-44.48,-44.2,-43.77,-43.46,-43.18,-42.9,-42.56,-42.18,-41.59,-41.31,-41.16,-40.69,-40.26,-39.98,-39.66,-38.98,-38.67,-38.02,-37.43,-36.65,-35.53,-33.11,-22.04,-9.54,-0.9,0.87,-2.74,-9.33,-17.31,-25.21,-31.71,-36.43,-39.7,-41.65,-43.05,-44.02,-44.45,-44.73,-44.98,-44.92,-45.01,-45.01,-44.67,-44.51,-44.27,-44.2,-43.89,-43.36,-43.05,-42.9,-42.43,-42.4,-42.09,-41.65,-41.16,-40.66,-40.19,-39.82,-39.32,-38.89,-38.61,-38.27,-37.74,-36.8,-35.47,-34.07,-28.26,-14.42,-4.2,0.65,-0.93,-6.9,-14.58,-22.72,-29.69,-35.0,-38.39,-40.91,-42.43,-43.61,-44.58,-44.92,-45.17,-45.32,-45.29,-45.14,-45.04,-45.04,-44.61,-44.42,-44.39,-43.95,-43.67,-43.3,-43.08,-42.87,-42.4,-42.12,-41.78,-41.47,-41.06,-40.72,-40.35,-40.04,-39.79,-39.32,-39.17,-38.61,-38.05,-37.4,-36.56,-36.0,-34.82,-32.7,-21.7,-9.11,-0.99,0.93,-2.46,-9.48,-17.53,-25.21,-31.58,-35.93,-39.26,-41.69,-43.02,-43.92,-44.58,-45.14,-45.35,-45.51,-45.6,-45.66,-45.35,-45.17,-44.95,-44.61,-44.3,-44.08,-43.8,-43.27,-42.96,-42.46,-42.15,-41.59,-41.34,-40.88,-40.72,-40.19,-39.7,-39.38,-38.95,-38.61,-38.05,-37.68,-37.46,-36.96,-36.28,-35.72,-35.13,-34.01,-32.92,-31.02,-21.51,-9.57,-2.3,-0.47,-2.89,-9.2,-16.75,-24.28,-30.37,-34.69,-37.89,-40.07,-41.75,-42.74,-43.61,-44.2,-44.64,-44.92,-45.14,-45.2,-45.42,-45.35,-45.26,-45.07,-44.86,-44.73,-44.51,-44.2,-44.08,-43.71,-43.21,-42.87,-42.28,-41.93,-41.41,-40.97,-40.54,-40.29,-39.63,-39.11,-38.55,-37.89,-37.18,-36.4,-35.19,-33.01,-20.7,-8.7,-0.12,1.12,-3.42,-10.69,-19.33,-26.83,-32.7,-36.84,-39.82,-41.72,-43.15,-44.27,-44.79,-45.04,-45.51,-45.85,-45.94,-45.66,-45.57,-45.45,-45.42,-44.95,-44.89,-44.45,-44.14,-43.95,-43.67,-43.49,-43.15,-42.8,-42.49,-42.18,-41.87,-41.59,-41.31,-41.09,-40.69,-40.16,-39.88,-39.48,-39.01,-38.36,-37.89,-37.49,-36.74,-36.0,-34.85,-33.17,-24.22,-10.69,-0.99,2.02,-1.83,-8.42,-16.91,-25.58,-32.05,-36.28,-39.51,-41.53,-43.02,-44.02,-44.58,-45.04,-45.23,-45.35,-45.45,-45.38,-45.51,-45.29,-44.98,-44.86,-44.64,-44.48,-44.08,-44.08,-43.67,-43.21,-42.99,-42.68,-42.21,-41.93,-41.65,-41.31,-40.81,-40.44,-39.88,-39.63,-38.98,-38.05,-37.71,-37.18,-36.56,-36.03,-35.16,-33.48,-27.17,-12.9,-2.08,1.12,-1.24,-6.93,-14.49,-22.35,-29.19,-34.26,-37.61,-40.07,-41.78,-42.9,-43.33,-44.14,-44.42,-44.7,-44.58,-44.76,-44.73,-44.51,-44.45,-44.2,-43.95,-43.77,-43.52,-43.36,-43.21,-42.84,-42.77,-42.37,-42.0,-41.78,-41.47,-41.25,-40.85,-40.5,-40.19,-39.82,-39.32,-38.98,-38.39,-37.8,-37.15,-36.37,-35.59,-34.57,-33.29,-25.93,-13.62,-4.94,-1.31,-2.36,-7.27,-14.24,-21.32,-27.63,-32.42,-35.78,-38.27,-39.79,-41.0,-41.87,-42.49,-42.93,-43.21,-43.43,-43.52,-43.43,-43.21,-43.02,-43.24,-42.93,-42.77,-42.52,-42.31,-42.0,-41.9,-41.78,-41.41,-41.16,-40.94,-40.54,-40.19,-39.91,-39.54,-39.14,-38.61,-38.02,-37.92,-37.55,-37.24,-37.05,-36.71,-36.4,-35.72,-34.66,-34.1,-32.92,-28.04,-15.05,-5.5,-1.06,-1.37,-5.5,-11.66,-18.81,-26.11,-31.8,-35.84,-38.76,-40.72,-42.21,-43.08,-43.67,-44.02,-44.08,-44.27,-44.05,-43.83,-43.92,-43.58,-43.33,-43.18,-42.93,-42.71,-42.46,-42.28,-41.93,-41.62,-41.65,-41.5,-40.97,-40.5,-40.26,-39.82,-39.66,-39.32,-38.86,-38.39,-37.8,-37.61,-37.15,-36.43,-35.75,-34.82,-33.14,-27.91,-15.82,-6.5,-2.11,-2.39,-6.19,-11.84,-18.4,-24.74,-30.34,-34.5,-37.36,-39.29,-40.66,-41.84,-42.68,-43.05,-43.36,-43.67,-43.74,-43.39,-43.33,-43.33,-43.18,-43.08,-42.99,-42.77,-42.4,-42.31,-42.12,-41.93,-41.72,-41.5,-41.34,-40.88,-40.66,-40.5,-40.26,-40.16,-40.01,-39.85,-39.51,-39.17,-38.89,-38.58,-38.36,-38.08,-37.8,-37.4,-37.05,-36.49,-36.06,-35.03,-34.26,-32.64,-24.59,-12.31,-3.85,-0.12,-1.99,-7.55,-15.01,-22.29,-28.32,-33.35,-36.8,-39.42,-41.13,-42.62,-43.33,-44.02,-44.17,-44.33,-44.36,-44.36,-44.23,-44.17,-43.92,-43.92,-43.64,-43.55,-43.27,-43.15,-43.02,-42.71,-42.43,-42.24,-41.9,-41.62,-41.16,-40.75,-40.5,-40.16,-39.54,-39.35,-38.83,-38.3,-37.92,-37.49,-36.84,-36.06,-34.88,-32.39,-21.36,-10.57,-2.86,-0.87,-3.33,-8.42,-14.89,-21.92,-27.88,-32.64,-36.15,-38.58,-40.29,-41.62,-42.28,-42.87,-43.18,-43.58,-43.74,-43.83,-43.71,-43.77,-43.61,-43.58,-43.39,-43.3,-42.9,-42.62,-42.34,-41.96,-41.34,-41.09,-40.97,-40.81,-40.54,-40.19,-39.7,-39.29,-38.92,-38.64,-38.3,-38.14,-37.8,-37.55,-37.18,-36.71,-36.34,-35.84,-35.28,-34.35,-32.64,-27.01,-15.11,-6.68,-2.83,-2.74,-6.43,-12.22,-18.87,-24.74,-29.38,-33.11,-36.28,-38.45,-40.04,-41.13,-41.93,-42.43,-42.59,-42.99,-43.3,-43.36,-43.18,-43.33,-43.08,-43.02,-42.84,-42.84,-42.4,-42.31,-42.12,-41.62,-41.34,-41.0,-41.03,-40.63,-40.16,-39.85,-39.29,-39.01,-38.7,-38.45,-38.2,-37.64,-37.4,-36.62,-36.34,-35.78,-35.22,-34.5,-33.51,-32.08,-29.5,-18.71,-8.8,-3.23,-2.14,-4.66,-9.45,-15.57,-22.29,-28.47,-33.17,-36.65,-39.07,-40.94,-41.96,-42.87,-43.58,-43.58,-43.83,-44.14,-43.92,-43.99,-44.02,-43.71,-43.39,-43.33,-43.3,-43.02,-42.62,-42.49,-42.34,-42.12,-41.93,-41.69,-41.28,-41.0,-40.85,-40.44,-40.22,-40.1,-39.73,-39.51,-38.64,-38.45,-38.17,-37.55,-37.12,-36.37,-36.06,-35.62,-35.06,-34.22,-33.23,-31.21,-23.19,-11.35,-3.23,-0.87,-3.08,-8.14,-15.45,-22.69,-28.88,-33.26,-36.4,-38.79,-40.44,-41.75,-42.59,-43.21,-43.43,-43.55,-43.86,-43.8,-43.67,-43.64,-43.33,-43.3,-43.27,-43.02,-42.74,-42.46,-42.31,-41.93,-41.34,-41.03,-40.5,-40.35,-40.04,-39.54,-39.42,-38.83,-38.36,-37.99,-37.21,-36.93,-36.4,-35.9,-35.25,-34.16,-32.83,-30.4,-20.52,-10.91,-5.16,-3.05,-5.19,-9.45,-15.32,-21.73,-26.92,-31.21,-34.47,-36.56,-38.76,-39.88,-40.54,-41.03,-41.62,-41.96,-42.12,-42.15,-42.34,-42.31,-42.24,-42.21,-42.0,-41.78,-41.53,-41.47,-41.44,-41.22,-41.16,-40.91,-40.6,-40.32,-40.13,-39.98,-39.57,-39.29,-38.86,-38.67,-38.33,-37.92,-37.64,-37.49,-36.8,-36.71,-36.15,-35.34,-34.69,-33.91,-32.79,-31.58,-28.66,-16.91,-7.55,-2.33,-2.02,-6.03,-12.19,-18.99,-25.33,-30.59,-34.35,-37.08,-39.07,-40.13,-41.28,-42.15,-42.68,-43.12,-43.36,-43.33,-43.55,-43.46,-43.36,-43.33,-43.18,-42.93,-42.8,-42.52,-42.46,-42.15,-41.87,-41.72,-41.37,-41.37,-40.94,-40.75,-40.41,-40.16,-39.88,-41.53,-43.08,-44.42,-45.63,-46.44,-47.34,-48.49,-48.93,-49.67,-50.39,-51.17,-51.57,-52.29,-52.63,-53.09,-53.59,-54.03,-54.49,-54.77,-55.11,-55.42,-55.7,-56.02,-56.23,-56.51,-56.76,-57.07,-57.29,-57.54,-57.85,-58.04,-58.35,-58.44,-58.6,-58.75,-59.03,-59.16,-59.31,-59.43,-59.59,-59.78,-59.87,-60.06,-60.31,-60.4,-60.58,-60.68,-60.86,-60.93,-60.93,-61.11,-61.11,-61.14,-61.39,-61.64,-61.61,-61.74,-61.77,-61.89,-61.86,-62.01,-62.05,-62.26,-62.17,-62.17,-62.33,-62.36,-62.45,-62.39,-62.17,-62.64,-62.7,-62.67,-62.85,-62.85,-62.92,-63.04,-63.01,-62.98,-63.01,-63.07,-63.2,-63.01,-63.07,-63.23,-63.13,-63.17,-63.17,-63.2,-63.26,-63.32,-63.29,-63.35,-63.41,-63.44,-63.57,-63.51,-63.57,-63.6,-63.63,-63.66,-63.82,-63.79,-63.85,-63.79,-63.72,-63.85,-63.94,-63.94,-63.6,-63.85,-63.85,-63.88,-63.94,-63.94,-63.88,-63.97,-64.0,-63.79,-64.04,-63.94,-64.07,-63.97,-63.94,-64.1,-64.07,-64.16,-64.13,-64.22,-64.16,-64.35,-64.1,-64.19,-64.13,-64.19,-64.1,-64.19,-64.35,-64.25,-64.32,-64.35,-64.35,-64.41,-64.35,-64.44,-64.35,-64.47,-64.28,-64.41,-64.38,-64.28,-64.35,-64.35,-64.38,-64.35,-64.41,-64.44,-64.47,-64.47,-64.32,-64.5,-64.35,-64.44,-64.47,-64.5,-64.53,-64.5,-64.56,-64.32,-64.35,-64.41,-64.32,-64.38,-64.44,-64.41,-64.41,-64.56,-64.5,-64.38,-64.41,-64.32,-64.41,-64.35,-64.47,-64.32,-64.5,-64.35,-64.35,-64.53,-64.32,-64.32,-64.32,-64.19,-64.38,-64.44,-64.35,-64.35,-64.35,-64.44,-64.35,-64.38,-64.5,-64.35,-64.56,-64.5,-64.59,-64.41,-64.53,-64.41,-64.56,-64.41,-64.38,-64.47,-64.44,-64.5,-64.47,-64.5,-64.38,-64.41,-64.35,-64.47,-64.59,-64.5,-64.47,-64.59,-64.56,-64.5,-64.47,-64.47,-64.56,-64.47,-64.59,-64.53,-64.5,-64.5,-64.56,-64.53,-64.66,-64.59,-64.66,-64.69,-64.63,-64.63,-64.66,-64.75,-64.72,-64.69,-64.84,-64.69,-64.66,-64.75,-64.75,-64.75,-64.72,-64.69,-64.72,-64.66,-64.72,-64.78,-64.72,-64.78,-64.63,-64.84,-64.59,-64.63,-64.66,-64.63,-64.69,-64.63,-64.63,-64.66,-64.75,-64.87,-64.75,-64.69,-64.87,-64.91,-64.72,-64.72,-64.75,-64.78,-64.63,-64.78,-64.72,-64.75,-64.84,-64.78,-64.63,-64.81,-64.72,-64.59,-64.78,-64.66,-64.63,-64.66,-64.81,-64.84,-64.91,-65.0,-64.91,-64.91,-64.75,-64.84,-64.84,-64.87,-65.03,-65.03,-64.97,-64.84,-64.87,-64.97,-65.03,-65.0,-64.91,-64.91,-65.03,-64.91,-64.91,-65.0,-64.97,-65.03,-64.97,-65.12,-65.0,-65.06,-65.0,-65.0,-65.0,-64.97,-65.03,-64.91,-65.0,-65.03,-65.22,-65.0,-65.0,-65.0,-65.03,-65.15,-65.09,-65.09,-65.12,-65.15,-65.19,-65.22,-65.25,-65.28,-65.19,-65.28,-65.19,-65.28,-65.22,-65.25,-65.34,-65.47,-65.34,-65.53,-65.4,-65.37,-65.4,-65.4,-65.5,-65.34,-65.37,-65.5,-65.47,-65.4,-65.25,-65.4,-65.4,-65.4,-65.5,-65.37,-65.4,-65.5,-65.47,-65.47,-65.47,-65.5,-65.47,-65.4,-65.53,-65.5,-65.5,-65.62,-65.53,-65.62,-65.5,-65.56,-65.37,-65.56,-65.62,-65.68,-65.59,-65.59,-65.62,-65.65,-65.56,-65.53,-65.68,-65.68,-65.71,-65.71,-65.65,-65.68,-65.78,-65.59,-65.68,-65.71,-65.68,-65.68,-65.59,-65.68,-65.75,-65.75,-65.65,-65.78,-65.87,-65.75,-65.84,-65.78,-65.78,-65.87,-65.81,-65.81,-65.93,-65.9,-65.87,-65.81,-65.75,-66.02,-65.9,-65.87,-65.87,-65.84,-65.84,-66.02,-66.06,-66.02,-66.02,-66.09,-66.18,-66.15,-66.12,-66.21,-66.18,-66.15,-66.06,-66.27,-66.24,-66.18,-66.27,-66.18,-66.24,-66.24,-66.18,-66.34,-66.18,-66.3,-66.34,-66.21,-66.27,-66.27,-66.27,-66.27,-66.24,-66.24,-66.34,-66.24,-66.27,-66.3,-66.09,-66.18,-66.27,-66.15,-66.18,-66.34,-66.24,-66.3,-66.21,-66.27,-66.34,-66.37,-66.37,-66.15,-66.3,-66.18,-66.24,-66.37,-66.37,-66.37,-66.27,-66.34,-66.34,-66.37,-66.4,-66.3,-66.27,-66.4,-66.24,-66.3,-66.3,-66.27,-66.21,-66.37,-66.46,-66.49,-66.3,-66.58,-66.58,-66.49,-66.52,-66.55,-66.65,-66.68,-66.55,-66.65,-66.62,-66.65,-66.58,-66.71,-66.58,-66.62,-66.68,-66.68,-66.74,-66.68,-66.77,-66.77,-66.74,-66.65,-66.68,-66.74,-66.77,-66.77,-66.83,-66.8,-66.74,-66.86,-66.9,-67.02,-66.93,-66.99,-66.9,-66.93,-67.05,-67.08,-67.05,-67.18,-67.05,-66.99,-67.05,-66.96,-67.02,-67.02,-67.02,-67.08,-67.11,-67.08,-67.08,-67.11,-67.11,-67.05,-67.14,-67.14,-67.11,-67.14,-67.02,-67.18,-67.11,-67.08,-67.11,-67.21,-67.21,-67.02,-67.14,-67.14,-67.24,-67.27,-67.27,-67.21,-67.36,-67.27,-67.3,-67.3,-67.36,-67.39,-67.27,-67.39,-67.33,-67.33,-67.39,-67.42,-67.49,-67.36,-67.52,-67.61,-67.36,-67.39,-67.58,-67.55,-67.52,-67.58,-67.64,-67.7,-67.55,-67.61,-67.61,-67.67,-67.7,-67.64,-67.77,-67.67,-67.58,-67.61,-67.73,-67.8,-67.77,-67.77,-67.8,-67.7,-67.83,-67.77,-67.89,-67.89,-67.86,-67.73,-67.83,-67.7,-67.92,-67.77,-67.89,-67.77,-67.86,-67.83,-67.95,-67.77,-68.05,-67.86,-67.95,-67.8,-67.86,-68.01,-67.89,-67.95,-67.89,-68.08,-68.08,-68.05,-67.98,-68.01,-68.11,-67.89,-68.14,-68.11,-68.08,-68.01,-68.17,-68.11,-68.05,-68.08,-68.01,-68.11,-68.17,-67.98,-68.08,-68.2,-68.11,-68.17,-68.08,-68.01,-68.11,-68.08,-67.95,-68.11,-68.08,-68.23,-68.17,-68.08,-68.11,-68.08,-68.17,-68.23,-68.26,-68.2,-68.11,-68.08,-68.11,-68.2,-68.23,-68.17,-68.17,-68.17,-68.2,-68.33,-68.23,-68.23,-68.2,-68.2,-68.17,-68.33,-68.29,-68.26,-68.29,-68.26,-68.33,-68.26,-68.33,-68.33,-68.17,-68.39,-68.39,-68.51,-68.48,-68.36,-68.29,-68.33,-68.36,-68.29,-68.36,-68.39,-68.26,-68.48,-68.39,-68.26,-68.39,-68.42,-68.48,-68.51,-68.45,-68.29,-68.39,-68.45,-68.51,-68.54,-68.45,-68.45,-68.54,-68.54,-68.54,-68.57,-68.54,-68.57,-68.57,-68.54,-68.64,-68.64,-68.73,-68.73,-68.64,-68.7,-68.73,-68.64,-68.64,-68.67,-68.7,-68.73,-68.82,-68.73,-68.76,-68.7,-68.64,-68.67,-68.7,-68.67,-68.79,-68.76,-68.67,-68.6,-68.7,-68.7,-68.67,-68.54,-68.6,-68.7,-68.64,-68.57,-68.57,-68.42,-68.51,-68.51,-68.54,-68.42,-68.42,-68.54,-68.6,-68.36,-68.48,-68.33,-68.45,-68.42,-68.45,-68.45,-68.48,-68.57,-68.51,-68.45,-68.45,-68.6,-68.51,-68.39,-68.42,-68.45,-68.51,-68.33,-68.36,-68.26,-68.45,-68.39,-68.33,-68.36,-68.45,-68.45,-68.48,-68.33,-68.45,-68.36,-68.51,-68.45,-68.39,-68.51,-68.39,-68.48,-68.29,-68.45,-68.51,-68.45,-68.57,-68.48,-68.57,-68.48,-68.57,-68.51,-68.7,-68.67,-68.7,-68.6,-68.54,-68.54,-68.64,-68.57,-68.64,-68.6,-68.6,-68.6,-68.73,-68.76,-68.67,-68.73,-68.76,-68.64,-68.57,-68.73,-68.67,-68.64,-68.76,-68.76,-68.7,-68.64,-68.6,-68.54,-68.6,-68.6,-68.45,-68.54,-68.45,-68.57,-68.54,-68.51,-68.51,-68.45,-68.42,-68.42,-68.33,-68.48,-68.6,-68.48,-68.51,-68.48,-68.39,-68.57,-68.51,-68.51,-68.29,-68.54,-68.33,-68.39,-68.36,-68.29,-68.36,-68.36,-68.45,-68.39,-68.39,-68.33,-68.42,-68.33,-68.33,-68.51,-68.48,-68.48,-68.54,-68.67,-68.51,-68.54,-68.45,-68.64,-68.6,-68.54,-68.51,-68.6,-68.64,-68.67,-68.64,-68.42,-68.48,-68.54,-68.45,-68.48,-68.6,-68.54,-68.64,-68.57,-68.54,-68.6,-68.57,-68.57,-68.6,-68.7,-68.64,-68.67,-68.6,-68.57,-68.82,-68.7,-68.67,-68.7,-68.82,-68.7,-68.7,-68.73,-68.54,-68.73,-68.76,-68.95,-68.79,-68.76,-68.79,-68.76,-68.88,-68.73,-68.88,-68.82,-68.88,-68.73,-68.7,-68.64,-68.95,-68.79,-68.79,-68.85,-68.95,-68.82,-68.88,-68.88,-68.73,-68.79,-68.73,-68.67,-68.67,-68.85,-68.79,-68.64,-68.73,-68.64,-68.64,-68.73,-68.7,-68.64,-68.76,-68.54,-68.51,-68.57,-68.73,-68.48,-68.73,-68.57,-68.54,-68.54,-68.51,-68.45,-68.6,-68.54,-68.51,-68.48,-68.51,-68.33,-68.51,-68.48,-68.39,-68.45,-68.39,-68.48,-68.51,-68.36,-68.42,-68.42,-68.51,-68.39,-68.39,-68.33,-68.36,-68.39,-68.33,-68.48,-68.45,-68.33,-68.42,-68.29,-68.33,-68.36,-68.48,-68.33,-68.39,-68.42,-68.42,-68.45,-68.33,-68.51,-68.33,-68.39,-68.36,-68.39,-68.29,-68.39,-68.23,-68.33,-68.45,-68.26,-68.29,-68.48,-68.39,-68.39,-68.36,-68.54,-68.51,-68.51,-68.45,-68.57,-68.51,-68.39,-68.57,-68.48,-68.45,-68.48,-68.6,-68.42,-68.51,-68.57,-68.23,-68.39,-68.36,-68.39,-68.42,-68.33,-68.36,-68.36,-68.36,-68.33,-68.33,-68.33,-68.39,-68.42,-68.26,-68.23,-68.17,-68.23,-68.26,-68.23,-68.23,-68.23,-68.17,-68.23,-68.2,-68.23,-68.23,-68.05,-68.11,-68.05,-68.17,-68.14,-68.11,-68.17,-68.14,-68.17,-68.26,-68.23,-68.14,-68.11,-68.14,-68.17,-68.11,-68.17,-68.23,-68.17,-68.11,-68.33,-68.23,-68.23,-68.08,-68.05,-68.17,-68.11,-68.05,-68.17,-68.05,-68.08,-68.01,-68.17,-68.14,-68.08,-68.11,-68.17,-68.11,-68.14,-68.11,-68.11,-68.08,-68.23,-68.05,-68.14,-68.08,-68.14,-68.11,-68.08,-68.23,-68.08,-68.17,-68.11,-68.08,-68.01,-68.08,-68.11,-68.14,-68.05,-68.14,-68.05,-67.98,-67.89,-67.98,-68.08,-68.05,-68.11,-68.01,-67.83,-68.11,-68.17,-68.05,-68.14,-68.14,-68.05,-68.08,-67.98,-68.05,-68.08,-67.95,-68.17,-68.01,-67.92,-67.92,-68.01,-67.98,-67.89,-67.89,-67.8,-67.8,-67.86,-67.92,-67.83,-67.77,-67.86,-67.8,-67.83,-67.73,-67.77,-67.73,-67.77,-67.86,-67.73,-67.73,-67.73,-67.7,-67.7,-67.77,-67.77,-67.77,-67.7,-67.7,-67.67,-67.77,-67.64,-67.61,-67.58,-67.58,-67.55,-67.64,-67.58,-67.67,-67.55,-67.45,-67.52,-67.58,-67.39,-67.67,-67.58,-67.55,-67.49,-67.49,-67.61,-67.42,-67.45,-67.61,-67.49,-67.61,-67.7,-67.55,-67.55,-67.36,-67.7,-67.45,-67.58,-67.61,-67.58,-67.55,-67.42,-67.67,-67.36,-67.67,-67.45,-67.55,-67.58,-67.52,-67.52,-67.58,-67.67,-67.52,-67.64,-67.58,-67.61,-67.61,-67.67,-67.67,-67.67,-67.52,-67.49,-67.49,-67.55,-67.52,-67.49,-67.45,-67.49,-67.58,-67.49,-67.67,-67.36,-67.36,-67.39,-67.39,-67.3,-67.36,-67.36,-67.36,-67.27,-67.27,-67.27,-67.27,-67.27,-67.21,-67.11,-67.21,-67.21,-67.14,-67.08,-67.21,-67.08,-67.11,-67.08,-66.93,-67.05,-67.05,-67.08,-67.05,-66.96,-67.02,-67.14,-66.93,-67.08,-67.05,-67.08,-67.05,-66.99,-67.02,-67.08,-66.99,-67.02,-66.99,-66.86,-67.02,-67.11,-66.96,-67.02,-67.08,-66.86,-66.99,-66.9,-66.83,-66.96,-66.96,-66.99,-66.93,-66.93,-67.05,-66.96,-66.96,-66.96,-67.11,-67.02,-67.02,-67.05,-67.08,-67.08,-67.05,-67.11,-67.05,-67.18,-67.08,-67.08,-67.24,-67.24,-67.08,-67.14,-67.11,-67.14,-67.14,-67.14,-67.18,-67.24,-67.27,-67.18,-66.96,-67.24,-67.24,-67.24,-67.3,-67.3,-67.24,-67.27,-67.33,-67.39,-67.21,-67.18,-67.36,-67.18,-67.21,-67.14,-67.36,-67.3,-67.39,-67.21,-67.24,-67.18,-67.24,-67.3,-67.21,-67.18,-67.18,-67.14,-67.24,-67.14,-67.08,-67.24,-67.14,-67.02,-67.24,-67.27,-67.3,-67.24,-67.3,-67.24,-67.11,-67.18,-67.18,-67.24,-67.27,-67.27,-67.27,-67.33,-67.3,-67.3,-67.24,-67.33,-67.3,-67.24,-67.33,-67.33,-67.27,-67.27,-67.21,-67.27,-67.3,-67.27,-67.18,-67.27,-67.21,-67.27,-67.24,-67.24,-67.21,-67.14,-67.11,-67.18,-67.27,-67.24,-67.27,-67.3,-67.18,-67.18,-66.99,-67.18,-67.18,-67.08,-67.18,-67.18,-67.11,-67.18,-67.11,-67.05,-67.21,-67.24,-67.18,-67.14,-67.24,-67.24,-67.36,-67.24,-67.21,-67.18,-67.11,-67.24,-67.3,-67.27,-67.36,-67.24,-67.24,-67.36,-67.18,-67.49,-67.21,-67.18,-67.27,-67.3,-67.21,-67.18,-67.18,-67.24,-67.14,-67.14,-67.05,-67.14,-67.11,-67.05,-66.83,-66.99,-67.11,-66.86,-67.02,-67.05,-66.77,-67.05,-66.86,-66.96,-66.96,-66.96,-66.86,-66.83,-66.77,-66.93,-66.77,-66.9,-66.83,-66.74,-66.77,-66.77,-66.8,-66.8,-66.8,-66.83,-66.8,-66.8,-66.77,-66.77,-66.9,-66.93,-66.74,-66.83,-66.8,-66.8,-66.83,-66.68,-66.68,-66.74,-66.65,-66.74,-66.8,-66.8,-66.62,-66.86,-66.71,-66.77,-66.77,-66.77,-66.93,-66.68,-66.86,-66.93,-66.74,-66.8,-66.8,-66.77,-66.71,-66.86,-66.86,-66.9,-66.96,-66.83,-66.71,-66.83,-66.96,-66.86,-66.77,-66.74,-67.02,-66.86,-66.93,-66.71,-66.83,-66.77,-66.9,-66.93,-66.96,-66.83,-66.8,-66.77,-66.83,-66.83,-66.8,-66.96,-66.96,-66.9,-66.9,-66.86,-66.93,-66.86,-66.77,-66.9,-66.93,-66.9,-66.9,-66.9,-66.86,-66.96,-66.9,-66.9,-66.9,-66.9,-66.96,-66.9,-66.77,-67.02,-66.8,-66.99,-66.86,-66.83,-66.83,-66.83,-66.83,-66.77,-66.77,-66.77,-66.83,-66.74,-66.77,-66.8,-66.68,-66.68,-66.74,-66.65,-66.65,-66.86,-66.74,-66.74,-66.58,-66.62,-66.71,-66.55,-66.71,-66.65,-66.74,-66.68,-66.58,-66.46,-66.74,-66.71,-66.62,-66.65,-66.74,-66.8,-66.68,-66.74,-66.68,-66.71,-66.68,-66.77,-66.77,-66.8
Sweep_12,130.0,-62.89,-63.01,-62.89,-62.95,-63.04,-62.98,-62.92,-62.89,-62.89,-63.04,-63.07,-62.95,-63.01,-62.95,-63.01,-63.1,-63.07,-62.95,-62.98,-63.07,-63.07,-63.04,-63.04,-63.04,-63.01,-63.13,-63.01,-63.01,-63.04,-63.01,-63.04,-63.04,-62.98,-63.04,-63.1,-63.1,-62.92,-63.07,-62.92,-63.01,-63.04,-62.92,-62.85,-62.95,-62.85,-62.85,-62.95,-62.98,-62.67,-62.85,-62.67,-62.79,-62.79,-62.76,-62.79,-62.82,-62.79,-62.95,-62.76,-62.92,-62.92,-62.85,-62.79,-62.79,-62.79,-62.85,-62.73,-62.95,-62.82,-62.85,-62.92,-62.82,-62.95,-62.89,-62.95,-62.89,-62.98,-62.89,-63.01,-63.07,-62.92,-62.85,-62.85,-62.95,-62.89,-62.89,-62.92,-62.82,-62.85,-62.85,-62.82,-62.98,-62.85,-62.89,-62.82,-62.82,-62.82,-62.92,-62.79,-62.85,-62.76,-62.89,-62.73,-62.73,-62.76,-62.76,-62.76,-62.73,-62.73,-62.76,-62.76,-62.76,-62.61,-62.7,-62.73,-62.64,-62.76,-62.82,-62.82,-62.67,-62.67,-62.79,-62.76,-62.82,-62.7,-62.7,-62.7,-62.64,-62.67,-62.73,-62.76,-62.67,-62.57,-62.57,-62.57,-62.61,-62.64,-62.7,-62.67,-62.51,-62.57,-62.57,-62.61,-62.54,-62.51,-62.51,-62.51,-62.39,-62.36,-62.33,-62.33,-62.36,-62.51,-62.39,-62.39,-62.33,-62.26,-62.23,-62.45,-62.29,-62.26,-62.29,-62.26,-62.2,-62.26,-62.26,-62.26,-62.17,-62.23,-62.14,-62.23,-62.14,-62.17,-62.2,-62.11,-62.23,-62.29,-62.29,-62.26,-62.2,-62.11,-62.08,-62.2,-62.17,-62.08,-62.14,-62.23,-62.14,-62.05,-61.98,-62.08,-62.01,-62.05,-62.08,-61.98,-62.23,-62.17,-62.01,-62.08,-62.01,-62.01,-62.11,-62.08,-62.2,-62.08,-62.08,-62.05,-62.17,-62.05,-61.95,-62.11,-62.11,-62.17,-62.05,-62.01,-62.17,-61.98,-62.01,-62.08,-62.05,-62.14,-61.98,-62.05,-62.01,-62.11,-62.17,-62.23,-62.2,-62.2,-62.17,-62.23,-62.01,-62.11,-62.14,-62.26,-62.14,-62.26,-62.14,-62.17,-62.08,-62.2,-62.26,-62.11,-62.11,-62.23,-62.33,-62.23,-62.14,-62.29,-62.17,-62.23,-62.11,-62.23,-62.11,-62.08,-62.05,-62.17,-62.05,-62.14,-62.01,-62.26,-62.23,-62.17,-62.11,-62.2,-62.17,-62.2,-62.17,-62.2,-62.23,-62.23,-62.2,-62.29,-62.08,-62.2,-62.14,-62.2,-62.05,-62.08,-62.29,-62.2,-62.08,-62.14,-62.17,-62.2,-62.05,-62.11,-62.2,-62.05,-62.11,-62.17,-62.2,-62.17,-62.23,-62.33,-62.2,-62.17,-62.36,-62.29,-62.33,-62.26,-62.26,-62.2,-62.29,-62.39,-62.39,-62.26,-62.36,-62.39,-62.42,-62.42,-62.36,-62.45,-62.36,-62.45,-62.39,-62.45,-62.54,-62.57,-62.54,-62.51,-62.57,-62.42,-62.54,-62.51,-62.42,-62.42,-62.45,-62.51,-62.45,-62.42,-62.48,-62.42,-62.45,-62.36,-62.33,-62.33,-62.29,-62.39,-62.51,-62.42,-62.39,-62.42,-62.33,-62.29,-62.29,-62.29,-62.29,-62.42,-62.33,-62.39,-62.36,-62.39,-62.33,-62.33,-62.39,-62.23,-62.42,-62.39,-62.26,-62.26,-62.29,-62.36,-62.26,-62.39,-62.29,-62.23,-62.42,-62.33,-62.39,-62.39,-62.39,-62.29,-62.29,-62.39,-62.45,-60.21,-58.0,-55.95,-54.06,-52.16,-49.92,-47.06,10.69,33.6,-10.85,-41.28,-56.79,-60.34,-60.58,-59.87,-58.84,-57.73,-56.76,-55.55,-54.49,-53.4,-52.38,-51.26,-50.51,-49.55,-48.34,-47.34,-46.38,-45.04,-43.61,-40.04,8.95,24.59,-4.07,-31.83,-48.65,-54.99,-57.17,-57.6,-57.26,-56.64,-55.83,-55.21,-54.31,-53.62,-52.75,-51.79,-50.98,-50.17,-49.18,-48.21,-47.34,-46.32,-45.42,-44.14,-42.46,-40.16,-11.63,22.04,9.11,-17.13,-38.55,-49.18,-53.81,-55.36,-55.67,-55.55,-54.8,-53.96,-53.34,-52.47,-51.63,-50.89,-50.2,-49.52,-48.83,-47.96,-47.31,-46.44,-45.76,-44.82,-43.77,-42.84,-41.93,-40.47,-37.33,-6.06,17.78,7.21,-14.14,-33.04,-44.45,-49.92,-52.97,-53.65,-54.27,-54.21,-53.87,-53.37,-52.56,-52.01,-51.29,-50.64,-49.92,-49.58,-48.9,-48.37,-47.59,-46.85,-46.1,-45.45,-44.3,-43.61,-42.59,-41.81,-40.6,-38.51,-16.63,13.12,12.99,-4.72,-25.49,-39.94,-47.5,-51.17,-52.81,-53.47,-53.72,-53.19,-52.94,-52.38,-51.69,-51.35,-50.7,-50.23,-49.64,-48.99,-48.4,-47.78,-47.0,-46.32,-45.63,-44.98,-44.3,-43.36,-42.4,-41.41,-39.7,-26.02,5.19,14.73,2.95,-16.48,-32.33,-42.4,-48.03,-50.64,-52.13,-52.72,-52.75,-52.69,-52.25,-52.04,-51.17,-50.64,-49.86,-49.33,-48.77,-47.93,-47.44,-46.6,-45.91,-44.92,-44.3,-43.21,-42.31,-41.19,-39.45,-35.78,-8.36,12.22,8.36,-7.18,-23.94,-36.46,-44.3,-48.15,-50.14,-51.17,-51.63,-51.82,-51.32,-51.14,-50.79,-50.26,-49.83,-49.46,-49.18,-48.56,-48.09,-47.56,-46.91,-46.07,-45.66,-45.07,-44.14,-43.49,-42.65,-41.59,-40.81,-40.01,-38.76,-29.56,-2.83,11.44,5.5,-9.08,-24.0,-35.16,-42.34,-46.38,-48.68,-50.2,-50.98,-51.14,-50.98,-50.67,-50.54,-50.14,-49.67,-49.21,-48.77,-48.15,-47.75,-47.16,-46.57,-45.85,-45.26,-44.86,-44.36,-43.83,-43.39,-42.74,-42.18,-41.72,-40.81,-40.16,-39.42,-38.36,-35.93,-14.89,6.47,9.42,-0.9,-15.82,-28.88,-38.36,-43.83,-46.88,-48.62,-49.83,-50.54,-50.51,-50.54,-50.36,-50.05,-49.89,-49.55,-49.21,-48.87,-48.46,-48.21,-47.72,-47.4,-46.85,-46.22,-45.7,-45.17,-44.42,-43.43,-42.71,-42.09,-41.28,-40.16,-38.86,-28.85,-3.98,10.23,5.63,-8.02,-22.41,-34.13,-41.78,-45.88,-48.21,-49.46,-49.98,-50.39,-50.58,-50.39,-50.17,-49.86,-49.64,-49.33,-48.49,-48.15,-47.68,-47.44,-46.81,-46.32,-45.66,-45.17,-44.64,-44.14,-43.52,-43.21,-42.65,-41.87,-41.09,-40.26,-39.48,-38.23,-33.98,-10.94,8.05,8.27,-2.64,-17.1,-29.31,-37.77,-42.96,-46.32,-48.24,-49.55,-50.14,-50.54,-50.51,-50.3,-50.14,-49.67,-49.27,-49.08,-48.59,-48.18,-47.9,-47.28,-46.91,-46.41,-46.01,-45.29,-44.7,-44.27,-43.64,-42.93,-42.4,-41.65,-40.85,-39.85,-39.14,-38.14,-36.06,-17.59,3.79,8.58,-0.19,-13.77,-26.45,-35.31,-41.16,-44.67,-46.85,-48.06,-49.11,-49.36,-49.58,-49.3,-49.36,-49.27,-48.93,-48.56,-48.06,-47.78,-47.44,-46.88,-46.47,-45.91,-45.63,-45.29,-44.7,-44.17,-43.8,-43.18,-42.68,-42.0,-41.37,-40.78,-40.07,-38.92,-37.99,-35.28,-14.98,3.95,7.06,-1.12,-13.71,-25.93,-35.19,-40.88,-44.7,-46.78,-48.03,-48.71,-49.24,-49.36,-49.64,-49.3,-48.99,-48.87,-48.37,-47.93,-47.72,-47.25,-46.81,-46.38,-45.88,-45.38,-44.98,-44.58,-44.02,-43.49,-43.08,-42.18,-41.75,-40.97,-40.63,-39.94,-39.26,-38.36,-36.71,-20.98,-0.37,7.96,2.61,-9.82,-23.31,-33.6,-40.35,-44.58,-46.97,-48.37,-49.18,-49.61,-49.71,-49.8,-49.46,-49.21,-48.93,-48.62,-48.18,-47.9,-47.44,-47.13,-46.72,-46.25,-45.85,-45.42,-45.01,-44.45,-43.86,-43.18,-42.62,-42.09,-41.34,-40.75,-39.94,-38.92,-37.95,-36.87,-34.5,-15.23,3.85,7.46,-0.47,-13.24,-25.12,-34.44,-40.66,-44.3,-46.29,-47.68,-48.31,-48.96,-49.15,-49.24,-49.18,-48.8,-48.59,-48.28,-48.03,-47.5,-47.25,-46.81,-46.5,-45.88,-45.38,-44.92,-44.51,-43.74,-43.02,-42.71,-42.03,-41.37,-40.72,-40.16,-39.35,-38.67,-37.89,-37.18,-35.84,-23.22,-3.23,6.31,3.7,-7.09,-20.02,-30.56,-37.89,-42.68,-45.66,-47.53,-48.37,-48.8,-48.96,-49.11,-48.87,-48.87,-48.56,-48.4,-48.09,-47.72,-47.47,-47.13,-46.81,-46.41,-45.91,-45.51,-45.17,-44.64,-44.17,-43.8,-43.27,-42.74,-42.21,-41.87,-41.31,-40.81,-40.29,-39.38,-37.95,-34.26,-13.93,4.13,6.59,-1.27,-14.49,-26.55,-35.37,-41.03,-44.36,-46.47,-47.78,-48.77,-48.96,-49.18,-48.99,-48.99,-48.9,-48.68,-48.46,-48.0,-47.78,-47.37,-46.6,-46.13,-45.85,-45.42,-45.14,-44.51,-44.05,-43.74,-43.15,-42.77,-42.12,-41.78,-40.91,-40.16,-39.48,-38.83,-37.36,-27.63,-6.31,7.86,5.53,-6.03,-19.52,-30.9,-38.67,-43.46,-46.16,-47.84,-48.77,-49.36,-49.71,-49.64,-49.27,-48.9,-48.65,-48.15,-47.96,-47.59,-47.13,-46.72,-46.29,-45.97,-45.42,-45.26,-44.86,-44.33,-43.83,-43.33,-42.93,-42.49,-42.03,-41.34,-40.72,-40.1,-39.57,-38.7,-38.11,-36.99,-34.82,-18.43,1.09,7.18,1.37,-10.41,-22.75,-33.04,-39.54,-44.11,-46.41,-47.87,-48.49,-48.87,-49.18,-49.21,-49.3,-49.18,-48.65,-48.24,-47.96,-47.5,-47.13,-46.5,-45.97,-45.57,-45.2,-44.76,-44.23,-43.61,-43.27,-42.43,-41.84,-41.5,-40.78,-39.85,-39.2,-38.33,-37.43,-35.59,-21.85,-2.86,7.03,3.11,-7.83,-19.58,-29.87,-37.12,-41.9,-44.82,-46.6,-47.87,-48.43,-48.49,-48.68,-48.65,-48.59,-48.31,-47.96,-47.65,-47.25,-46.69,-46.32,-45.88,-45.42,-45.17,-44.64,-44.36,-43.61,-43.27,-42.62,-42.06,-41.53,-41.06,-40.29,-39.51,-38.45,-37.55,-35.84,-24.15,-5.13,5.78,4.23,-5.22,-16.79,-28.01,-35.87,-41.25,-44.39,-46.38,-47.37,-48.06,-48.28,-48.49,-48.56,-48.37,-48.15,-47.78,-47.37,-46.94,-46.6,-46.01,-45.38,-45.07,-44.64,-44.11,-43.58,-43.21,-42.74,-42.43,-41.87,-41.41,-41.06,-40.63,-40.04,-39.38,-38.86,-37.95,-36.9,-35.37,-23.34,-5.94,4.38,3.51,-4.54,-15.17,-25.89,-34.22,-39.7,-43.18,-45.29,-46.6,-47.16,-47.59,-47.68,-47.81,-47.84,-47.72,-47.4,-47.16,-46.85,-46.72,-46.1,-45.82,-45.6,-45.23,-44.79,-44.55,-44.11,-43.64,-43.3,-43.02,-42.34,-41.81,-41.28,-40.88,-40.29,-39.91,-39.42,-38.86,-37.71,-36.96,-34.29,-17.66,-1.46,4.72,1.31,-8.27,-18.56,-27.98,-35.34,-40.19,-43.39,-45.29,-46.44,-47.16,-47.34,-47.47,-47.5,-47.44,-47.4,-47.19,-47.13,-46.91,-46.47,-46.35,-45.91,-45.57,-45.23,-44.82,-44.27,-43.71,-43.43,-42.8,-42.28,-41.81,-41.78,-41.5,-40.97,-40.5,-39.91,-39.32,-38.61,-37.77,-36.96,-35.65,-32.73,-16.1,-1.52,4.07,0.62,-7.96,-18.46,-27.76,-35.06,-39.91,-43.33,-45.14,-46.1,-46.97,-47.28,-47.62,-47.68,-47.62,-47.56,-47.4,-47.13,-46.72,-46.69,-46.16,-45.97,-45.51,-45.38,-44.92,-44.45,-44.3,-43.77,-43.39,-42.96,-42.62,-42.21,-41.59,-41.19,-40.6,-39.98,-39.04,-38.42,-37.52,-36.03,-25.96,-8.86,3.02,3.89,-2.52,-13.02,-23.72,-32.61,-38.23,-42.06,-44.39,-45.73,-46.63,-47.28,-47.5,-47.65,-47.65,-47.47,-47.28,-46.81,-46.41,-46.25,-45.88,-45.45,-45.1,-44.86,-44.64,-44.2,-43.64,-43.24,-43.02,-42.56,-42.15,-41.69,-41.25,-40.66,-40.26,-39.85,-39.32,-38.23,-37.68,-37.08,-36.12,-31.02,-14.11,-0.71,3.61,-0.71,-9.85,-19.86,-28.78,-35.13,-39.29,-42.15,-44.11,-45.35,-46.22,-46.72,-47.13,-47.28,-47.62,-47.37,-47.09,-47.06,-46.88,-46.57,-46.13,-45.79,-45.63,-45.1,-44.82,-44.36,-43.86,-43.52,-43.33,-42.93,-42.52,-42.12,-41.59,-41.16,-40.66,-40.1,-39.38,-38.86,-38.08,-37.02,-34.47,-18.56,-2.64,4.45,1.87,-6.56,-17.16,-26.86,-34.44,-39.42,-42.99,-45.1,-46.44,-47.0,-47.44,-47.59,-47.65,-47.47,-47.37,-47.16,-46.85,-46.5,-46.44,-46.1,-45.63,-45.14,-44.79,-44.48,-44.14,-43.64,-43.3,-42.77,-42.09,-41.75,-40.94,-40.5,-40.13,-39.48,-38.11,-37.33,-36.77,-35.81,-33.39,-18.87,-4.57,3.14,1.37,-6.28,-16.1,-26.11,-33.48,-38.61,-42.15,-44.55,-45.66,-46.47,-47.0,-47.28,-47.53,-47.37,-47.19,-46.72,-46.66,-46.66,-46.19,-45.79,-45.51,-45.45,-44.98,-44.48,-44.11,-43.67,-43.55,-42.96,-42.59,-42.37,-41.84,-41.28,-40.91,-40.26,-39.6,-38.98,-38.42,-37.33,-36.49,-35.5,-31.96,-15.29,-1.65,3.33,-0.22,-9.23,-19.77,-29.5,-36.06,-40.44,-43.24,-44.79,-45.88,-46.63,-47.0,-47.09,-47.31,-47.31,-47.28,-47.31,-46.97,-46.81,-46.6,-46.38,-45.91,-45.57,-45.26,-44.79,-44.42,-44.08,-43.55,-43.21,-42.99,-42.52,-42.0,-41.53,-41.09,-40.75,-40.07,-39.51,-38.98,-37.52,-36.46,-35.16,-25.71,-9.57,1.43,2.52,-3.36,-12.34,-21.54,-29.75,-35.75,-39.94,-42.34,-44.17,-45.45,-46.22,-46.63,-46.91,-47.13,-47.0,-47.09,-46.91,-46.81,-46.53,-46.29,-45.82,-45.79,-45.54,-45.17,-44.92,-44.33,-44.05,-43.74,-43.3,-42.77,-41.93,-41.44,-40.81,-40.22,-39.57,-38.83,-38.42,-37.86,-37.15,-36.37,-34.5,-23.1,-7.9,1.62,1.52,-4.79,-13.77,-23.53,-31.27,-36.8,-40.5,-42.52,-44.05,-45.14,-45.66,-46.32,-46.57,-46.63,-46.47,-46.44,-46.1,-45.82,-45.57,-45.45,-45.1,-44.89,-44.51,-44.14,-43.95,-43.64,-43.49,-43.18,-42.68,-42.18,-41.75,-41.19,-40.63,-40.01,-39.51,-38.95,-38.23,-37.24,-36.03,-34.97,-31.89,-16.44,-3.2,1.93,-1.46,-9.01,-18.06,-26.24,-32.67,-37.27,-40.19,-42.34,-43.8,-44.98,-45.6,-45.91,-46.25,-46.41,-46.35,-46.44,-46.32,-46.13,-45.91,-45.7,-45.51,-45.14,-44.79,-44.33,-43.83,-43.55,-43.27,-42.84,-42.37,-41.72,-41.56,-41.09,-40.75,-39.98,-39.42,-38.98,-38.3,-37.33,-36.49,-34.85,-23.62,-9.11,0.5,1.74,-3.95,-13.21,-22.23,-30.21,-35.81,-39.66,-41.93,-43.8,-44.92,-45.54,-45.88,-45.88,-46.19,-46.01,-46.13,-45.91,-45.94,-45.91,-45.42,-45.2,-44.79,-44.55,-44.11,-43.67,-43.27,-43.15,-42.74,-42.28,-41.96,-41.72,-41.41,-41.09,-40.69,-39.98,-39.51,-39.07,-38.67,-38.02,-37.18,-35.59,-31.99,-16.32,-2.86,1.49,-0.31,-7.43,-16.85,-25.83,-32.86,-38.17,-41.37,-43.46,-45.01,-45.94,-46.57,-46.78,-46.91,-46.88,-46.81,-46.5,-46.32,-46.07,-45.6,-45.2,-45.01,-44.58,-44.14,-43.67,-43.08,-42.71,-42.34,-41.87,-41.5,-40.88,-40.07,-39.04,-38.64,-38.11,-37.8,-37.21,-36.53,-35.69,-34.85,-33.54,-23.84,-9.57,-0.31,0.37,-4.69,-13.09,-21.6,-29.03,-34.75,-38.73,-41.25,-42.99,-44.45,-45.45,-46.01,-46.32,-46.35,-46.41,-46.32,-46.07,-46.07,-45.79,-45.48,-45.29,-44.98,-44.51,-44.48,-44.08,-43.67,-43.15,-43.02,-42.52,-42.31,-41.69,-41.34,-40.85,-40.32,-39.79,-39.29,-38.67,-37.95,-36.8,-34.57,-21.54,-7.65,0.12,0.75,-4.38,-12.81,-21.95,-29.75,-35.62,-39.38,-41.81,-43.71,-44.92,-45.63,-46.13,-46.5,-46.63,-46.6,-46.29,-46.19,-46.25,-46.01,-45.76,-45.26,-45.04,-44.95,-44.48,-44.05,-43.8,-43.33,-42.8,-42.37,-42.0,-41.78,-41.41,-40.5,-39.88,-39.38,-38.42,-37.08,-35.72,-24.43,-9.89,0.5,1.59,-3.92,-12.12,-20.89,-28.85,-34.91,-39.42,-42.24,-44.17,-45.07,-45.97,-46.16,-46.22,-46.44,-46.38,-46.22,-46.19,-46.19,-45.82,-45.54,-45.26,-44.82,-44.55,-44.11,-43.89,-43.3,-43.15,-42.74,-42.52,-42.06,-41.72,-41.41,-40.88,-40.54,-40.04,-39.51,-38.64,-37.83,-37.18,-36.56,-35.53,-33.45,-20.64,-5.84,2.18,1.24,-6.15,-14.89,-23.87,-31.4,-36.8,-40.1,-42.21,-43.8,-44.89,-45.38,-45.66,-45.97,-46.04,-45.85,-45.88,-45.6,-45.51,-45.23,-44.98,-44.67,-44.45,-44.27,-43.95,-43.64,-43.27,-42.9,-42.59,-42.06,-41.72,-41.31,-40.85,-40.44,-39.98,-39.7,-39.07,-38.48,-37.61,-37.05,-35.81,-34.26,-24.65,-10.07,-0.71,0.93,-2.95,-11.0,-19.52,-27.57,-33.88,-38.11,-40.81,-42.84,-44.14,-45.04,-45.63,-45.7,-45.91,-45.91,-45.82,-45.57,-45.6,-45.29,-45.14,-45.07,-44.58,-44.27,-43.86,-43.52,-43.18,-42.71,-42.34,-42.15,-42.03,-41.78,-41.31,-40.91,-40.13,-39.54,-39.14,-38.36,-37.61,-36.68,-36.06,-35.03,-34.07,-28.04,-13.65,-1.9,0.81,-2.67,-9.17,-17.78,-26.17,-32.42,-37.12,-40.19,-42.15,-43.39,-44.36,-45.1,-45.2,-45.48,-45.73,-45.97,-45.85,-45.76,-45.51,-45.45,-45.2,-44.76,-44.64,-44.42,-44.05,-43.74,-43.15,-42.87,-42.43,-42.09,-41.78,-41.31,-40.81,-40.38,-39.98,-39.7,-39.01,-38.55,-38.02,-37.46,-37.18,-36.68,-35.75,-34.69,-28.38,-12.62,-1.03,1.68,-2.46,-10.2,-19.15,-26.89,-33.17,-37.55,-40.63,-42.74,-43.86,-44.79,-45.35,-45.7,-45.97,-45.85,-45.79,-45.6,-45.42,-45.45,-45.2,-44.89,-44.82,-44.48,-44.11,-43.89,-43.49,-43.27,-43.18,-42.65,-42.18,-41.87,-41.47,-41.09,-40.75,-40.35,-40.01,-39.63,-39.17,-38.67,-37.86,-37.15,-36.56,-35.87,-34.44,-26.52,-12.56,-1.71,0.87,-2.92,-10.29,-19.33,-27.42,-33.67,-38.14,-41.09,-43.33,-44.48,-45.73,-45.82,-46.1,-46.25,-46.16,-46.1,-45.91,-45.63,-45.29,-45.32,-44.89,-44.86,-44.7,-44.27,-43.99,-43.64,-43.12,-42.68,-42.31,-41.75,-41.28,-40.81,-40.19,-39.7,-39.32,-38.73,-38.39,-37.68,-36.62,-35.56,-31.71,-16.04,-3.2,1.37,-0.9,-7.83,-16.32,-24.43,-31.27,-36.0,-39.32,-41.41,-42.93,-43.92,-44.7,-45.07,-45.38,-45.51,-45.51,-45.48,-45.32,-44.89,-44.76,-44.51,-44.05,-43.86,-43.58,-43.18,-42.77,-42.43,-42.15,-41.69,-41.28,-40.75,-40.19,-40.1,-39.66,-39.26,-38.73,-38.36,-37.89,-37.71,-37.27,-36.68,-36.34,-36.21,-35.47,-34.75,-34.41,-33.85,-33.17,-31.33,-18.99,-6.87,-1.03,-1.27,-6.28,-13.62,-21.39,-28.75,-34.16,-38.11,-40.85,-42.56,-43.71,-44.45,-45.2,-45.29,-45.26,-45.26,-45.17,-45.07,-45.01,-44.79,-44.79,-44.48,-44.2,-43.86,-43.58,-43.15,-42.87,-42.62,-42.03,-41.5,-40.69,-40.54,-40.19,-39.79,-39.23,-38.79,-38.2,-37.49,-36.71,-35.62,-33.42,-20.83,-8.52,-1.37,-1.24,-5.32,-12.53,-20.86,-28.32,-34.04,-37.77,-40.38,-42.21,-43.46,-44.36,-44.86,-45.14,-45.01,-45.04,-45.01,-45.01,-44.92,-44.7,-44.33,-44.2,-43.99,-43.64,-43.18,-42.62,-42.12,-41.87,-41.5,-41.16,-40.66,-40.32,-39.85,-39.38,-38.76,-38.48,-37.92,-37.12,-36.49,-35.13,-33.54,-23.72,-11.13,-2.52,-0.19,-3.48,-10.38,-18.22,-25.52,-31.61,-36.03,-39.14,-41.34,-42.93,-44.17,-44.64,-45.04,-45.42,-45.51,-45.7,-45.76,-45.63,-45.32,-45.17,-44.98,-44.67,-44.17,-44.02,-43.61,-43.15,-42.87,-42.52,-42.12,-41.59,-41.03,-40.78,-40.16,-39.73,-39.38,-39.07,-38.48,-37.99,-37.61,-36.56,-36.03,-34.88,-30.46,-15.67,-3.92,0.31,-1.31,-6.78,-14.7,-23.22,-30.25,-35.28,-38.79,-40.91,-42.52,-43.52,-44.39,-44.73,-45.17,-45.04,-44.98,-44.86,-44.7,-44.7,-44.76,-44.51,-44.39,-44.2,-43.86,-43.55,-43.21,-43.08,-42.68,-42.31,-42.03,-41.69,-41.19,-40.94,-40.35,-40.04,-39.54,-39.14,-38.83,-38.2,-38.02,-37.33,-36.56,-35.81,-35.34,-34.41,-32.76,-22.79,-9.92,-1.49,-0.16,-3.54,-11.16,-19.65,-27.32,-33.26,-37.77,-40.47,-42.37,-43.61,-44.58,-45.1,-45.26,-45.32,-45.14,-45.1,-44.95,-44.82,-44.61,-44.45,-44.33,-44.23,-43.95,-43.61,-43.3,-42.84,-42.52,-42.15,-41.93,-41.28,-40.88,-40.47,-40.22,-39.76,-39.29,-38.76,-38.27,-37.58,-36.9,-36.21,-35.34,-34.16,-29.97,-15.01,-4.13,-0.12,-2.42,-8.36,-15.98,-23.16,-29.34,-34.6,-38.23,-40.5,-42.18,-43.18,-44.11,-44.64,-44.89,-44.79,-44.98,-45.1,-45.17,-45.17,-45.17,-44.95,-44.79,-44.61,-44.33,-44.14,-44.02,-43.52,-43.15,-42.62,-42.24,-41.81,-41.37,-41.19,-40.81,-40.32,-39.82,-39.6,-39.14,-38.89,-38.27,-37.49,-37.05,-36.28,-35.56,-34.85,-33.35,-22.47,-8.52,-0.16,0.93,-3.3,-11.63,-20.49,-27.85,-33.29,-37.3,-39.94,-41.72,-42.99,-44.05,-44.64,-44.95,-45.01,-45.17,-45.1,-45.01,-45.01,-44.64,-44.48,-44.36,-44.33,-44.23,-44.02,-43.74,-43.39,-42.93,-42.52,-42.12,-41.78,-41.5,-41.31,-41.13,-40.78,-40.32,-40.04,-39.7,-39.2,-38.73,-38.3,-37.49,-37.12,-36.46,-35.81,-35.22,-34.1,-31.52,-17.94,-6.28,-1.06,-1.83,-6.56,-14.98,-23.13,-29.94,-34.82,-38.23,-40.6,-42.24,-43.3,-44.23,-44.61,-44.73,-44.92,-45.35,-45.29,-45.2,-45.1,-45.01,-44.95,-44.79,-44.51,-44.36,-43.8,-43.55,-43.3,-42.9,-42.68,-42.31,-41.93,-41.59,-41.31,-41.0,-40.26,-39.88,-39.54,-38.95,-38.39,-37.61,-36.74,-35.72,-34.26,-24.34,-11.38,-3.33,-0.34,-3.11,-9.01,-16.82,-24.74,-31.3,-35.97,-39.29,-41.41,-42.96,-44.02,-44.64,-45.04,-45.26,-45.38,-45.63,-45.6,-45.63,-45.14,-44.95,-44.82,-44.58,-44.23,-43.92,-43.71,-43.43,-42.93,-42.74,-42.46,-41.84,-41.62,-41.13,-40.63,-39.91,-39.48,-38.55,-37.92,-36.84,-36.06,-35.53,-34.85,-33.57,-30.25,-15.82,-4.66,0.28,-1.15,-7.34,-15.67,-23.38,-30.06,-34.72,-38.36,-40.81,-42.43,-43.49,-44.36,-44.92,-45.26,-45.42,-45.57,-45.38,-45.29,-45.1,-45.1,-44.89,-44.58,-44.3,-44.08,-43.71,-43.33,-43.08,-42.71,-42.21,-41.84,-41.31,-40.75,-40.22,-39.79,-39.11,-38.39,-37.68,-36.96,-36.43,-35.53,-34.01,-26.83,-13.15,-2.36,1.06,-1.49,-7.58,-15.95,-24.12,-30.37,-35.19,-38.79,-41.0,-42.84,-43.92,-44.82,-45.23,-45.57,-45.7,-45.54,-45.45,-45.26,-45.17,-44.98,-44.79,-44.23,-43.8,-43.46,-43.08,-42.77,-42.52,-42.18,-41.78,-41.41,-41.06,-40.75,-40.16,-39.85,-39.42,-39.2,-38.61,-37.83,-36.99,-36.12,-34.63,-31.12,-16.66,-4.97,0.12,-1.09,-6.59,-14.89,-23.1,-29.81,-34.88,-38.55,-40.91,-42.59,-43.71,-44.55,-45.07,-45.51,-45.66,-45.7,-45.79,-45.48,-45.1,-44.95,-44.7,-44.39,-44.08,-43.61,-43.36,-42.65,-42.56,-42.21,-41.78,-41.44,-41.28,-40.91,-40.72,-40.32,-40.04,-39.6,-39.01,-38.48,-37.77,-37.24,-36.4,-35.65,-34.35,-29.06,-15.29,-4.32,-0.53,-1.74,-7.52,-15.29,-23.03,-29.72,-34.82,-38.39,-40.81,-42.34,-43.46,-44.05,-44.33,-44.64,-44.79,-44.64,-44.55,-44.58,-44.42,-44.27,-44.02,-43.8,-43.8,-43.71,-43.24,-43.08,-42.59,-42.34,-41.87,-41.69,-41.37,-41.06,-40.72,-40.41,-39.98,-39.57,-39.04,-38.95,-38.55,-38.3,-37.64,-36.77,-35.87,-34.38,-24.96,-12.56,-3.36,-0.65,-2.64,-8.18,-15.98,-23.31,-29.9,-34.85,-38.23,-40.5,-42.0,-43.18,-43.67,-44.08,-44.42,-44.67,-44.82,-44.89,-44.73,-44.67,-44.3,-44.27,-44.2,-43.99,-43.74,-43.39,-43.08,-42.8,-42.46,-41.9,-41.37,-40.97,-40.6,-40.1,-39.54,-39.29,-38.73,-38.36,-37.92,-37.02,-36.49,-35.75,-35.0,-33.76,-26.92,-13.86,-4.57,-1.87,-3.82,-8.64,-15.54,-23.0,-29.53,-34.26,-37.86,-39.98,-41.81,-42.9,-43.49,-43.92,-44.11,-44.36,-44.42,-44.36,-44.45,-44.45,-44.42,-44.08,-43.77,-43.49,-43.12,-42.77,-42.4,-41.93,-41.81,-41.41,-41.06,-40.85,-40.75,-40.16,-39.88,-39.45,-39.11,-38.83,-38.23,-37.86,-37.24,-36.59,-36.34,-35.69,-35.13,-34.26,-33.57,-32.45,-31.02,-21.85,-10.48,-2.83,-1.03,-4.6,-10.76,-18.25,-25.3,-30.93,-34.88,-37.55,-39.57,-40.88,-41.72,-42.15,-42.74,-43.21,-43.36,-43.46,-43.49,-43.61,-43.58,-43.36,-43.27,-42.96,-42.65,-42.28,-42.15,-42.18,-41.5,-41.34,-40.91,-40.75,-40.47,-40.1,-39.94,-39.57,-39.14,-38.64,-38.33,-37.49,-36.93,-36.49,-35.9,-34.91,-34.72,-34.16,-33.17,-32.7,-31.18,-26.08,-14.08,-6.47,-3.57,-3.89,-7.96,-13.77,-20.08,-25.96,-31.3,-34.78,-37.52,-39.29,-40.63,-41.56,-42.49,-42.9,-43.12,-43.24,-43.27,-43.36,-43.21,-43.12,-43.12,-42.77,-42.56,-42.31,-41.93,-41.69,-41.37,-41.31,-40.81,-40.75,-40.13,-39.76,-39.38,-38.95,-38.55,-38.02,-37.49,-36.77,-36.31,-35.87,-35.28,-34.72,-33.32,-28.85,-16.54,-6.9,-2.18,-2.92,-7.58,-13.74,-20.33,-26.58,-31.64,-35.37,-38.3,-40.16,-41.69,-42.8,-43.36,-43.67,-44.14,-44.36,-44.27,-44.17,-44.11,-43.99,-43.86,-43.55,-43.18,-43.05,-42.71,-42.31,-42.21,-41.96,-41.44,-41.06,-40.66,-40.1,-39.85,-39.14,-38.55,-38.27,-37.74,-37.21,-36.49,-35.69,-35.1,-34.32,-33.17,-28.97,-16.44,-7.15,-2.49,-2.98,-6.96,-13.15,-20.3,-26.58,-31.24,-34.94,-37.74,-39.17,-40.47,-41.62,-42.37,-42.74,-43.15,-43.24,-43.3,-43.3,-43.24,-43.05,-42.9,-42.65,-42.18,-42.03,-41.5,-41.13,-40.75,-40.75,-40.22,-40.04,-39.7,-39.38,-38.98,-38.67,-38.2,-37.8,-37.49,-37.02,-36.28,-36.0,-35.06,-34.5,-33.54,-32.73,-30.93,-22.19,-10.97,-3.54,-2.27,-4.69,-9.89,-16.63,-23.84,-29.84,-34.29,-37.52,-39.94,-41.5,-42.56,-43.43,-43.89,-44.27,-44.39,-44.67,-44.51,-44.39,-44.08,-43.92,-43.67,-43.52,-43.24,-43.15,-42.96,-42.65,-42.24,-42.0,-41.62,-41.09,-40.78,-40.44,-40.19,-39.6,-39.48,-38.98,-38.67,-38.39,-37.89,-37.3,-36.71,-35.72,-34.07,-28.01,-15.36,-5.78,-1.8,-2.52,-7.12,-13.52,-20.61,-27.42,-32.11,-36.0,-38.48,-40.35,-41.87,-42.93,-43.74,-44.23,-44.36,-44.39,-44.48,-44.27,-44.39,-44.36,-44.2,-43.99,-43.58,-43.43,-43.12,-42.8,-42.52,-41.87,-41.41,-41.25,-40.88,-40.63,-40.38,-40.19,-39.88,-39.35,-38.73,-38.14,-37.83,-36.99,-36.25,-35.81,-35.22,-34.85,-34.07,-33.51,-32.27,-25.74,-12.9,-4.2,-0.93,-2.98,-8.36,-15.48,-22.88,-29.03,-33.63,-36.71,-39.26,-40.91,-41.9,-42.68,-43.24,-43.46,-43.74,-43.77,-43.89,-43.8,-43.49,-43.52,-43.33,-43.46,-43.12,-43.02,-42.87,-42.68,-42.31,-41.87,-41.44,-41.19,-40.72,-40.1,-40.04,-39.54,-39.04,-38.67,-38.17,-37.12,-36.62,-35.84,-34.75,-32.39,-21.36,-10.23,-3.73,-1.93,-4.48,-9.95,-16.91,-23.47,-29.22,-33.51,-36.53,-38.83,-40.41,-41.37,-42.21,-42.74,-43.12,-43.3,-43.39,-43.64,-43.36,-43.21,-43.12,-42.9,-42.65,-42.28,-42.12,-42.09,-41.87,-41.47,-41.25,-41.22,-40.75,-40.44,-40.04,-39.76,-39.45,-39.07,-38.79,-38.42,-38.08,-37.71,-37.24,-36.96,-36.46,-35.65,-34.88,-33.79,-32.86,-30.46,-18.87,-9.26,-3.89,-2.86,-6.06,-11.69,-18.22,-24.18,-29.44,-33.29,-36.25,-38.7,-40.26,-41.5,-42.21,-42.62,-43.18,-43.46,-43.33,-43.3,-43.58,-43.3,-43.12,-42.87,-42.74,-42.52,-42.18,-42.12,-42.0,-41.75,-41.22,-41.06,-40.72,-40.35,-40.22,-39.7,-39.45,-39.14,-38.64,-37.86,-37.52,-37.12,-36.93,-36.15,-35.22,-34.13,-33.01,-27.82,-16.16,-7.49,-2.11,-2.02,-6.03,-12.71,-20.3,-26.61,-31.71,-35.34,-38.3,-40.29,-41.78,-42.59,-43.39,-43.71,-43.74,-43.83,-43.74,-43.71,-43.71,-43.71,-43.58,-43.3,-43.08,-42.68,-42.49,-42.15,-41.84,-41.56,-41.13,-40.66,-40.32,-39.91,-39.6,-39.01,-38.7,-38.42,-37.74,-37.12,-36.43,-35.75,-35.06,-34.26,-32.83,-25.68,-14.08,-5.81,-2.67,-3.36,-8.24,-15.08,-22.35,-28.38,-32.86,-36.4,-38.98,-40.85,-42.21,-42.9,-43.52,-43.89,-44.02,-44.17,-44.3,-44.17,-44.23,-43.83,-43.71,-43.52,-42.96,-42.68,-42.71,-42.21,-41.78,-41.53,-41.22,-40.97,-40.69,-40.57,-40.13,-39.82,-39.35,-38.86,-38.08,-37.46,-36.77,-36.25,-35.37,-34.66,-34.13,-32.2,-21.6,-10.76,-4.13,-2.61,-5.28,-10.85,-17.47,-24.12,-30.09,-34.1,-37.21,-39.35,-40.88,-41.72,-42.49,-43.05,-43.27,-43.46,-43.52,-43.49,-43.21,-43.12,-42.99,-42.77,-42.43,-42.34,-42.03,-41.69,-41.34,-41.25,-41.03,-40.63,-40.38,-39.79,-39.35,-38.86,-38.36,-37.89,-37.58,-37.33,-37.02,-36.65,-35.9,-35.37,-34.72,-33.91,-32.36,-31.49,-26.02,-14.45,-6.4,-2.98,-3.73,-7.21,-13.65,-20.58,-27.51,-32.52,-36.43,-38.83,-40.22,-41.25,-41.81,-42.37,-42.65,-42.84,-43.02,-42.93,-42.96,-42.9,-42.93,-42.46,-42.28,-42.15,-42.0,-41.65,-41.31,-41.0,-40.66,-40.32,-39.91,-39.73,-39.32,-39.04,-38.73,-38.17,-37.86,-37.18,-36.74,-35.72,-35.31,-34.57,-33.73,-32.61,-27.26,-15.85,-7.4,-2.77,-2.33,-5.81,-12.19,-19.24,-25.89,-31.18,-35.06,-37.92,-39.82,-41.25,-42.31,-42.84,-43.21,-43.46,-43.43,-43.52,-43.46,-43.39,-43.24,-42.93,-42.68,-42.68,-42.28,-41.87,-41.75,-41.31,-40.78,-40.35,-39.82,-39.35,-39.17,-39.01,-38.45,-38.05,-37.71,-37.33,-36.96,-36.71,-36.31,-35.44,-34.41,-33.54,-31.99,-24.99,-14.52,-6.96,-4.04,-5.19,-9.2,-14.83,-20.92,-26.42,-30.87,-34.26,-36.74,-38.7,-40.1,-40.75,-41.65,-42.21,-42.52,-42.52,-42.77,-42.77,-42.68,-42.59,-42.4,-42.15,-41.84,-41.65,-41.37,-41.16,-40.75,-40.38,-40.16,-39.88,-39.7,-39.45,-39.17,-38.83,-38.48,-37.95,-37.61,-36.93,-36.65,-36.25,-35.31,-34.82,-33.85,-32.61,-28.88,-16.97,-8.11,-3.54,-3.76,-6.9,-12.4,-18.4,-24.12,-28.66,-32.67,-35.5,-37.61,-39.07,-40.1,-40.88,-41.81,-42.28,-42.46,-42.52,-42.62,-42.49,-42.31,-42.18,-42.03,-41.93,-41.81,-41.81,-41.62,-41.28,-41.03,-40.47,-40.35,-40.04,-39.82,-39.48,-39.17,-38.55,-37.86,-37.8,-37.4,-36.8,-35.97,-35.41,-35.06,-34.69,-33.85,-33.2,-32.7,-32.45,-31.4,-29.75,-23.72,-13.49,-6.87,-4.13,-5.28,-8.89,-14.61,-20.52,-25.96,-30.37,-33.91,-36.56,-38.42,-39.82,-40.6,-41.19,-41.78,-41.96,-42.18,-42.43,-42.37,-42.43,-42.31,-42.18,-41.93,-41.87,-41.78,-41.25,-41.13,-40.94,-40.69,-40.47,-40.13,-39.85,-39.42,-39.07,-38.64,-38.27,-37.74,-37.27,-36.84,-36.43,-36.12,-35.69,-35.25,-34.75,-34.26,-33.7,-32.7,-31.52,-30.37,-26.08,-14.92,-7.37,-4.23,-4.63,-8.64,-14.24,-20.64,-26.36,-30.96,-34.13,-36.65,-38.45,-39.76,-40.63,-41.22,-41.75,-42.21,-42.28,-42.34,-42.34,-42.21,-42.03,-42.03,-41.96,-41.59,-41.5,-41.28,-40.78,-40.57,-40.35,-40.29,-39.94,-39.79,-39.2,-38.89,-38.55,-38.51,-38.11,-37.46,-37.21,-36.65,-36.28,-35.53,-34.94,-34.6,-33.91,-33.79,-33.01,-32.33,-30.77,-28.6,-18.25,-9.89,-5.66,-5.63,-7.83,-12.56,-18.03,-23.5,-27.85,-31.64,-34.44,-36.43,-38.02,-39.29,-39.82,-40.54,-40.91,-41.37,-41.56,-41.81,-41.96,-42.24,-42.03,-42.0,-41.75,-41.5,-41.31,-41.09,-40.91,-40.72,-40.38,-40.1,-39.94,-39.48,-39.14,-38.86,-38.39,-38.05,-37.86,-37.4,-36.8,-36.25,-35.84,-35.41,-34.75,-34.22,-33.54,-32.55,-30.53,-20.95,-11.25,-4.72,-2.86,-4.69,-9.79,-16.72,-23.47,-29.03,-33.35,-36.46,-38.61,-40.07,-41.09,-42.0,-42.21,-42.77,-42.96,-42.96,-42.87,-42.8,-42.74,-42.4,-42.15,-42.18,-42.03,-42.0,-41.78,-41.44,-41.13,-40.81,-40.32,-40.07,-39.91,-39.51,-39.04,-38.61,-38.3,-37.77,-36.99,-36.46,-36.15,-35.62,-34.91,-34.07,-31.96,-23.1,-12.4,-5.63,-3.82,-5.47,-9.45,-14.98,-20.92,-26.17,-30.49,-33.88,-36.31,-38.08,-39.29,-40.35,-40.91,-41.37,-41.72,-41.65,-41.9,-41.75,-41.81,-41.93,-41.84,-41.53,-41.31,-41.03,-40.81,-40.69,-40.41,-40.16,-39.94,-39.51,-39.32,-38.86,-38.76,-38.64,-38.23,-37.92,-37.27,-37.02,-36.77,-36.4,-36.34,-35.81,-34.91,-34.38,-33.57,-32.48,-30.65,-21.98,-11.47,-4.85,-2.74,-4.54,-9.33,-15.88,-22.72,-28.29,-32.55,-35.78,-38.14,-39.76,-41.13,-42.18,-42.74,-43.02,-42.99,-43.27,-43.18,-43.15,-43.15,-42.99,-43.02,-42.9,-42.43,-42.15,-41.9,-41.72,-41.19,-40.69,-40.57,-40.19,-40.22,-39.73,-39.32,-39.01,-38.76,-38.3,-37.64,-37.18,-36.77,-36.06,-35.75,-35.47,-34.69,-34.22,-33.79,-33.17,-32.67,-32.14,-30.56,-28.47,-20.24,-10.79,-5.47,-3.79,-5.41,-9.79,-16.07,-21.85,-27.42,-31.55,-34.35,-36.46,-37.92,-39.26,-40.16,-40.81,-41.22,-41.59,-42.0,-42.12,-42.31,-42.15,-42.31,-42.28,-42.03,-42.09,-41.9,-41.65,-41.19,-40.78,-40.6,-40.22,-40.04,-39.51,-39.01,-38.67,-38.14,-37.86,-37.27,-36.74,-36.4,-35.78,-35.41,-34.91,-34.07,-33.23,-31.58,-24.34,-14.27,-7.62,-4.69,-5.38,-8.55,-13.12,-18.43,-23.28,-28.29,-32.08,-34.85,-37.12,-38.79,-40.04,-41.0,-41.69,-42.03,-42.31,-42.43,-42.52,-42.4,-42.52,-42.4,-42.24,-41.9,-41.87,-41.81,-41.44,-41.37,-41.13,-40.6,-40.44,-40.13,-39.88,-39.6,-39.2,-38.79,-38.45,-38.02,-37.43,-37.49,-37.12,-36.49,-36.06,-35.47,-34.91,-33.94,-32.95,-30.21,-18.78,-9.7,-4.66,-3.89,-6.43,-11.19,-16.85,-22.35,-27.35,-31.49,-34.57,-36.9,-38.98,-40.29,-41.28,-41.81,-42.31,-42.4,-42.43,-42.46,-42.37,-42.24,-41.84,-41.59,-41.41,-41.06,-41.06,-40.85,-40.5,-40.29,-40.04,-39.66,-39.38,-39.2,-38.98,-38.51,-38.11,-37.77,-37.18,-37.05,-36.56,-35.78,-35.78,-35.06,-34.75,-34.44,-33.23,-33.07,-32.7,-32.17,-31.24,-28.44,-18.4,-10.97,-7.46,-6.22,-8.08,-11.97,-17.03,-21.82,-26.3,-30.28,-33.17,-35.37,-37.33,-38.86,-39.85,-40.41,-40.97,-41.16,-41.5,-41.47,-41.5,-41.34,-41.25,-40.97,-40.94,-40.69,-40.54,-40.57,-40.19,-39.66,-39.54,-39.23,-38.86,-38.45,-38.27,-37.8,-37.43,-37.33,-36.9,-36.37,-36.03,-35.37,-34.94,-34.35,-33.88,-33.57,-32.7,-31.99,-31.36,-30.31,-25.52,-15.23,-8.67,-5.88,-6.59,-9.57,-14.33,-19.89,-25.27,-29.75,-32.83,-35.56,-37.55,-38.67,-39.66,-40.16,-40.6,-40.88,-41.22,-41.41,-41.5,-41.34,-41.37,-41.22,-41.0,-40.78,-40.72,-40.54,-40.47,-40.32,-40.16,-39.76,-39.7,-39.6,-39.45,-39.26,-38.73,-38.42,-38.02,-37.83,-37.68,-37.21,-37.05,-36.68,-36.46,-36.06,-35.62,-35.06,-34.57,-33.57,-33.17,-32.55,-31.83,-30.84,-28.51,-19.4,-11.44,-7.18,-5.91,-7.31,-10.69,-15.32,-20.42,-25.37,-29.56,-32.48,-34.78,-36.84,-38.27,-39.2,-40.16,-40.66,-40.97,-41.16,-41.19,-41.37,-41.22,-41.19,-41.25,-41.13,-41.06,-40.6,-40.54,-40.38,-40.07,-39.94,-39.54,-39.29,-38.89,-38.76,-38.51,-38.33,-37.89,-37.58,-37.27,-36.93,-36.68,-36.34,-35.75,-35.53,-35.0,-34.75,-34.1,-33.42,-32.98,-32.39,-31.89,-31.12,-30.21,-26.27,-16.2,-9.26,-6.0,-6.4,-9.14,-13.46,-18.43,-23.38,-27.67,-31.02,-33.54,-35.69,-37.36,-38.51,-39.17,-39.85,-40.29,-40.69,-40.97,-40.97,-41.19,-41.22,-40.88,-40.81,-40.54,-40.47,-40.04,-39.98,-39.94,-39.66,-39.38,-39.23,-38.92,-38.73,-38.42,-38.05,-37.61,-37.15,-37.05,-36.8,-36.62,-36.21,-35.78,-35.41,-34.85,-34.69,-34.38,-33.88,-33.57,-33.07,-32.45,-31.4,-30.4,-28.35,-19.15,-11.53,-7.65,-6.5,-7.99,-10.91,-15.01,-19.96,-24.87,-28.69,-31.89,-34.32,-35.87,-37.43,-38.7,-39.45,-40.22,-40.63,-40.75,-41.13,-41.22,-41.47,-41.37,-41.34,-41.25,-41.22,-41.19,-40.85,-40.78,-40.41,-39.88,-39.6,-39.6,-39.29,-38.98,-38.64,-38.2,-37.8,-37.55,-37.12,-36.8,-36.74,-36.12,-35.47,-35.28,-34.38,-33.54,-33.14,-32.64,-32.2,-31.52,-29.66,-22.72,-13.34,-7.46,-5.38,-7.27,-11.44,-16.88,-22.19,-26.7,-30.21,-33.54,-35.62,-37.3,-38.45,-39.35,-40.13,-40.6,-40.97,-40.94,-41.25,-41.53,-41.41,-41.34,-41.25,-41.09,-40.94,-40.35,-40.13,-39.94,-39.7,-39.51,-39.23,-38.83,-38.55,-38.17,-37.74,-37.4,-37.43,-37.18,-36.77,-36.62,-36.31,-36.03,-35.72,-35.28,-34.78,-34.54,-34.01,-33.73,-33.57,-33.14,-32.52,-31.58,-30.84,-27.79,-18.06,-11.31,-7.37,-6.62,-8.42,-12.03,-16.82,-21.79,-26.14,-29.81,-32.39,-34.82,-36.34,-37.83,-38.86,-39.76,-40.22,-40.81,-40.91,-41.0,-40.85,-41.19,-40.97,-40.91,-40.88,-40.88,-40.66,-40.47,-40.1,-39.76,-39.35,-39.14,-38.83,-38.51,-37.95,-37.64,-37.21,-36.46,-35.81,-35.34,-34.6,-33.76,-33.45,-32.7,-31.86,-30.15,-22.41,-13.06,-7.71,-6.09,-7.31,-10.69,-15.73,-21.14,-25.83,-29.62,-32.76,-35.13,-36.9,-38.2,-39.23,-40.1,-40.69,-41.0,-41.31,-41.59,-41.72,-41.9,-41.9,-41.84,-41.81,-41.5,-41.37,-41.25,-41.16,-40.81,-40.63,-40.26,-39.91,-39.6,-39.23,-38.92,-38.2,-37.61,-37.43,-36.9,-36.62,-35.84,-34.97,-34.07,-33.26,-31.4,-25.3,-15.01,-7.93,-5.25,-5.28,-8.7,-13.27,-18.46,-23.41,-27.76,-31.49,-34.16,-36.34,-37.55,-38.89,-39.79,-40.1,-40.63,-40.97,-41.13,-41.19,-41.5,-41.5,-41.28,-40.94,-41.03,-41.0,-40.75,-40.41,-40.22,-40.01,-39.63,-39.42,-38.95,-38.76,-38.55,-38.14,-37.74,-37.33,-36.71,-36.18,-35.78,-35.06,-34.26,-33.17,-31.33,-23.59,-13.49,-7.09,-5.0,-6.37,-10.38,-15.23,-21.04,-26.08,-30.49,-33.79,-36.37,-38.45,-39.73,-40.94,-41.53,-41.96,-42.18,-42.21,-42.03,-42.0,-41.78,-41.81,-41.5,-41.22,-40.88,-40.6,-40.35,-39.98,-39.88,-39.63,-39.26,-38.67,-38.45,-37.83,-37.36,-36.77,-36.46,-35.53,-35.34,-35.1,-34.69,-34.19,-33.54,-32.48,-31.68,-30.68,-28.1,-18.62,-11.22,-7.12,-5.38,-6.93,-10.32,-15.29,-20.58,-25.24,-28.97,-31.86,-33.94,-35.56,-36.96,-37.86,-38.64,-39.2,-39.73,-40.13,-40.38,-40.66,-40.78,-40.94,-40.85,-40.69,-40.5,-40.29,-40.19,-39.85,-39.85,-39.54,-39.2,-38.98,-38.76,-38.67,-38.39,-38.14,-37.8,-37.36,-36.9,-36.4,-35.93,-35.53,-35.03,-34.69,-34.13,-33.23,-32.52,-31.05,-28.47,-19.3,-11.84,-8.08,-7.37,-8.92,-12.5,-16.94,-21.48,-25.93,-29.59,-32.55,-34.97,-36.87,-38.17,-39.2,-39.88,-40.29,-40.6,-40.63,-40.81,-40.81,-40.88,-40.88,-40.85,-40.66,-40.5,-40.29,-40.1,-39.66,-39.35,-39.23,-38.83,-38.7,-38.27,-38.17,-37.92,-37.64,-37.27,-37.05,-36.8,-36.59,-36.21,-35.87,-35.5,-35.25,-34.85,-34.04,-33.6,-32.95,-32.11,-31.58,-30.49,-27.98,-19.37,-11.91,-7.9,-6.81,-8.77,-12.34,-17.1,-21.36,-25.52,-28.97,-31.92,-34.32,-35.93,-37.33,-38.48,-39.29,-40.01,-40.5,-40.66,-40.91,-41.16,-41.19,-41.03,-41.03,-41.0,-40.94,-40.94,-40.97,-40.63,-40.54,-40.1,-39.76,-39.51,-39.01,-38.61,-38.36,-37.64,-37.4,-36.84,-36.18,-35.47,-34.63,-33.91,-33.79,-32.98,-32.58,-32.02,-30.81,-28.85,-21.39,-13.06,-8.58,-6.62,-7.55,-10.79,-15.2,-20.49,-25.61,-29.47,-32.76,-35.13,-36.87,-38.2,-39.29,-40.07,-40.66,-41.09,-41.16,-41.03,-41.22,-40.81,-40.63,-40.44,-40.22,-40.19,-39.88,-39.76,-39.48,-39.29,-39.01,-38.45,-38.39,-37.89,-37.77,-37.3,-37.08,-36.8,-36.56,-36.03,-35.53,-35.16,-34.85,-34.29,-33.98,-33.26,-32.7,-32.27,-31.21,-30.12,-26.67,-16.94,-9.95,-6.59,-6.59,-9.05,-13.77,-19.15,-23.9,-28.04,-31.4,-33.57,-35.65,-37.3,-38.33,-39.29,-39.82,-40.1,-40.69,-40.85,-41.13,-41.09,-41.09,-41.19,-41.19,-41.13,-40.85,-40.54,-40.44,-40.44,-40.29,-39.85,-39.42,-39.17,-38.83,-38.39,-38.05,-37.64,-37.33,-36.62,-36.37,-36.06,-35.69,-35.31,-34.97,-34.5,-34.26,-34.19,-34.01,-33.2,-32.52,-31.89,-31.05,-30.15,-28.6,-21.67,-12.43,-7.03,-4.6,-5.35,-8.49,-13.8,-19.61,-24.84,-29.34,-32.55,-35.06,-37.08,-38.42,-39.66,-40.32,-41.03,-41.5,-41.9,-42.12,-42.15,-42.18,-42.0,-42.12,-42.15,-41.75,-41.65,-41.41,-41.16,-40.97,-40.63,-40.38,-40.01,-39.76,-39.42,-39.04,-38.55,-38.27,-37.58,-36.99,-36.71,-36.06,-35.47,-35.06,-34.44,-34.22,-34.1,-33.7,-33.45,-32.52,-31.24,-26.3,-16.66,-9.7,-6.19,-5.38,-7.71,-12.37,-18.28,-23.81,-28.41,-32.08,-34.63,-36.65,-38.27,-39.7,-40.57,-41.34,-41.78,-42.0,-42.31,-42.34,-42.24,-42.31,-42.12,-42.03,-42.12,-41.84,-41.65,-41.5,-41.16,-40.97,-40.63,-40.35,-40.1,-39.85,-39.51,-39.17,-38.92,-38.36,-37.92,-37.61,-37.05,-36.8,-36.28,-35.75,-35.56,-35.06,-34.13,-33.73,-32.86,-31.55,-25.21,-15.7,-8.92,-5.47,-5.81,-8.73,-13.43,-18.9,-24.03,-28.35,-31.99,-34.66,-36.62,-37.95,-39.04,-39.94,-40.44,-40.91,-41.31,-41.41,-41.19,-41.41,-41.37,-41.28,-41.28,-41.22,-41.03,-41.03,-40.97,-40.63,-40.41,-39.94,-39.57,-39.45,-39.14,-38.55,-38.27,-38.02,-37.86,-37.52,-37.24,-36.84,-36.25,-36.06,-35.72,-35.5,-35.13,-34.82,-34.47,-34.13,-33.82,-33.67,-33.2,-32.48,-31.96,-31.21,-30.15,-29.0,-27.67,-20.33,-12.25,-7.21,-6.22,-8.08,-11.56,-16.63,-21.76,-26.17,-29.87,-32.86,-35.0,-36.68,-37.92,-39.14,-39.85,-40.54,-41.09,-41.44,-41.75,-41.84,-41.75,-41.75,-41.72,-41.47,-41.53,-41.53,-41.25,-40.97,-40.72,-40.44,-40.19,-39.79,-39.42,-39.17,-38.92,-38.67,-38.55,-38.23,-37.64,-37.15,-36.71,-36.09,-35.37,-34.63,-34.07,-33.57,-32.76,-31.71,-28.78,-17.44,-9.42,-5.22,-5.0,-7.21,-11.16,-16.66,-22.04,-27.11,-30.93,-33.91,-36.43,-38.23,-39.38,-40.22,-40.88,-41.28,-41.62,-41.47,-41.5,-41.28,-41.37,-41.22,-41.16,-40.88,-40.81,-40.47,-40.41,-40.19,-39.88,-39.66,-39.23,-38.79,-38.48,-38.39,-38.23,-37.89,-37.68,-37.08,-36.31,-36.03,-36.0,-35.65,-35.0,-34.44,-33.98,-33.39,-32.86,-32.14,-30.71,-26.2,-16.29,-9.05,-5.32,-4.97,-8.33,-13.71,-19.27,-24.59,-29.0,-32.76,-35.37,-36.93,-38.48,-39.63,-40.54,-40.91,-41.47,-41.62,-41.87,-41.81,-41.96,-41.84,-41.96,-41.78,-41.78,-41.59,-41.53,-41.44,-41.28,-40.91,-40.35,-40.19,-39.88,-39.54,-39.11,-38.83,-38.45,-38.3,-38.02,-37.33,-36.96,-36.65,-35.97,-34.88,-34.19,-33.45,-33.07,-32.45,-31.27,-28.29,-18.81,-10.91,-6.37,-5.5,-6.96,-10.63,-15.45,-20.45,-25.68,-29.9,-33.42,-35.78,-37.55,-38.86,-39.7,-40.16,-40.6,-40.78,-41.22,-41.28,-41.28,-41.31,-41.37,-41.34,-41.22,-41.13,-40.69,-40.5,-40.26,-39.66,-39.29,-38.89,-38.67,-38.42,-38.08,-37.68,-37.36,-36.87,-36.31,-35.44,-34.85,-34.04,-33.67,-32.7,-31.27,-28.6,-18.71,-11.28,-7.03,-5.6,-6.71,-10.26,-15.57,-20.61,-25.3,-29.69,-32.45,-34.85,-36.68,-38.27,-39.29,-40.04,-40.75,-41.25,-41.65,-42.03,-42.24,-42.49,-42.37,-42.43,-42.28,-42.15,-41.96,-41.78,-41.44,-41.28,-40.88,-40.66,-40.32,-40.01,-39.6,-39.42,-39.04,-38.92,-38.33,-37.86,-37.33,-36.8,-36.18,-35.81,-35.25,-34.82,-34.38,-33.76,-32.95,-31.24,-24.93,-15.01,-8.36,-5.44,-6.06,-9.01,-13.83,-18.81,-24.03,-28.29,-31.71,-34.26,-36.49,-37.92,-39.17,-40.04,-40.85,-41.37,-41.62,-41.93,-41.9,-42.12,-41.93,-41.87,-41.84,-41.62,-41.34,-41.13,-40.75,-40.5,-40.32,-40.04,-39.79,-39.48,-39.23,-38.98,-38.64,-38.33,-37.8,-37.4,-37.21,-36.87,-36.74,-36.31,-35.75,-35.06,-34.88,-34.26,-34.1,-33.35,-32.83,-32.2,-31.36,-30.59,-30.09,-28.07,-19.89,-10.97,-5.75,-4.76,-6.65,-10.54,-16.2,-22.04,-27.6,-31.68,-34.5,-36.65,-38.33,-39.66,-40.5,-41.03,-41.5,-41.72,-42.18,-42.28,-42.37,-42.43,-42.43,-42.28,-42.28,-42.06,-41.87,-41.53,-41.16,-40.91,-40.63,-40.26,-39.98,-39.51,-39.2,-38.7,-38.14,-37.95,-37.4,-36.8,-36.46,-36.0,-35.69,-34.97,-34.69,-33.88,-33.54,-32.73,-31.46,-28.75,-19.21,-10.76,-5.75,-3.95,-5.63,-9.33,-14.3,-19.8,-24.99,-29.31,-32.76,-35.37,-37.55,-39.01,-40.1,-40.85,-41.44,-41.75,-42.06,-42.0,-42.15,-42.03,-42.12,-42.15,-41.78,-41.62,-41.34,-41.19,-40.94,-40.75,-40.63,-40.22,-39.94,-39.7,-39.38,-38.89,-38.23,-37.8,-37.3,-36.65,-36.25,-35.5,-34.69,-33.63,-31.46,-23.22,-14.17,-8.52,-6.19,-6.78,-10.16,-14.8,-19.68,-24.46,-28.54,-31.86,-34.38,-35.9,-37.3,-38.17,-39.04,-39.48,-40.01,-39.91,-40.26,-40.32,-40.63,-40.41,-40.5,-40.47,-40.29,-40.35,-40.13,-39.79,-39.54,-39.29,-38.98,-38.67,-38.55,-38.2,-37.86,-37.64,-37.36,-36.74,-36.4,-35.93,-35.56,-35.0,-36.74,-38.67,-40.38,-41.93,-43.21,-44.48,-45.54,-46.57,-47.53,-48.34,-48.99,-49.92,-50.64,-51.14,-51.82,-52.35,-52.84,-53.4,-53.72,-54.18,-54.65,-55.02,-55.36,-55.61,-55.95,-56.26,-56.54,-56.79,-57.07,-57.29,-57.66,-57.88,-58.22,-58.35,-58.56,-58.94,-59.03,-59.12,-59.31,-59.56,-59.75,-59.75,-60.06,-60.18,-60.27,-60.62,-60.68,-60.86,-60.86,-61.24,-61.21,-61.27,-61.39,-61.49,-61.55,-61.74,-61.95,-62.01,-62.11,-62.2,-62.36,-62.42,-62.54,-62.57,-62.57,-62.73,-62.73,-62.76,-62.85,-62.98,-62.92,-63.07,-63.07,-63.23,-63.17,-63.26,-63.2,-63.35,-63.35,-63.54,-63.6,-63.54,-63.6,-63.69,-63.72,-63.88,-63.82,-63.82,-63.91,-64.0,-63.97,-64.04,-64.0,-64.04,-64.1,-64.04,-64.13,-64.25,-64.22,-64.16,-64.22,-64.16,-64.22,-64.25,-64.28,-64.35,-64.28,-64.22,-64.38,-64.44,-64.35,-64.38,-64.53,-64.53,-64.56,-64.53,-64.63,-64.47,-64.63,-64.78,-64.66,-64.69,-64.81,-64.66,-64.56,-64.69,-64.72,-64.63,-64.81,-64.81,-64.78,-64.94,-64.84,-64.78,-64.97,-64.84,-64.91,-64.81,-65.0,-64.91,-65.09,-65.06,-65.09,-65.0,-65.06,-65.03,-65.12,-65.06,-65.12,-65.28,-65.22,-65.28,-65.34,-65.34,-65.28,-65.25,-65.31,-65.34,-65.25,-65.34,-65.19,-65.19,-65.31,-65.22,-65.12,-65.06,-65.15,-65.15,-65.03,-65.12,-65.15,-65.15,-65.15,-65.25,-65.15,-65.22,-65.06,-65.22,-65.12,-65.15,-65.31,-65.12,-65.12,-65.0,-65.12,-65.22,-65.06,-64.97,-65.06,-64.97,-65.22,-65.12,-65.15,-65.09,-65.12,-65.15,-65.22,-65.12,-65.15,-65.19,-65.22,-65.28,-65.19,-65.25,-65.19,-65.15,-65.12,-65.19,-65.12,-65.19,-65.28,-65.22,-65.09,-65.22,-65.28,-65.22,-65.25,-65.34,-65.25,-65.34,-65.25,-65.31,-65.34,-65.37,-65.37,-65.37,-65.28,-65.34,-65.31,-65.37,-65.31,-65.34,-65.47,-65.59,-65.47,-65.59,-65.5,-65.53,-65.56,-65.4,-65.4,-65.56,-65.59,-65.43,-65.47,-65.56,-65.56,-65.47,-65.34,-65.47,-65.47,-65.37,-65.31,-65.37,-65.47,-65.31,-65.31,-65.37,-65.37,-65.15,-65.47,-65.31,-65.37,-65.53,-65.4,-65.28,-65.19,-65.34,-65.37,-65.22,-65.34,-65.34,-65.4,-65.31,-65.25,-65.22,-65.31,-65.25,-65.22,-65.22,-65.28,-65.34,-65.34,-65.34,-65.37,-65.28,-65.19,-65.22,-65.37,-65.22,-65.34,-65.25,-65.34,-65.31,-65.31,-65.37,-65.4,-65.15,-65.25,-65.15,-65.22,-65.22,-65.28,-65.28,-65.34,-65.25,-65.28,-65.28,-65.43,-65.28,-65.22,-65.31,-65.4,-65.37,-65.5,-65.47,-65.37,-65.4,-65.4,-65.47,-65.47,-65.43,-65.4,-65.31,-65.47,-65.47,-65.37,-65.4,-65.4,-65.47,-65.59,-65.59,-65.59,-65.5,-65.47,-65.59,-65.59,-65.56,-65.62,-65.56,-65.68,-65.62,-65.53,-65.56,-65.65,-65.65,-65.68,-65.65,-65.59,-65.71,-65.71,-65.68,-65.68,-65.68,-65.71,-65.65,-65.56,-65.68,-65.62,-65.59,-65.68,-65.71,-65.65,-65.62,-65.75,-65.75,-65.68,-65.75,-65.71,-65.71,-65.78,-65.78,-65.81,-65.81,-65.84,-65.75,-65.81,-65.78,-65.9,-65.84,-65.87,-65.87,-65.71,-65.71,-65.68,-65.87,-65.9,-65.81,-65.81,-65.9,-65.9,-65.99,-65.84,-65.9,-65.81,-65.93,-66.02,-66.09,-65.96,-65.84,-65.9,-65.81,-65.75,-65.78,-65.9,-65.9,-65.84,-65.81,-65.84,-65.87,-65.96,-65.84,-65.81,-65.81,-65.93,-65.87,-65.96,-65.96,-66.09,-65.99,-65.99,-65.99,-65.96,-65.99,-65.9,-65.99,-66.12,-66.06,-65.93,-65.99,-65.99,-66.06,-66.02,-66.15,-65.99,-66.09,-66.18,-66.06,-66.12,-66.12,-65.99,-66.12,-66.18,-66.12,-66.15,-66.06,-65.93,-66.02,-66.15,-66.06,-66.24,-66.06,-66.09,-65.99,-66.09,-66.09,-66.09,-66.02,-65.99,-66.02,-66.02,-66.12,-66.12,-66.21,-66.09,-66.15,-66.02,-65.99,-66.12,-65.96,-66.09,-66.02,-65.99,-66.15,-66.06,-65.99,-66.06,-66.12,-66.02,-66.15,-66.09,-66.15,-65.99,-66.21,-66.18,-66.21,-66.21,-66.21,-66.09,-66.4,-66.34,-66.34,-66.15,-66.24,-66.24,-66.24,-66.24,-66.3,-66.46,-66.3,-66.4,-66.3,-66.3,-66.3,-66.34,-66.34,-66.43,-66.3,-66.4,-66.52,-66.34,-66.27,-66.43,-66.49,-66.27,-66.27,-66.37,-66.46,-66.37,-66.49,-66.46,-66.3,-66.34,-66.52,-66.49,-66.46,-66.46,-66.46,-66.27,-66.43,-66.49,-66.52,-66.43,-66.49,-66.52,-66.52,-66.4,-66.58,-66.58,-66.71,-66.62,-66.55,-66.68,-66.68,-66.58,-66.58,-66.65,-66.65,-66.55,-66.58,-66.58,-66.62,-66.62,-66.55,-66.65,-66.52,-66.65,-66.68,-66.62,-66.65,-66.65,-66.71,-66.74,-66.74,-66.8,-66.74,-66.62,-66.71,-66.71,-66.8,-66.8,-66.77,-66.83,-66.83,-66.83,-66.8,-66.9,-66.8,-66.68,-66.8,-66.83,-66.77,-66.9,-66.83,-66.62,-66.8,-66.74,-66.86,-66.8,-66.9,-66.71,-66.99,-66.74,-66.74,-66.8,-66.8,-66.68,-66.68,-66.74,-66.65,-66.74,-66.68,-66.8,-66.83,-66.77,-66.9,-66.74,-66.74,-66.83,-66.83,-66.93,-66.83,-66.83,-66.86,-66.96,-66.96,-66.9,-66.99,-66.93,-66.9,-66.93,-67.02,-66.99,-67.02,-67.11,-66.99,-67.11,-67.11,-67.11,-67.05,-67.18,-67.05,-67.21,-67.05,-67.18,-67.11,-67.11,-67.21,-67.21,-67.27,-67.3,-67.27,-67.14,-67.27,-67.21,-67.33,-67.27,-67.3,-67.33,-67.39,-67.18,-67.33,-67.33,-67.36,-67.39,-67.36,-67.27,-67.42,-67.33,-67.24,-67.36,-67.27,-67.3,-67.27,-67.3,-67.33,-67.33,-67.21,-67.27,-67.36,-67.27,-67.27,-67.27,-67.36,-67.33,-67.27,-67.33,-67.33,-67.27,-67.33,-67.3,-67.36,-67.24,-67.33,-67.39,-67.36,-67.36,-67.33,-67.36,-67.3,-67.39,-67.42,-67.3,-67.39,-67.45,-67.36,-67.52,-67.49,-67.45,-67.45,-67.49,-67.45,-67.55,-67.55,-67.36,-67.52,-67.49,-67.49,-67.52,-67.39,-67.49,-67.36,-67.58,-67.36,-67.45,-67.64,-67.52,-67.61,-67.61,-67.55,-67.7,-67.7,-67.73,-67.67,-67.83,-67.8,-67.86,-67.8,-67.73,-67.95,-67.86,-67.83,-67.92,-68.01,-67.98,-67.95,-67.89,-67.86,-68.01,-68.08,-67.89,-68.08,-68.01,-68.11,-68.2,-67.98,-68.14,-68.05,-68.11,-68.05,-68.14,-68.08,-67.98,-67.86,-67.95,-67.89,-67.95,-67.92,-67.86,-67.77,-67.92,-67.89,-68.05,-67.89,-67.92,-67.89,-68.11,-67.98,-68.01,-67.86,-67.8,-67.92,-67.83,-67.89,-67.83,-67.77,-67.83,-67.83,-67.95,-67.86,-67.77,-67.8,-67.8,-67.95,-67.86,-67.77,-67.86,-67.89,-67.83,-67.89,-67.86,-67.83,-67.98,-67.86,-67.89,-67.77,-67.86,-67.73,-67.8,-67.8,-67.89,-67.89,-67.83,-67.83,-67.8,-67.77,-67.95,-67.92,-67.89,-67.83,-67.86,-67.89,-68.01,-67.86,-67.86,-67.83,-67.86,-67.77,-67.83,-67.77,-67.89,-67.83,-67.7,-67.77,-67.8,-67.67,-67.7,-67.8,-67.77,-67.92,-67.95,-67.83,-67.83,-67.73,-67.95,-67.8,-68.01,-67.86,-67.89,-67.83,-67.95,-67.95,-67.98,-67.86,-67.77,-67.86,-67.89,-67.89,-67.77,-67.86,-67.92,-67.86,-67.83,-67.83,-67.89,-67.77,-67.83,-67.67,-67.64,-67.7,-67.7,-67.77,-67.8,-67.83,-67.7,-67.77,-67.64,-67.73,-67.8,-67.7,-67.77,-67.7,-67.8,-67.8,-67.73,-67.61,-67.77,-67.77,-67.8,-67.67,-67.73,-67.73,-67.8,-67.83,-67.83,-67.8,-67.8,-67.89,-67.86,-67.89,-67.86,-67.83,-67.73,-67.86,-67.73,-67.86,-67.86,-67.86,-67.77,-67.92,-67.89,-67.92,-67.86,-67.89,-67.86,-67.86,-67.98,-67.89,-67.89,-67.89,-67.83,-67.7,-67.86,-67.86,-67.8,-67.83,-67.8,-67.8,-67.89,-67.86,-67.8,-67.86,-67.89,-67.77,-67.92,-67.83,-68.01,-67.83,-67.92,-67.89,-68.01,-67.95,-68.08,-68.05,-68.08,-68.08,-68.01,-68.05,-68.11,-67.83,-68.01,-68.11,-67.98,-67.92,-67.98,-67.95,-68.05,-67.98,-68.05,-68.11,-68.05,-68.14,-67.95,-67.92,-68.01,-68.01,-67.98,-67.92,-68.11,-68.08,-68.05,-67.95,-67.86,-67.8,-67.86,-67.83,-67.86,-67.83,-67.83,-67.73,-67.73,-67.86,-67.86,-67.86,-67.8,-67.89,-67.89,-67.86,-67.95,-67.89,-67.98,-67.98,-67.89,-67.92,-67.73,-67.92,-67.98,-67.83,-67.92,-67.98,-67.7,-67.83,-67.83,-67.95,-67.89,-67.8,-67.8,-67.8,-67.7,-67.83,-67.83,-67.8,-67.83,-67.86,-67.7,-67.77,-67.7,-67.8,-67.77,-67.7,-67.83,-67.8,-67.67,-67.77,-67.8,-67.73,-67.67,-67.7,-67.67,-67.52,-67.67,-67.77,-67.7,-67.83,-67.8,-67.7,-67.67,-67.52,-67.67,-67.64,-67.64,-67.77,-67.67,-67.67,-67.61,-67.52,-67.55,-67.58,-67.61,-67.52,-67.58,-67.7,-67.55,-67.58,-67.52,-67.61,-67.61,-67.49,-67.39,-67.45,-67.52,-67.52,-67.45,-67.58,-67.55,-67.61,-67.52,-67.49,-67.49,-67.49,-67.52,-67.45,-67.36,-67.52,-67.61,-67.52,-67.52,-67.42,-67.39,-67.39,-67.33,-67.36,-67.36,-67.39,-67.27,-67.3,-67.45,-67.39,-67.39,-67.3,-67.33,-67.33,-67.39,-67.52,-67.42,-67.27,-67.3,-67.36,-67.36,-67.39,-67.45,-67.36,-67.39,-67.39,-67.33,-67.33,-67.33,-67.36,-67.55,-67.39,-67.36,-67.3,-67.49,-67.39,-67.49,-67.49,-67.42,-67.42,-67.36,-67.42,-67.45,-67.55,-67.42,-67.49,-67.39,-67.49,-67.58,-67.55,-67.49,-67.42,-67.58,-67.52,-67.49,-67.39,-67.55,-67.55,-67.49,-67.55,-67.42,-67.52,-67.39,-67.55,-67.61,-67.39,-67.49,-67.49,-67.52,-67.49,-67.55,-67.52,-67.36,-67.52,-67.36,-67.36,-67.39,-67.45,-67.52,-67.39,-67.36,-67.52,-67.39,-67.27,-67.45,-67.49,-67.45,-67.39,-67.39,-67.39,-67.39,-67.27,-67.21,-67.27,-67.24,-67.36,-67.18,-67.27,-67.27,-67.14,-67.18,-67.14,-67.21,-67.24,-67.3,-67.21,-67.21,-67.24,-67.21,-67.14,-67.24,-67.3,-67.21,-67.3,-67.21,-67.3,-67.33,-67.36,-67.18,-67.3,-67.3,-67.3,-67.24,-67.21,-67.3,-67.39,-67.33,-67.55,-67.3,-67.3,-67.3,-67.27,-67.3,-67.21,-67.36,-67.36,-67.27,-67.27,-67.36,-67.33,-67.24,-67.3,-67.36,-67.39,-67.33,-67.39,-67.33,-67.36,-67.45,-67.45,-67.36,-67.36,-67.39,-67.45,-67.55,-67.58,-67.45,-67.45,-67.61,-67.49,-67.52,-67.49,-67.45,-67.39,-67.42,-67.39,-67.42,-67.55,-67.39,-67.33,-67.39,-67.42,-67.33,-67.3,-67.27,-67.49,-67.39,-67.33,-67.3,-67.39,-67.36,-67.39,-67.36,-67.24,-67.39,-67.27,-67.33,-67.3,-67.33,-67.3,-67.18,-67.27,-67.36,-67.21,-67.14,-67.11,-67.18,-67.11,-67.11,-67.11,-67.11,-67.08,-67.11,-67.18,-67.11,-66.9,-67.05,-67.11,-67.05,-67.11,-67.05,-67.02,-67.11,-66.96,-67.11,-66.93,-67.02,-67.05,-67.08,-67.02,-67.08,-67.02,-67.08,-66.99,-67.08,-67.14,-67.14,-67.05,-67.05,-67.02,-67.02,-66.96,-66.99,-66.86,-66.99,-66.99,-67.08,-67.02,-67.11,-67.05,-67.24,-66.96,-67.05,-67.08,-66.99,-67.05,-66.99,-67.05,-67.02,-67.02,-67.08,-66.93,-67.02,-67.05,-66.93,-67.02,-66.86,-66.99,-66.99,-67.02,-67.05,-66.96,-67.05,-67.02,-66.99,-67.02,-67.08,-66.9,-67.11,-67.05,-67.08,-66.9,-67.08,-66.93,-67.02,-67.05,-66.99,-66.96,-66.9,-66.93,-66.96,-67.02,-66.96,-66.96,-67.05,-67.08,-66.96,-66.96,-66.83,-66.96,-66.86,-66.9,-66.96,-66.96,-66.96,-66.93,-66.96,-66.96,-66.83,-66.93,-66.83,-66.71,-66.74,-66.62,-66.8,-66.77,-66.65,-66.71,-66.71,-66.74,-66.65,-66.86,-66.71,-66.74,-66.77,-66.8,-66.71,-66.68,-66.68,-66.96,-66.83,-66.74,-66.8,-66.83,-66.8,-66.8,-66.68,-66.68,-66.62,-66.74,-66.62,-66.65,-66.62,-66.62,-66.52,-66.46,-66.52,-66.68,-66.55,-66.58,-66.58,-66.55,-66.71,-66.52,-66.68,-66.58,-66.52,-66.52,-66.62,-66.46,-66.46,-66.52,-66.46,-66.52,-66.46,-66.52,-66.4,-66.49,-66.49,-66.43,-66.37,-66.52,-66.46,-66.46,-66.4,-66.52,-66.52,-66.49,-66.49,-66.55,-66.58,-66.55,-66.62,-66.49,-66.46,-66.52,-66.55,-66.52,-66.49,-66.58,-66.49,-66.4,-66.49,-66.49,-66.4,-66.46,-66.52,-66.4,-66.4,-66.4,-66.34,-66.37,-66.4,-66.4,-66.37,-66.4,-66.34,-66.4,-66.34,-66.4,-66.49,-66.37,-66.24,-66.37,-66.46,-66.46,-66.4,-66.46,-66.3,-66.43,-66.3,-66.4,-66.3,-66.37,-66.24,-66.46,-66.4,-66.4,-66.37,-66.46,-66.21,-66.27,-66.3,-66.37,-66.37,-66.49,-66.3,-66.24,-66.3,-66.21,-66.34,-66.4,-66.4,-66.27,-66.34,-66.27,-66.37,-66.37,-66.37,-66.3,-66.15,-66.24,-66.21,-66.21,-66.15,-66.27,-66.21,-66.12,-66.24,-66.24,-66.18,-66.06,-66.12,-66.06,-66.09,-66.09,-66.15,-66.15,-66.12,-66.12,-66.15,-66.12,-66.15,-66.15,-66.21,-66.09,-66.21,-66.27,-66.21,-66.12,-66.12,-66.21,-66.18,-66.18,-66.27,-66.09,-66.18,-66.18,-66.15,-66.09,-66.12,-66.09,-66.18,-66.02,-66.15,-66.09,-66.06,-66.06,-66.15,-66.09,-66.09,-66.02,-66.09,-66.02,-66.06,-66.15,-66.09,-66.09,-66.15,-65.93,-66.15,-65.99,-65.96,-65.96,-65.81,-65.87,-65.78,-65.9,-66.02,-65.9,-65.99,-65.75,-65.99,-65.75,-65.84,-65.87,-65.87,-65.81,-65.87,-65.81,-65.78,-65.84,-65.81,-65.71,-65.93,-65.78,-65.93,-65.62,-65.96,-65.9,-65.87,-65.9,-65.96,-65.81,-65.81,-65.99,-65.87,-65.9,-66.02,-65.87,-66.06,-65.9,-65.9,-65.96,-65.9,-65.71,-65.78,-65.78,-65.75,-65.81,-65.75,-65.84,-65.78,-65.75,-65.84,-65.68,-65.78
Sweep_13,-27.0,-63.13,-63.13,-63.07,-63.17,-63.1,-63.2,-63.13,-63.1,-63.13,-63.17,-63.2,-63.2,-63.17,-63.23,-63.32,-63.2,-63.35,-63.35,-63.2,-63.32,-63.32,-63.38,-63.38,-63.35,-63.32,-63.29,-63.38,-63.26,-63.32,-63.35,-63.29,-63.2,-63.44,-63.2,-63.32,-63.32,-63.13,-63.38,-63.23,-63.17,-63.35,-63.35,-63.38,-63.48,-63.41,-63.32,-63.35,-63.32,-63.48,-63.32,-63.35,-63.38,-63.44,-63.32,-63.26,-63.35,-63.32,-63.29,-63.35,-63.32,-63.29,-63.32,-63.38,-63.26,-63.32,-63.41,-63.29,-63.38,-63.29,-63.41,-63.38,-63.32,-63.57,-63.32,-63.32,-63.41,-63.29,-63.38,-63.38,-63.51,-63.35,-63.54,-63.29,-63.26,-63.35,-63.32,-63.38,-63.41,-63.44,-63.26,-63.48,-63.23,-63.32,-63.32,-63.35,-63.38,-63.38,-63.38,-63.41,-63.44,-63.32,-63.41,-63.48,-63.38,-63.35,-63.23,-63.26,-63.32,-63.23,-63.41,-63.41,-63.54,-63.41,-63.35,-63.29,-63.29,-63.32,-63.44,-63.38,-63.32,-63.32,-63.44,-63.48,-63.51,-63.6,-63.48,-63.63,-63.51,-63.51,-63.38,-63.41,-63.38,-63.51,-63.38,-63.41,-63.35,-63.44,-63.51,-63.48,-63.54,-63.41,-63.38,-63.41,-63.51,-63.38,-63.41,-63.38,-63.38,-63.32,-63.41,-63.38,-63.23,-63.26,-63.2,-63.13,-63.26,-63.2,-63.1,-63.17,-63.13,-63.04,-63.04,-63.13,-63.07,-62.92,-62.98,-63.07,-63.04,-63.01,-63.07,-62.92,-63.04,-63.01,-62.92,-62.92,-62.92,-63.01,-62.98,-63.1,-63.07,-63.04,-62.92,-62.98,-63.01,-63.2,-63.13,-62.92,-63.04,-62.98,-63.17,-63.01,-63.1,-63.1,-63.17,-63.04,-63.2,-63.2,-63.17,-63.29,-63.1,-63.2,-63.17,-63.07,-63.17,-63.04,-63.04,-63.13,-63.13,-63.26,-63.29,-63.26,-63.13,-63.17,-63.2,-63.32,-63.35,-63.32,-63.23,-63.29,-63.41,-63.38,-63.41,-63.32,-63.41,-63.48,-63.54,-63.51,-63.41,-63.38,-63.54,-63.44,-63.54,-63.54,-63.63,-63.57,-63.54,-63.6,-63.41,-63.6,-63.6,-63.63,-63.66,-63.6,-63.57,-63.69,-63.48,-63.54,-63.57,-63.51,-63.48,-63.48,-63.48,-63.48,-63.41,-63.41,-63.48,-63.41,-63.44,-63.51,-63.54,-63.41,-63.48,-63.54,-63.38,-63.41,-63.38,-63.44,-63.48,-63.48,-63.35,-63.41,-63.51,-63.41,-63.54,-63.44,-63.6,-63.54,-63.38,-63.41,-63.44,-63.38,-63.48,-63.51,-63.51,-63.44,-63.51,-63.35,-63.44,-63.48,-63.48,-63.32,-63.41,-63.57,-63.48,-63.48,-63.38,-63.41,-63.23,-63.32,-63.29,-63.32,-63.41,-63.26,-63.29,-63.38,-63.57,-63.26,-63.38,-63.29,-63.23,-63.41,-63.29,-63.29,-63.23,-63.35,-63.41,-63.35,-63.29,-63.32,-63.38,-63.48,-63.29,-63.13,-63.35,-63.38,-63.38,-63.41,-63.41,-63.29,-63.54,-63.41,-63.57,-63.54,-63.51,-63.41,-63.35,-63.51,-63.44,-63.51,-63.51,-63.44,-63.41,-63.51,-63.38,-63.23,-63.35,-63.38,-63.41,-63.32,-63.48,-63.38,-63.32,-63.35,-63.2,-63.32,-63.26,-63.23,-63.32,-63.32,-63.29,-63.23,-63.26,-63.32,-63.2,-63.23,-63.32,-63.35,-63.32,-63.17,-63.35,-63.26,-63.38,-63.35,-63.38,-63.41,-63.38,-63.32,-63.38,-63.35,-63.26,-63.32,-63.32,-63.38,-63.35,-63.29,-63.29,-63.32,-63.32,-63.32,-63.41,-63.35,-63.29,-63.23,-63.32,-63.32,-63.29,-63.29,-63.23,-63.26,-63.2,-63.17,-63.32,-63.26,-63.23,-63.26,-63.2,-63.32,-63.26,-63.2,-63.17,-63.1,-63.17,-63.1,-63.13,-63.13,-63.1,-63.2,-63.13,-63.23,-63.17,-63.17,-63.13,-63.04,-63.13,-63.07,-63.2,-63.1,-63.01,-63.2,-63.13,-63.07,-63.07,-62.89,-63.17,-63.2,-63.07,-63.17,-62.98,-63.1,-63.13,-62.98,-62.98,-63.04,-62.89,-63.01,-63.07,-63.01,-62.95,-62.95,-63.04,-62.79,-62.98,-63.01,-62.98,-62.95,-62.85,-62.92,-62.79,-62.85,-62.98,-62.85,-62.82,-62.85,-62.85,-62.85,-62.76,-62.85,-62.92,-62.85,-62.85,-62.95,-62.89,-62.92,-62.82,-62.73,-62.82,-62.79,-62.73,-62.79,-62.7,-62.85,-62.79,-62.79,-62.79,-62.85,-62.76,-62.67,-62.73,-62.76,-62.64,-62.82,-62.82,-62.82,-62.76,-62.79,-62.7,-62.67,-62.7,-62.79,-62.61,-62.73,-62.73,-62.67,-62.76,-62.79,-62.7,-62.7,-62.73,-62.67,-62.79,-62.76,-62.79,-62.7,-62.73,-62.76,-62.76,-62.7,-62.73,-62.76,-62.67,-62.82,-62.7,-62.79,-62.76,-62.67,-62.67,-62.73,-62.61,-62.64,-62.61,-62.67,-62.64,-62.57,-62.61,-62.64,-62.64,-62.54,-62.57,-62.57,-62.67,-62.54,-62.54,-62.61,-62.67,-62.54,-62.51,-62.48,-62.48,-62.54,-62.67,-62.51,-62.61,-62.64,-62.57,-62.54,-62.42,-62.51,-62.45,-62.57,-62.45,-62.51,-62.51,-62.48,-62.48,-62.33,-62.48,-62.33,-62.39,-62.33,-62.42,-62.2,-62.14,-62.33,-62.42,-62.42,-62.29,-62.26,-62.2,-62.33,-62.23,-62.33,-62.26,-62.36,-62.33,-62.23,-62.17,-62.11,-62.29,-62.33,-62.33,-62.23,-62.17,-62.29,-62.17,-62.11,-62.23,-62.26,-62.05,-62.14,-62.08,-62.01,-62.05,-62.01,-62.08,-62.2,-62.2,-62.01,-62.14,-62.11,-62.23,-62.01,-62.29,-62.05,-62.08,-62.14,-62.14,-62.17,-62.08,-62.08,-62.01,-62.11,-62.14,-62.01,-62.11,-62.2,-62.17,-62.29,-62.23,-62.14,-62.08,-62.14,-62.01,-61.92,-62.11,-62.08,-62.11,-62.26,-62.14,-62.11,-62.14,-62.26,-62.14,-62.08,-62.29,-62.11,-62.08,-62.17,-62.26,-62.29,-62.23,-62.17,-62.11,-62.14,-62.17,-62.14,-62.23,-62.17,-62.08,-62.14,-62.14,-62.11,-62.23,-62.17,-62.11,-62.26,-62.36,-62.26,-62.33,-62.2,-62.33,-62.33,-62.42,-62.29,-62.36,-62.29,-62.33,-62.26,-62.36,-62.39,-62.2,-62.23,-62.29,-62.29,-62.26,-62.29,-62.08,-62.2,-62.29,-62.26,-62.2,-62.08,-62.17,-62.11,-62.05,-62.2,-62.14,-62.05,-62.2,-62.17,-62.01,-62.08,-62.05,-62.14,-62.11,-62.08,-62.14,-62.01,-62.08,-62.14,-62.08,-62.08,-62.11,-62.2,-62.14,-62.17,-62.11,-62.11,-62.05,-62.05,-62.14,-62.08,-62.01,-62.05,-62.05,-61.92,-61.86,-61.92,-61.98,-61.92,-61.95,-61.92,-61.89,-61.83,-61.92,-62.14,-61.98,-61.8,-61.89,-62.01,-61.98,-61.83,-61.95,-61.83,-62.01,-61.8,-61.8,-61.8,-61.83,-61.83,-61.83,-61.74,-61.92,-61.98,-61.89,-61.8,-61.77,-61.86,-61.8,-61.8,-61.67,-61.8,-61.74,-61.77,-61.61,-61.67,-61.58,-61.77,-61.64,-61.58,-61.64,-61.64,-61.61,-61.7,-61.58,-61.58,-61.67,-61.67,-61.52,-61.61,-61.67,-61.64,-61.61,-61.52,-61.49,-61.52,-61.39,-61.42,-61.55,-61.39,-61.58,-61.42,-61.36,-61.42,-61.58,-61.61,-61.58,-61.55,-61.64,-61.58,-61.42,-61.52,-61.46,-61.46,-61.49,-61.52,-61.42,-61.42,-61.42,-61.36,-61.46,-61.49,-61.52,-61.3,-61.42,-61.39,-61.42,-61.49,-61.36,-61.42,-61.42,-61.46,-61.36,-61.39,-61.42,-61.42,-61.24,-61.27,-61.18,-61.3,-61.3,-61.21,-61.21,-61.39,-61.3,-61.33,-61.49,-61.24,-61.42,-61.39,-61.27,-61.36,-61.49,-61.24,-61.42,-61.18,-61.21,-61.21,-61.08,-61.3,-61.21,-61.18,-61.24,-61.21,-61.18,-61.14,-61.18,-61.18,-61.24,-61.21,-61.11,-61.3,-61.21,-61.11,-61.08,-61.11,-61.18,-61.08,-61.11,-61.05,-61.02,-61.11,-61.11,-60.99,-61.18,-61.14,-61.11,-61.08,-61.18,-61.05,-61.24,-61.08,-61.21,-61.24,-61.24,-61.08,-61.14,-61.08,-61.11,-61.11,-61.11,-61.24,-61.21,-61.14,-61.11,-61.08,-61.05,-61.08,-61.14,-61.24,-61.02,-61.11,-61.14,-61.11,-61.18,-61.24,-61.21,-61.21,-61.24,-61.21,-61.3,-61.21,-61.24,-61.36,-61.39,-61.36,-61.39,-61.36,-61.52,-61.52,-61.46,-61.46,-61.42,-61.61,-61.58,-61.49,-61.49,-61.42,-61.42,-61.36,-61.36,-61.39,-61.36,-61.21,-61.27,-61.36,-61.36,-61.42,-61.42,-61.49,-61.49,-61.46,-61.52,-61.55,-61.42,-61.49,-61.58,-61.55,-61.55,-61.49,-61.55,-61.52,-61.61,-61.64,-61.67,-61.58,-61.64,-61.55,-61.58,-61.58,-61.64,-61.39,-61.46,-61.55,-61.64,-61.67,-61.55,-61.67,-61.58,-61.46,-61.52,-61.64,-61.61,-61.61,-61.61,-61.58,-61.64,-61.55,-61.55,-61.74,-61.49,-61.52,-61.64,-61.58,-61.42,-61.42,-61.39,-61.58,-61.42,-61.52,-61.67,-61.46,-61.49,-61.46,-61.58,-61.58,-61.36,-61.58,-61.39,-61.52,-61.55,-61.42,-61.36,-61.49,-61.3,-61.3,-61.3,-61.49,-61.46,-61.52,-61.49,-61.46,-61.42,-61.58,-61.52,-61.58,-61.55,-61.49,-61.67,-61.55,-61.52,-61.61,-61.58,-61.55,-61.67,-61.7,-61.64,-61.55,-61.67,-61.64,-61.67,-61.77,-61.74,-61.7,-61.7,-61.83,-61.7,-61.67,-61.74,-61.74,-61.83,-61.8,-61.7,-61.77,-61.77,-61.67,-61.74,-61.67,-61.8,-61.77,-61.64,-61.7,-61.83,-61.7,-61.7,-61.74,-61.8,-61.64,-61.61,-61.7,-61.58,-61.61,-61.52,-61.61,-61.58,-61.55,-61.7,-61.64,-61.83,-61.83,-61.7,-61.64,-61.77,-61.74,-61.7,-61.67,-61.7,-61.52,-61.77,-61.74,-61.7,-61.74,-61.74,-61.7,-61.58,-61.67,-61.74,-61.7,-61.8,-61.7,-61.67,-61.64,-61.52,-61.77,-61.7,-61.61,-61.7,-61.77,-61.8,-61.58,-61.86,-61.89,-61.92,-61.8,-61.89,-61.67,-61.83,-61.77,-61.8,-61.83,-61.92,-61.86,-61.8,-61.89,-62.01,-61.86,-61.98,-61.89,-61.86,-61.89,-61.86,-61.89,-61.92,-61.95,-61.95,-61.89,-62.01,-61.92,-62.08,-61.98,-61.98,-61.92,-62.01,-61.98,-61.92,-62.01,-62.11,-62.11,-62.17,-62.26,-62.08,-62.14,-62.23,-62.05,-62.14,-62.11,-62.05,-62.11,-62.17,-62.2,-62.2,-62.29,-62.2,-62.17,-62.23,-62.36,-62.26,-62.26,-62.36,-62.26,-62.26,-62.14,-62.23,-62.23,-62.2,-62.23,-62.26,-62.2,-62.36,-62.29,-62.36,-62.26,-62.2,-62.14,-62.11,-62.14,-62.29,-62.26,-62.14,-62.14,-62.2,-62.11,-62.26,-62.14,-62.05,-62.11,-62.08,-62.08,-62.2,-62.23,-62.26,-62.23,-62.05,-62.14,-62.14,-62.11,-62.11,-62.14,-62.17,-62.08,-61.98,-62.14,-62.01,-62.14,-62.14,-62.08,-62.23,-62.29,-62.36,-62.17,-62.17,-62.26,-62.2,-62.23,-62.39,-62.39,-62.26,-62.23,-62.33,-62.29,-62.17,-62.42,-62.29,-62.42,-62.23,-62.23,-62.11,-62.23,-62.29,-62.17,-62.26,-62.08,-62.33,-62.29,-62.17,-62.11,-62.23,-62.23,-62.33,-62.33,-62.26,-62.17,-62.48,-62.33,-62.36,-62.48,-62.42,-62.42,-62.36,-62.45,-62.36,-62.26,-62.33,-62.26,-62.33,-62.33,-62.39,-62.36,-62.42,-62.29,-62.29,-62.23,-62.29,-62.36,-62.23,-62.42,-62.29,-62.26,-62.39,-62.36,-62.29,-62.33,-62.33,-62.29,-62.39,-62.51,-62.33,-62.36,-62.33,-62.45,-62.45,-62.39,-62.39,-62.45,-62.36,-62.42,-62.51,-62.57,-62.36,-62.54,-62.39,-62.51,-62.39,-62.26,-62.42,-62.48,-62.39,-62.33,-62.29,-62.36,-62.42,-62.26,-62.36,-62.42,-62.39,-62.29,-62.42,-62.39,-62.39,-62.51,-62.45,-62.54,-62.57,-62.48,-62.54,-62.51,-62.64,-62.57,-62.64,-62.64,-62.7,-62.67,-62.73,-62.54,-62.57,-62.64,-62.67,-62.67,-62.61,-62.54,-62.67,-62.73,-62.61,-62.64,-62.61,-62.64,-62.67,-62.39,-62.67,-62.73,-62.85,-62.79,-62.67,-62.7,-62.73,-62.57,-62.82,-62.64,-62.67,-62.82,-62.67,-62.7,-62.79,-62.7,-62.73,-62.82,-62.64,-62.64,-62.73,-62.7,-62.67,-62.67,-62.67,-62.67,-62.67,-62.7,-62.61,-62.48,-62.61,-62.54,-62.36,-62.57,-62.64,-62.51,-62.48,-62.61,-62.54,-62.36,-62.51,-62.51,-62.57,-62.64,-62.61,-62.54,-62.61,-62.67,-62.67,-62.64,-62.67,-62.48,-62.39,-62.67,-62.54,-62.61,-62.57,-62.48,-62.61,-62.61,-62.61,-62.57,-62.7,-62.64,-62.76,-62.64,-62.73,-62.67,-62.64,-62.67,-62.7,-62.7,-62.82,-62.67,-62.79,-62.79,-62.79,-62.82,-62.79,-62.73,-62.67,-62.76,-62.73,-62.64,-62.76,-62.73,-62.76,-62.67,-62.92,-62.95,-62.85,-62.82,-62.98,-62.85,-62.92,-62.85,-62.98,-62.82,-62.76,-62.95,-62.92,-62.92,-63.01,-62.89,-62.85,-62.95,-62.92,-62.92,-62.82,-63.01,-62.92,-62.89,-62.82,-62.73,-62.98,-62.76,-62.82,-62.92,-62.76,-62.76,-62.79,-62.82,-63.01,-62.85,-62.92,-62.79,-62.76,-62.76,-62.79,-62.82,-62.82,-62.82,-62.89,-62.89,-62.92,-62.92,-62.92,-62.92,-62.79,-62.89,-62.98,-62.92,-62.92,-62.85,-63.01,-62.76,-63.01,-62.98,-62.98,-62.89,-62.95,-62.92,-62.85,-63.04,-63.1,-62.98,-62.98,-62.92,-63.01,-62.92,-62.92,-62.95,-63.17,-62.85,-63.01,-63.07,-63.07,-63.01,-62.98,-63.01,-62.82,-63.04,-62.92,-62.98,-62.92,-63.01,-63.07,-62.92,-63.04,-63.07,-62.92,-62.85,-62.89,-62.92,-62.95,-63.04,-63.04,-62.98,-62.95,-63.13,-62.85,-63.07,-63.04,-63.01,-63.01,-63.1,-63.04,-63.07,-62.92,-63.04,-63.07,-63.2,-63.17,-63.1,-63.13,-63.17,-63.13,-63.1,-63.17,-63.17,-63.07,-63.07,-62.98,-63.1,-63.04,-63.2,-63.1,-63.17,-63.04,-63.07,-63.1,-63.26,-63.23,-63.13,-63.07,-63.01,-63.04,-63.04,-63.07,-63.04,-63.13,-63.17,-63.13,-63.07,-63.13,-63.04,-63.13,-63.13,-63.04,-63.01,-63.13,-63.1,-63.01,-62.98,-63.07,-63.1,-63.07,-63.04,-63.07,-63.07,-63.17,-63.2,-63.1,-63.13,-63.2,-63.1,-63.23,-63.23,-63.17,-63.26,-63.2,-63.23,-63.23,-63.26,-63.29,-63.26,-63.13,-63.2,-63.2,-63.13,-63.07,-63.17,-63.07,-63.26,-63.07,-63.13,-63.07,-63.13,-63.1,-63.23,-63.23,-63.1,-63.38,-63.17,-63.2,-63.17,-63.29,-63.35,-63.48,-63.26,-63.26,-63.35,-63.26,-63.29,-63.23,-63.2,-63.38,-63.38,-63.38,-63.35,-63.35,-63.35,-63.38,-63.32,-63.38,-63.26,-63.29,-63.32,-63.26,-63.38,-63.26,-63.32,-63.29,-63.2,-63.29,-63.35,-63.32,-63.29,-63.35,-63.23,-63.1,-63.13,-63.26,-63.2,-63.32,-63.26,-63.13,-63.29,-63.26,-63.13,-63.23,-63.29,-63.17,-63.2,-63.26,-63.17,-63.38,-63.23,-63.23,-63.13,-63.32,-63.2,-63.1,-63.23,-63.2,-63.2,-63.13,-63.17,-63.26,-63.29,-63.1,-63.2,-63.29,-63.32,-63.35,-63.17,-63.26,-63.2,-63.2,-63.23,-63.2,-63.32,-63.2,-63.2,-63.38,-63.32,-63.23,-63.26,-63.23,-63.23,-63.2,-63.17,-63.1,-63.04,-63.13,-63.26,-63.17,-63.17,-63.2,-63.13,-63.29,-63.2,-63.23,-63.2,-63.26,-63.2,-63.29,-63.32,-63.23,-63.29,-63.29,-63.35,-63.17,-63.2,-63.26,-63.23,-63.26,-63.29,-63.26,-63.29,-63.2,-63.51,-63.38,-63.29,-63.41,-63.29,-63.35,-63.41,-63.38,-63.35,-63.41,-63.29,-63.32,-63.29,-63.23,-63.29,-63.17,-63.17,-63.29,-63.29,-63.2,-63.26,-63.35,-63.2,-63.23,-63.17,-63.26,-63.29,-63.2,-63.2,-63.26,-63.26,-63.26,-63.32,-63.41,-63.2,-63.29,-63.17,-63.23,-63.17,-63.13,-63.26,-63.23,-63.23,-63.26,-63.26,-63.29,-63.2,-63.17,-63.17,-63.2,-63.23,-63.32,-63.23,-63.23,-63.17,-63.29,-63.38,-63.26,-63.29,-63.32,-63.23,-63.26,-63.32,-63.29,-63.26,-63.32,-63.29,-63.26,-63.1,-63.32,-63.23,-63.2,-63.38,-63.23,-63.26,-63.32,-63.23,-63.2,-63.23,-63.23,-63.41,-63.29,-63.35,-63.32,-63.29,-63.38,-63.26,-63.29,-63.41,-63.29,-63.23,-63.35,-63.29,-63.38,-63.41,-63.32,-63.29,-63.32,-63.29,-63.23,-63.29,-63.35,-63.35,-63.29,-63.32,-63.29,-63.26,-63.35,-63.44,-63.32,-63.29,-63.32,-63.38,-63.41,-63.35,-63.41,-63.35,-63.32,-63.32,-63.35,-63.51,-63.57,-63.29,-63.38,-63.44,-63.23,-63.32,-63.48,-63.44,-63.35,-63.48,-63.41,-63.29,-63.29,-63.32,-63.41,-63.44,-63.41,-63.35,-63.38,-63.44,-63.32,-63.44,-63.44,-63.41,-63.51,-63.6,-63.54,-63.51,-63.51,-63.51,-63.32,-63.41,-63.54,-63.54,-63.41,-63.51,-63.41,-63.35,-63.38,-63.32,-63.41,-63.29,-63.51,-63.44,-63.38,-63.54,-63.51,-63.41,-63.29,-63.26,-63.41,-63.38,-63.48,-63.41,-63.35,-63.35,-63.44,-63.38,-63.54,-63.51,-63.6,-63.48,-63.57,-63.38,-63.41,-63.57,-63.57,-63.63,-63.48,-63.41,-63.48,-63.41,-63.54,-63.48,-63.48,-63.44,-63.54,-63.51,-63.54,-63.44,-63.51,-63.41,-63.48,-63.44,-63.41,-63.57,-63.54,-63.41,-63.51,-63.38,-63.51,-63.32,-63.26,-63.32,-63.41,-63.35,-63.35,-63.29,-63.23,-63.23,-63.23,-63.26,-63.41,-63.32,-63.35,-63.23,-63.41,-63.44,-63.32,-63.23,-63.32,-63.38,-63.29,-63.32,-63.32,-63.38,-63.32,-63.41,-63.32,-63.32,-63.17,-63.32,-63.41,-63.38,-63.32,-63.23,-63.2,-63.23,-63.29,-63.29,-63.29,-63.23,-63.23,-63.2,-63.23,-63.29,-63.13,-63.17,-63.1,-63.13,-63.17,-63.01,-63.07,-63.1,-63.1,-63.1,-63.07,-63.23,-63.1,-63.07,-63.1,-63.17,-63.13,-63.17,-63.23,-63.1,-63.26,-63.1,-63.2,-63.07,-63.17,-63.32,-63.1,-63.29,-63.07,-63.23,-63.17,-63.23,-63.2,-63.2,-63.23,-63.2,-63.26,-63.13,-63.2,-63.32,-63.2,-63.13,-63.13,-62.95,-63.23,-63.01,-62.85,-63.1,-62.95,-62.92,-62.95,-63.07,-63.04,-63.01,-63.01,-63.07,-62.85,-62.89,-62.92,-62.85,-62.76,-62.82,-62.89,-62.85,-62.82,-62.85,-62.79,-62.79,-62.57,-62.73,-62.7,-62.54,-62.64,-62.73,-62.7,-62.82,-62.7,-62.57,-62.76,-62.73,-62.76,-62.67,-62.73,-62.79,-62.73,-62.64,-62.76,-62.73,-62.76,-62.57,-62.67,-62.64,-62.48,-62.67,-62.67,-62.64,-62.67,-62.61,-62.73,-62.54,-62.73,-62.76,-62.79,-62.7,-62.76,-62.61,-62.7,-62.79,-62.76,-62.82,-62.82,-62.73,-62.89,-62.73,-62.92,-62.82,-62.82,-62.95,-62.92,-62.89,-62.92,-62.98,-63.01,-62.98,-63.01,-63.04,-63.07,-62.92,-62.98,-62.92,-62.98,-63.01,-63.04,-63.01,-62.95,-63.01,-63.1,-62.92,-63.17,-63.04,-63.04,-63.07,-63.01,-63.1,-63.04,-63.07,-62.98,-63.01,-63.01,-62.98,-63.04,-63.07,-62.92,-63.04,-63.04,-63.1,-62.95,-62.89,-62.92,-62.92,-62.85,-62.92,-62.92,-62.85,-62.82,-62.85,-62.79,-62.79,-62.85,-62.98,-63.01,-62.89,-62.89,-62.95,-62.82,-62.92,-62.95,-63.13,-63.13,-62.85,-62.92,-62.79,-62.92,-62.85,-62.92,-62.85,-62.95,-62.89,-63.04,-62.92,-62.95,-62.85,-62.92,-62.82,-62.79,-62.73,-62.92,-62.89,-62.95,-62.89,-62.98,-63.04,-62.92,-62.95,-62.89,-62.92,-62.98,-63.07,-63.01,-62.98,-63.04,-63.01,-62.92,-62.92,-63.1,-62.98,-62.92,-62.98,-63.13,-63.01,-62.95,-63.13,-63.07,-63.01,-63.13,-63.2,-63.1,-63.13,-63.07,-63.1,-63.26,-63.1,-63.2,-63.23,-63.1,-63.1,-63.07,-63.32,-63.2,-63.13,-63.35,-63.2,-63.23,-63.17,-63.17,-63.26,-63.23,-63.26,-63.17,-63.32,-63.29,-63.2,-63.23,-63.17,-63.13,-63.17,-63.17,-63.1,-63.23,-63.13,-63.13,-63.01,-63.04,-63.04,-63.1,-63.01,-63.04,-63.04,-63.07,-63.01,-63.01,-63.01,-62.98,-63.01,-62.92,-62.92,-62.98,-63.04,-63.04,-63.13,-62.98,-63.04,-62.98,-63.01,-63.01,-63.04,-63.07,-63.17,-63.07,-63.13,-63.2,-63.1,-63.2,-63.07,-63.1,-63.07,-63.01,-63.1,-62.98,-62.98,-63.07,-62.92,-63.01,-63.04,-62.92,-63.07,-63.07,-63.04,-63.07,-63.13,-63.07,-63.1,-63.17,-63.04,-63.07,-63.04,-63.07,-63.13,-63.1,-63.1,-63.2,-63.32,-63.26,-63.35,-63.23,-63.35,-63.17,-63.23,-63.23,-63.26,-63.23,-63.13,-63.41,-63.2,-63.13,-63.23,-63.29,-63.13,-63.2,-63.2,-63.1,-63.13,-63.23,-63.1,-63.26,-63.2,-63.26,-63.23,-63.29,-63.2,-63.26,-63.23,-63.38,-63.23,-63.29,-63.32,-63.23,-63.07,-63.17,-63.29,-63.29,-63.35,-63.26,-63.13,-63.35,-63.35,-63.26,-63.41,-63.29,-63.38,-63.35,-63.26,-63.32,-63.26,-63.2,-63.26,-63.26,-63.35,-63.35,-63.35,-63.38,-63.38,-63.35,-63.17,-63.35,-63.29,-63.17,-63.32,-63.29,-63.29,-63.2,-63.23,-63.26,-63.2,-63.17,-63.23,-63.2,-63.2,-63.32,-63.26,-63.23,-63.26,-63.29,-63.23,-63.1,-63.23,-63.17,-63.32,-63.01,-63.2,-63.2,-63.23,-63.17,-63.17,-63.23,-63.32,-63.29,-63.23,-63.2,-63.26,-63.38,-63.2,-63.38,-63.29,-63.32,-63.38,-63.32,-63.35,-63.35,-63.23,-63.26,-63.35,-63.35,-63.35,-63.51,-63.38,-63.41,-63.6,-63.41,-63.41,-63.48,-63.38,-63.41,-63.35,-63.41,-63.57,-63.54,-63.41,-63.35,-63.35,-63.38,-63.35,-63.26,-63.29,-63.29,-63.29,-63.29,-63.26,-63.35,-63.2,-63.26,-63.26,-63.1,-63.17,-63.2,-63.2,-63.23,-63.2,-63.1,-62.98,-63.29,-63.17,-63.26,-63.13,-63.2,-63.23,-63.2,-63.1,-63.2,-63.26,-63.2,-63.07,-63.07,-63.2,-63.2,-63.13,-63.17,-63.17,-63.2,-63.1,-63.04,-63.1,-63.17,-63.23,-63.17,-63.04,-63.17,-63.01,-63.01,-63.1,-63.17,-63.1,-63.23,-63.17,-63.2,-63.13,-63.1,-63.13,-63.1,-63.13,-63.2,-62.98,-63.17,-63.07,-63.04,-63.04,-63.1,-63.13,-63.17,-63.04,-63.2,-62.98,-63.17,-63.17,-63.17,-63.17,-63.07,-63.23,-63.23,-63.17,-63.23,-63.1,-63.23,-63.2,-63.2,-63.23,-63.38,-63.35,-63.2,-63.26,-63.23,-63.23,-63.2,-63.07,-63.2,-63.13,-63.17,-63.32,-63.26,-63.07,-63.26,-63.2,-63.2,-63.07,-63.17,-63.01,-63.07,-63.01,-63.23,-63.29,-63.1,-63.04,-63.07,-63.07,-62.95,-63.07,-63.04,-62.98,-63.04,-63.07,-63.1,-63.13,-63.04,-63.07,-62.98,-63.1,-63.04,-63.01,-63.04,-63.04,-63.04,-63.07,-63.07,-63.07,-63.07,-63.01,-62.92,-63.13,-62.98,-62.92,-62.95,-63.01,-63.01,-63.04,-62.98,-62.89,-62.92,-62.92,-62.79,-62.92,-62.73,-62.85,-62.92,-62.82,-62.79,-62.82,-62.76,-62.79,-62.73,-62.73,-62.79,-62.85,-63.07,-62.85,-62.92,-62.82,-62.89,-62.92,-62.7,-62.89,-62.76,-62.82,-62.79,-62.76,-62.85,-62.79,-62.85,-62.98,-62.85,-62.82,-62.79,-62.82,-62.82,-62.79,-62.85,-62.73,-62.89,-62.89,-62.92,-62.98,-62.76,-62.76,-62.82,-62.79,-62.73,-62.67,-62.76,-62.7,-62.73,-62.7,-62.64,-62.67,-62.76,-62.7,-62.73,-62.7,-62.85,-62.82,-62.76,-62.85,-62.73,-62.73,-62.79,-62.7,-62.54,-62.7,-62.73,-62.67,-62.73,-62.82,-62.67,-62.67,-62.73,-62.67,-62.67,-62.79,-62.7,-62.67,-62.67,-62.61,-62.73,-62.57,-62.67,-62.64,-62.61,-62.61,-62.64,-62.67,-62.57,-62.7,-62.67,-62.7,-62.73,-62.64,-62.7,-62.76,-62.76,-62.79,-62.7,-62.82,-62.82,-62.73,-62.76,-62.76,-62.76,-62.73,-62.61,-62.64,-62.64,-62.7,-62.54,-62.79,-62.61,-62.57,-62.61,-62.64,-62.67,-62.76,-62.7,-62.67,-62.82,-62.67,-62.73,-62.82,-62.76,-62.92,-62.92,-62.98,-62.98,-63.01,-62.98,-63.04,-63.01,-63.01,-62.98,-62.92,-63.07,-63.04,-63.04,-63.01,-63.1,-62.95,-63.04,-63.13,-63.17,-63.1,-63.1,-63.23,-63.17,-63.2,-63.13,-63.04,-63.1,-63.13,-63.01,-63.1,-63.1,-63.29,-63.23,-63.17,-63.2,-63.1,-63.13,-63.1,-63.01,-62.89,-63.01,-63.13,-63.07,-63.2,-63.13,-63.2,-63.01,-63.17,-63.07,-63.17,-63.13,-63.07,-63.17,-63.13,-62.98,-63.04,-63.13,-62.95,-62.98,-63.04,-62.85,-62.85,-63.07,-63.07,-63.07,-62.92,-62.98,-63.04,-63.07,-63.01,-63.01,-63.1,-63.07,-63.07,-62.95,-63.04,-62.95,-63.01,-62.89,-63.07,-62.92,-62.92,-62.98,-62.98,-63.07,-62.98,-63.17,-63.1,-62.95,-62.89,-62.95,-62.82,-62.95,-63.01,-62.82,-62.76,-62.79,-62.95,-62.89,-62.82,-62.98,-62.73,-62.82,-62.85,-62.92,-62.89,-62.85,-63.01,-62.95,-63.13,-63.13,-63.01,-62.98,-62.79,-62.82,-62.92,-62.85,-62.85,-62.82,-62.82,-62.85,-62.79,-62.89,-62.98,-62.89,-62.98,-62.92,-62.95,-62.7,-62.92,-62.82,-62.79,-62.85,-62.79,-62.79,-62.82,-62.82,-62.76,-62.7,-62.64,-62.67,-62.76,-62.61,-62.73,-62.54,-62.64,-62.64,-62.61,-62.64,-62.64,-62.7,-62.64,-62.54,-62.61,-62.61,-62.73,-62.64,-62.73,-62.67,-62.76,-62.73,-62.7,-62.7,-62.82,-62.67,-62.7,-62.7,-62.73,-62.73,-62.79,-62.79,-62.82,-62.64,-62.67,-62.76,-62.79,-62.82,-62.85,-62.82,-62.7,-62.85,-62.85,-62.79,-62.82,-62.79,-62.89,-62.89,-62.82,-62.82,-62.76,-62.85,-62.85,-62.92,-62.85,-62.85,-62.82,-62.92,-62.85,-62.85,-62.85,-62.85,-63.01,-63.07,-63.01,-62.98,-63.1,-62.95,-63.1,-63.04,-63.13,-63.07,-63.13,-63.13,-63.13,-63.23,-63.23,-62.95,-63.1,-63.07,-63.1,-63.13,-63.17,-63.1,-63.13,-63.04,-63.1,-63.04,-63.07,-63.17,-63.01,-63.1,-63.1,-63.1,-63.13,-63.07,-63.1,-63.17,-63.1,-63.1,-63.1,-63.13,-63.07,-63.13,-62.95,-62.98,-63.04,-62.98,-63.13,-63.1,-63.13,-62.98,-63.04,-63.01,-63.07,-62.92,-63.04,-63.01,-63.07,-63.1,-63.13,-62.85,-62.92,-62.98,-63.04,-62.92,-63.01,-63.1,-62.92,-62.92,-62.85,-62.79,-62.95,-62.95,-62.85,-62.85,-62.92,-62.98,-62.95,-62.95,-62.89,-63.04,-62.85,-62.92,-63.04,-62.89,-62.67,-62.89,-63.04,-62.79,-62.82,-62.92,-62.89,-62.82,-62.82,-62.85,-62.85,-62.73,-62.92,-62.76,-62.95,-62.85,-63.07,-62.92,-62.85,-62.82,-62.98,-62.92,-62.98,-62.85,-62.92,-63.1,-62.95,-62.89,-62.89,-62.85,-62.82,-62.89,-62.73,-62.82,-62.76,-62.98,-62.92,-62.92,-62.89,-62.82,-62.92,-62.76,-62.92,-62.64,-62.85,-62.82,-62.82,-62.82,-62.89,-62.85,-62.82,-62.85,-62.92,-62.76,-62.73,-62.79,-62.89,-62.73,-62.85,-62.7,-62.64,-62.76,-62.73,-62.73,-62.73,-62.76,-62.7,-62.61,-62.7,-62.64,-62.67,-62.7,-62.64,-62.61,-62.64,-62.64,-62.73,-62.67,-62.7,-62.73,-62.7,-62.7,-62.76,-62.76,-62.85,-62.76,-62.73,-62.85,-62.79,-62.79,-62.76,-62.67,-62.85,-62.67,-62.82,-62.73,-62.82,-62.82,-62.82,-62.95,-62.73,-62.73,-62.76,-62.73,-62.79,-62.76,-62.73,-62.73,-62.7,-62.73,-62.79,-62.82,-62.73,-62.98,-62.85,-62.92,-62.82,-62.92,-62.95,-62.85,-62.92,-63.07,-62.95,-62.95,-63.01,-62.95,-63.01,-62.95,-63.2,-63.07,-62.98,-63.07,-62.92,-63.13,-63.04,-63.04,-63.13,-62.92,-62.82,-63.04,-62.95,-62.85,-62.89,-62.92,-62.89,-62.79,-62.98,-62.89,-62.85,-62.85,-62.85,-62.89,-62.89,-62.85,-62.85,-62.89,-62.85,-62.95,-62.98,-62.92,-62.82,-62.92,-62.89,-62.95,-62.89,-63.04,-63.07,-63.07,-63.07,-62.98,-62.95,-63.04,-62.98,-63.01,-62.85,-63.01,-62.95,-62.95,-63.01,-62.85,-63.01,-63.01,-62.89,-62.98,-63.1,-63.01,-62.89,-63.04,-63.1,-63.04,-63.01,-63.1,-62.92,-63.04,-63.13,-62.89,-62.98,-62.92,-62.98,-62.98,-62.85,-62.92,-63.01,-62.92,-62.85,-62.79,-62.82,-63.01,-62.89,-63.01,-63.13,-63.07,-62.98,-63.04,-63.01,-63.04,-62.89,-63.01,-63.01,-62.98,-63.01,-63.01,-63.07,-62.98,-62.92,-63.04,-63.13,-63.07,-62.85,-62.85,-62.82,-63.1,-62.95,-63.13,-62.98,-63.01,-62.92,-62.89,-62.95,-63.01,-62.92,-63.01,-63.01,-63.04,-62.98,-62.82,-63.07,-63.04,-63.07,-62.92,-62.85,-62.76,-62.76,-62.7,-62.67,-62.73,-62.73,-62.73,-62.92,-62.64,-62.73,-62.7,-62.82,-62.61,-62.67,-62.82,-62.73,-62.79,-62.73,-62.79,-62.7,-62.7,-62.76,-62.76,-62.67,-62.73,-62.67,-62.48,-62.76,-62.76,-62.67,-62.67,-62.85,-62.82,-62.76,-62.7,-62.79,-62.76,-62.85,-62.85,-62.82,-62.79,-62.82,-62.92,-62.85,-62.89,-62.89,-62.7,-62.85,-62.73,-62.79,-62.7,-62.76,-62.7,-62.7,-62.73,-62.79,-62.7,-62.89,-62.82,-62.92,-62.89,-62.85,-62.89,-62.92,-62.92,-62.95,-62.85,-63.01,-63.04,-62.92,-63.01,-63.04,-63.01,-63.07,-63.04,-63.01,-62.92,-63.04,-62.92,-63.1,-62.82,-62.92,-62.92,-62.92,-62.95,-62.85,-62.73,-62.67,-62.76,-62.92,-62.95,-62.76,-62.73,-62.73,-62.82,-62.82,-62.76,-62.85,-62.89,-62.89,-62.79,-62.76,-62.67,-62.76,-62.64,-62.64,-62.64,-62.67,-62.7,-62.82,-62.67,-62.73,-62.79,-62.76,-62.7,-62.76,-62.67,-62.61,-62.89,-62.61,-62.7,-62.7,-62.67,-62.67,-62.61,-62.57,-62.7,-62.61,-62.73,-62.54,-62.64,-62.67,-62.73,-62.64,-62.64,-62.61,-62.57,-62.51,-62.61,-62.51,-62.64,-62.61,-62.67,-62.7,-62.7,-62.57,-62.7,-62.64,-62.54,-62.64,-62.64,-62.54,-62.57,-62.57,-62.48,-62.51,-62.61,-62.48,-62.61,-62.61,-62.57,-62.67,-62.54,-62.61,-62.57,-62.64,-62.57,-62.61,-62.64,-62.64,-62.73,-62.67,-62.48,-62.54,-62.39,-62.54,-62.57,-62.7,-62.54,-62.57,-62.48,-62.61,-62.64,-62.61,-62.57,-62.54,-62.51,-62.54,-62.57,-62.54,-62.54,-62.39,-62.42,-62.54,-62.54,-62.42,-62.57,-62.39,-62.51,-62.48,-62.48,-62.57,-62.48,-62.42,-62.48,-62.48,-62.45,-62.57,-62.54,-62.61,-62.82,-62.73,-62.61,-62.64,-62.57,-62.7,-62.7,-62.57,-62.61,-62.61,-62.7,-62.57,-62.54,-62.7,-62.61,-62.73,-62.64,-62.7,-62.61,-62.61,-62.57,-62.61,-62.51,-62.51,-62.57,-62.48,-62.61,-62.61,-62.61,-62.64,-62.67,-62.61,-62.7,-62.7,-62.73,-62.64,-62.61,-62.61,-62.61,-62.61,-62.54,-62.54,-62.64,-62.61,-62.64,-62.51,-62.57,-62.64,-62.45,-62.57,-62.51,-62.64,-62.57,-62.67,-62.54,-62.64,-62.57,-62.48,-62.64,-62.67,-62.61,-62.54,-62.67,-62.57,-62.7,-62.79,-62.64,-62.7,-62.64,-62.48,-62.57,-62.73,-62.67,-62.7,-62.67,-62.82,-62.61,-62.61,-62.7,-62.61,-62.57,-62.67,-62.57,-62.64,-62.64,-62.7,-62.64,-62.57,-62.57,-62.67,-62.61,-62.64,-62.61,-62.54,-62.57,-62.61,-62.7,-62.67,-62.51,-62.54,-62.67,-62.57,-62.7,-62.57,-62.51,-62.64,-62.82,-62.73,-62.73,-62.7,-62.57,-62.61,-62.61,-62.76,-62.54,-62.64,-62.67,-62.67,-62.64,-62.54,-62.76,-62.51,-62.67,-62.7,-62.57,-62.67,-62.57,-62.7,-62.61,-62.48,-62.57,-62.7,-62.57,-62.51,-62.61,-62.64,-62.57,-62.61,-62.57,-62.67,-62.64,-62.61,-62.67,-62.64,-62.7,-62.7,-62.54,-62.73,-62.64,-62.67,-62.57,-62.54,-62.61,-62.64,-62.61,-62.73,-62.7,-62.73,-62.61,-62.79,-62.7,-62.67,-62.67,-62.64,-62.48,-62.67,-62.7,-62.73,-62.76,-62.7,-62.64,-62.64,-62.57,-62.54,-62.64,-62.67,-62.57,-62.51,-62.54,-62.57,-62.61,-62.48,-62.67,-62.51,-62.57,-62.57,-62.45,-62.57,-62.48,-62.45,-62.45,-62.51,-62.36,-62.45,-62.48,-62.61,-62.36,-62.42,-62.51,-62.51,-62.36,-62.48,-62.61,-62.33,-62.26,-62.26,-62.36,-62.36,-62.39,-62.42,-62.36,-62.23,-62.17,-62.26,-62.23,-62.23,-62.14,-62.14,-62.23,-62.2,-62.29,-62.29,-62.33,-62.33,-62.23,-62.2,-62.05,-62.05,-62.08,-62.14,-62.01,-62.14,-62.14,-61.92,-61.98,-62.01,-62.08,-61.95,-61.89,-61.92,-62.11,-62.11,-62.11,-62.05,-61.86,-62.05,-62.14,-62.08,-62.08,-62.17,-62.23,-62.17,-62.2,-62.08,-62.23,-62.29,-62.14,-62.26,-62.26,-62.23,-62.29,-62.33,-62.29,-62.26,-62.2,-62.33,-62.29,-62.33,-62.29,-62.29,-62.39,-62.33,-62.39,-62.45,-62.42,-62.48,-62.42,-62.29,-62.42,-62.42,-62.29,-62.42,-62.64,-62.29,-62.39,-62.33,-62.39,-62.29,-62.26,-62.39,-62.2,-62.2,-62.2,-62.26,-62.33,-62.26,-62.26,-62.26,-62.36,-62.39,-62.42,-62.48,-62.36,-62.39,-62.36,-62.39,-62.42,-62.48,-62.36,-62.57,-62.29,-62.33,-62.29,-62.36,-62.36,-62.39,-62.42,-62.29,-62.33,-62.29,-62.36,-62.33,-62.33,-62.26,-62.36,-62.39,-62.33,-62.36,-62.36,-62.42,-62.51,-62.36,-62.45,-62.45,-62.33,-62.33,-62.51,-62.48,-62.39,-62.51,-62.42,-62.51,-62.48,-62.51,-62.51,-62.51,-62.57,-62.42,-62.54,-62.57,-62.54,-62.7,-62.42,-62.51,-62.61,-62.51,-62.42,-62.42,-62.54,-62.51,-62.54,-62.61,-62.67,-62.57,-62.54,-62.67,-62.67,-62.73,-62.54,-62.64,-62.79,-62.73,-62.7,-62.54,-62.73,-62.64,-62.64,-62.61,-62.76,-62.64,-62.64,-62.64,-62.7,-62.61,-62.61,-62.64,-62.64,-62.61,-62.57,-62.64,-62.73,-62.57,-62.64,-62.64,-62.73,-62.7,-62.7,-62.7,-62.64,-62.57,-62.67,-62.7,-62.67,-62.67,-62.64,-62.79,-62.67,-62.73,-62.73,-62.73,-62.61,-62.64,-62.67,-62.79,-62.76,-62.7,-62.64,-62.67,-62.64,-62.76,-62.7,-62.82,-62.73,-62.61,-62.64,-62.51,-62.64,-62.67,-62.7,-62.76,-62.79,-62.7,-62.73,-62.7,-62.76,-62.64,-62.7,-62.85,-62.7,-62.79,-62.76,-62.67,-62.79,-62.61,-62.76,-62.92,-62.76,-62.79,-62.64,-62.79,-62.79,-62.92,-62.95,-62.82,-62.85,-62.92,-62.95,-63.01,-62.92,-63.01,-62.85,-62.82,-62.85,-62.95,-62.98,-62.95,-62.82,-62.7,-62.79,-62.73,-62.79,-62.79,-62.73,-62.76,-62.73,-62.76,-62.64,-62.73,-62.67,-62.67,-62.67,-62.61,-62.64,-62.67,-62.54,-62.67,-62.7,-62.64,-62.64,-62.67,-62.67,-62.64,-62.7,-62.67,-62.54,-62.54,-62.57,-62.61,-62.54,-62.54,-62.51,-62.54,-62.61,-62.57,-62.64,-62.64,-62.54,-62.64,-62.64,-62.57,-62.67,-62.76,-62.54,-62.64,-62.64,-62.64,-62.7,-62.57,-62.64,-62.61,-62.57,-62.61,-62.64,-62.79,-62.79,-62.73,-62.73,-62.82,-62.73,-62.64,-62.73,-62.73,-62.64,-62.7,-62.82,-62.57,-62.7,-62.64,-62.67,-62.73,-62.73,-62.57,-62.73,-62.61,-62.64,-62.7,-62.73,-62.76,-62.82,-62.79,-62.73,-62.82,-62.64,-62.7,-62.85,-62.92,-62.82,-62.82,-62.89,-62.73,-62.76,-62.76,-62.76,-62.85,-62.95,-62.89,-62.79,-62.89,-62.89,-62.76,-62.85,-62.76,-62.89,-62.92,-62.85,-62.95,-62.82,-62.76,-62.7,-62.79,-62.67,-62.67,-62.7,-62.67,-62.67,-62.67,-62.73,-62.7,-62.61,-62.76,-62.67,-62.73,-62.61,-62.7,-62.64,-62.67,-62.67,-62.54,-62.61,-62.54,-62.7,-62.67,-62.48,-62.61,-62.67,-62.51,-62.61,-62.67,-62.7,-62.57,-62.54,-62.7,-62.61,-62.57,-62.64,-62.64,-62.64,-62.61,-62.64,-62.57,-62.61,-62.54,-62.67,-62.57,-62.7,-62.64,-62.57,-62.57,-62.54,-62.45,-62.48,-62.48,-62.54,-62.51,-62.54,-62.51,-62.64,-62.61,-62.42,-62.57,-62.48,-62.42,-62.42,-62.42,-62.42,-62.42,-62.42,-62.51,-62.64,-62.42,-62.48,-62.67,-62.54,-62.51,-62.54,-62.67,-62.61,-62.57,-62.7,-62.67,-62.67,-62.54,-62.61,-62.48,-62.51,-62.57,-62.42,-62.42,-62.64,-62.51,-62.45,-62.51,-62.42,-62.45,-62.64,-62.54,-62.42,-62.51,-62.42,-62.54,-62.42,-62.39,-62.51,-62.54,-62.39,-62.42,-62.48,-62.61,-62.48,-62.48,-62.42,-62.39,-62.42,-62.42,-62.48,-62.33,-62.48,-62.42,-62.36,-62.48,-62.51,-62.29,-62.42,-62.39,-62.42,-62.54,-62.54,-62.42,-62.51,-62.61,-62.48,-62.42,-62.51,-62.57,-62.54,-62.51,-62.54,-62.61,-62.42,-62.45,-62.48,-62.51,-62.51,-62.39,-62.42,-62.39,-62.51,-62.42,-62.51,-62.42,-62.54,-62.42,-62.51,-62.36,-62.48,-62.57,-62.51,-62.48,-62.29,-62.42,-62.39,-62.48,-62.51,-62.51,-62.54,-62.42,-62.54,-62.61,-62.48,-62.51,-62.54,-62.54,-62.51,-62.51,-62.61,-62.48,-62.54,-62.48,-62.51,-62.42,-62.54,-62.45,-62.48,-62.36,-62.54,-62.7,-62.42,-62.57,-62.42,-62.51,-62.36,-62.36,-62.39,-62.42,-62.51,-62.39,-62.39,-62.39,-62.48,-62.36,-62.42,-62.36,-62.48,-62.67,-62.39,-62.51,-62.42,-62.48,-62.54,-62.48,-62.54,-62.45,-62.33,-62.57,-62.36,-62.39,-62.36,-62.48,-62.51,-62.54,-62.51,-62.36,-62.48,-62.45,-62.57,-62.61,-62.45,-62.54,-62.54,-62.45,-62.54,-62.67,-62.64,-62.61,-62.61,-62.67,-62.64,-62.64,-62.7,-62.61,-62.54,-62.64,-62.7,-62.67,-62.73,-62.61,-62.73,-62.82,-62.79,-62.76,-62.7,-62.76,-62.73,-62.7,-62.89,-62.73,-62.82,-62.64,-62.67,-62.76,-62.73,-62.79,-62.79,-62.61,-62.7,-62.79,-62.85,-62.76,-62.7,-62.73,-62.76,-62.7,-62.79,-62.82,-63.01,-62.76,-62.73,-62.85,-62.89,-62.92,-62.89,-62.82,-62.92,-62.76,-62.98,-62.95,-62.98,-62.82,-62.92,-63.01,-62.89,-63.1,-63.2,-63.04,-63.07,-62.92,-63.13,-63.04,-63.1,-62.95,-62.95,-63.07,-63.01,-63.04,-62.98,-62.98,-63.1,-62.98,-63.04,-63.01,-63.07,-63.04,-63.07,-63.07,-62.98,-62.98,-63.01,-62.95,-63.13,-63.01,-63.07,-63.07,-63.01,-63.07,-63.04,-63.07,-63.13,-62.92,-62.85,-63.01,-62.98,-62.98,-63.01,-63.01,-63.04,-63.04,-62.98,-63.04,-63.1,-62.98,-62.89,-63.01,-62.92,-63.07,-63.07,-63.01,-63.07,-62.98,-63.1,-63.1,-62.98,-62.85,-62.85,-63.01,-63.04,-63.07,-63.01,-63.17,-63.13,-63.1,-62.92,-63.04,-63.13,-63.01,-63.1,-63.17,-63.01,-63.17,-63.13,-63.32,-63.32,-63.32,-63.17,-63.29,-63.32,-63.23,-63.38,-63.32,-63.26,-63.23,-63.29,-63.23,-63.32,-63.26,-63.38,-63.26,-63.29,-63.2,-63.23,-63.23,-63.38,-63.26,-63.29,-63.1,-63.32,-63.23,-63.2,-63.13,-63.17,-63.17,-63.29,-63.2,-63.2,-63.17,-63.26,-63.23,-63.17,-63.1,-63.1,-63.1,-62.98,-63.01,-63.01,-62.98,-62.95,-63.04,-62.95,-63.04,-63.2,-63.04,-63.01,-62.95,-63.04,-63.04,-63.04,-62.82,-63.04,-62.85,-62.89,-63.01,-63.13,-62.82,-62.98,-63.01,-63.01,-63.01,-63.01,-62.95,-63.01,-63.1,-62.92,-63.07,-62.98,-63.01,-62.85,-63.01,-62.98,-63.04,-62.92,-63.1,-63.01,-63.07,-63.04,-63.01,-62.98,-63.07,-63.17,-63.13,-63.04,-62.92,-62.89,-62.95,-62.98,-63.07,-63.07,-63.07,-63.17,-62.98,-63.1,-63.17,-63.13,-63.07,-63.07,-63.23,-63.23,-63.07,-63.1,-63.04,-63.04,-63.1,-63.26,-63.38,-63.23,-63.26,-63.26,-63.17,-63.32,-63.29,-63.23,-63.13,-63.26,-63.35,-63.13,-63.23,-63.01,-63.07,-63.29,-63.23,-63.17,-63.04,-63.17,-63.07,-63.13,-63.17,-63.1,-62.95,-63.04,-63.07,-63.1,-63.04,-63.13,-63.07,-63.07,-63.01,-63.04,-63.04,-63.01,-62.98,-63.01,-63.23,-63.04,-63.13,-63.04,-63.23,-63.17,-63.07,-63.2,-63.2,-63.1,-63.04,-63.2,-63.13,-63.2,-63.07,-63.13,-63.07,-63.17,-63.04,-63.13,-63.13,-63.01,-63.07,-63.26,-63.29,-63.29,-63.26,-63.23,-63.23,-63.32,-63.29,-63.29,-63.2,-63.26,-63.32,-63.35,-63.2,-63.17,-63.26,-63.13,-63.32,-63.38,-63.23,-63.26,-63.2,-63.26,-63.17,-63.41,-63.32,-63.2,-63.41,-63.29,-63.35,-63.32,-63.32,-63.35,-63.26,-63.29,-63.38,-63.41,-63.29,-63.32,-63.32,-63.26,-63.23,-63.26,-63.2,-63.35,-63.26,-63.29,-63.26,-63.35,-63.26,-63.38,-63.35,-63.26,-63.41,-63.26,-63.13,-63.23,-63.26,-63.26,-63.13,-63.2,-63.1,-63.17,-63.17,-63.13,-63.13,-62.92,-63.04,-62.95,-63.04,-62.92,-62.98,-62.92,-63.04,-62.95,-62.92,-62.85,-62.98,-62.85,-62.85,-62.82,-62.73,-62.98,-62.85,-62.92,-62.82,-62.79,-62.89,-62.85,-62.76,-62.85,-62.79,-62.73,-62.89,-62.82,-62.73,-62.82,-62.89,-62.79,-62.61,-62.79,-62.73,-62.73,-62.67,-62.76,-62.67,-62.67,-62.64,-62.64,-62.57,-62.7,-62.57,-62.57,-62.54,-62.54,-62.54,-62.54,-62.57,-62.67,-62.7,-62.67,-62.64,-62.73,-62.61,-62.64,-62.67,-62.67,-62.79,-62.7,-62.7,-62.61,-62.79,-62.76,-62.54,-62.67,-62.89,-62.73,-62.76,-62.7,-62.64,-62.82,-62.7,-62.79,-62.7,-62.7,-62.57,-62.54,-62.67,-62.61,-62.67,-62.67,-62.61,-62.51,-62.64,-62.54,-62.57,-62.54,-62.57,-62.67,-62.57,-62.54,-62.54,-62.42,-62.48,-62.39,-62.54,-62.42,-62.57,-62.51,-62.67,-62.57,-62.48,-62.61,-62.48,-62.57,-62.64,-62.48,-62.42,-62.39,-62.48,-62.51,-62.39,-62.42,-62.57,-62.48,-62.51,-62.45,-62.48,-62.48,-62.51,-62.57,-62.54,-62.48,-62.45,-62.61,-62.67,-62.45,-62.51,-62.51,-62.54,-62.54,-62.57,-62.57,-62.67,-62.48,-62.54,-62.51,-62.48,-62.64,-62.57,-62.57,-62.51,-62.42,-62.57,-62.54,-62.61,-62.7,-62.79,-62.76,-62.57,-62.73,-62.82,-62.64,-62.7,-62.79,-62.95,-62.79,-62.92,-62.7,-62.89,-62.73,-62.79,-62.92,-62.82,-62.79,-62.67,-62.76,-62.79,-62.73,-62.73,-62.85,-62.73,-62.7,-62.73,-62.76,-62.85,-62.89,-62.79,-62.73,-62.89,-62.79,-62.73,-62.73,-62.89,-62.76,-62.79,-62.7,-62.79,-62.7,-62.7,-62.57,-62.7,-62.61,-62.61,-62.73,-62.61,-62.51,-62.54,-62.64,-62.48,-62.48,-62.51,-62.42,-62.51,-62.48,-62.57,-62.51,-62.57,-62.48,-62.39,-62.54,-62.39,-62.64,-62.54,-62.54,-62.51,-62.61,-62.61,-62.51,-62.48,-62.36,-62.57,-62.61,-62.45,-62.57,-62.39,-62.45,-62.48,-62.33,-62.33,-62.33,-62.42,-62.42,-62.42,-62.36,-62.29,-62.33,-62.29,-62.39,-62.36,-62.29,-62.39,-62.26,-62.39,-62.42,-62.36,-62.51,-62.39,-62.39,-62.26,-62.51,-62.57,-62.42,-62.61,-62.57,-62.61,-62.57,-62.64,-62.48,-62.48,-62.57,-62.54,-62.67,-62.61,-62.51,-62.39,-62.51,-62.51,-62.51,-62.57,-62.61,-62.51,-62.57,-62.57,-62.7,-62.54,-62.57,-62.54,-62.48,-62.54,-62.57,-62.67,-62.57,-62.7,-62.51,-62.39,-62.57,-62.48,-62.57,-62.42,-62.33,-62.42,-62.51,-62.48,-62.36,-62.39,-62.36,-62.39,-62.36,-62.39,-62.29,-62.29,-62.26,-62.39,-62.26,-62.29,-62.39,-62.39,-62.36,-62.36,-62.29,-62.51,-62.39,-62.45,-62.42,-62.54,-62.45,-62.57,-62.57,-62.67,-62.51,-62.54,-62.57,-62.54,-62.54,-62.61,-62.48,-62.67,-62.51,-62.54,-62.61,-62.54,-62.57,-62.54,-62.51,-62.54,-62.54,-62.48,-62.54,-62.61,-62.64,-62.57,-62.57,-62.61,-62.54,-62.51,-62.54,-62.61,-62.51,-62.54,-62.57,-62.48,-62.61,-62.48,-62.64,-62.64,-62.54,-62.64,-62.45,-62.54,-62.61,-62.73,-62.67,-62.67,-62.7,-62.7,-62.61,-62.64,-62.73,-62.57,-62.67,-62.54,-62.48,-62.57,-62.7,-62.73,-62.64,-62.57,-62.61,-62.67,-62.57,-62.61,-62.73,-62.7,-62.61,-62.7,-62.76,-62.67,-62.64,-62.64,-62.64,-62.64,-62.61,-62.48,-62.67,-62.64,-62.73,-62.64,-62.57,-62.73,-62.61,-62.57,-62.61,-62.39,-62.51,-62.45,-62.61,-62.51,-62.57,-62.51,-62.64,-62.64,-62.67,-62.64,-62.54,-62.51,-62.33,-62.51,-62.36,-62.45,-62.48,-62.54,-62.54,-62.51,-62.64,-62.67,-62.64,-62.61,-62.54,-62.61,-62.54,-62.61,-62.57,-62.57,-62.64,-62.67,-62.73,-62.67,-62.61,-62.7,-62.64,-62.79,-62.67,-62.73,-62.67,-62.67,-62.57,-62.67,-62.7,-62.54,-62.7,-62.54,-62.61,-62.76,-62.76,-62.7,-62.79,-62.67,-62.82,-62.76,-62.76,-62.79,-62.85,-62.7,-62.73,-62.76,-62.7,-62.73,-63.01,-62.79,-62.76,-62.79,-62.82,-62.82,-62.76,-62.79,-62.92,-62.89,-62.85,-62.95,-63.01,-62.92,-62.92,-62.73,-62.82,-62.89,-62.79,-62.82,-62.73,-62.76,-62.79,-62.89,-62.89,-62.73,-62.67,-62.73,-62.85,-62.7,-62.76,-62.64,-62.76,-62.73,-62.64,-62.7,-62.7,-62.73,-62.73,-62.7,-62.67,-62.57,-62.64,-62.57,-62.73,-62.76,-62.7,-62.73,-62.61,-62.73,-62.57,-62.61,-62.61,-62.57,-62.51,-62.57,-62.54,-62.42,-62.57,-62.61,-62.64,-62.57,-62.67,-62.51,-62.54,-62.51,-62.67,-62.61,-62.7,-62.61,-62.73,-62.64,-62.64,-62.7,-62.67,-62.64,-62.64,-62.67,-62.73,-62.57,-62.73,-62.67,-62.7,-62.64,-62.7,-62.54,-62.57,-62.54,-62.57,-62.76,-62.7,-62.57,-62.73,-62.79,-62.85,-62.76,-62.82,-62.82,-62.92,-62.82,-62.76,-62.89,-62.79,-62.76,-62.67,-62.82,-62.98,-62.85,-62.89,-62.82,-62.92,-63.1,-62.89,-63.1,-63.17,-62.98,-62.92,-62.95,-62.98,-63.04,-62.92,-62.98,-62.95,-63.01,-63.01,-62.92,-62.73,-62.89,-62.92,-63.04,-63.04,-63.04,-62.98,-63.01,-63.07,-63.1,-63.07,-63.13,-63.17,-63.13,-63.23,-63.2,-63.07,-63.17,-63.1,-63.13,-63.2,-63.2,-63.17,-63.17,-63.13,-63.2,-63.1,-63.1,-63.13,-63.23,-63.2,-63.2,-63.13,-63.13,-63.35,-63.32,-63.23,-63.1,-63.17,-63.23,-63.23,-63.26,-63.13,-63.29,-63.2,-63.23,-63.26,-63.2,-63.23,-63.2,-63.2,-63.32,-63.13,-63.29,-63.2,-63.26,-63.07,-63.23,-63.23,-63.35,-63.2,-63.04,-63.2,-63.29,-63.17,-63.26,-63.2,-63.17,-63.23,-63.23,-63.1,-63.26,-63.26,-63.2,-63.1,-63.04,-63.26,-63.26,-63.17,-63.17,-63.23,-63.1,-63.17,-63.13,-63.17,-63.04,-63.07,-63.01,-63.01,-62.98,-63.04,-63.1,-63.01,-63.01,-62.89,-62.92,-63.04,-62.85,-63.1,-63.01,-62.92,-63.04,-62.92,-62.89,-62.85,-62.92,-62.79,-62.89,-62.85,-62.95,-62.89,-62.95,-62.89,-62.89,-62.82,-62.82,-62.85,-62.82,-62.92,-62.76,-62.89,-62.73,-62.73,-62.79,-62.89,-62.76,-62.82,-62.82,-62.95,-63.01,-62.85,-62.89,-62.85,-62.98,-62.82,-63.04,-63.01,-62.85,-62.92,-62.98,-62.95,-62.95,-63.04,-62.98,-63.01,-62.95,-63.04,-62.95,-63.01,-62.89,-63.04,-62.98,-63.01,-62.95,-62.95,-62.98,-63.07,-62.95,-62.92,-62.82,-62.89,-62.89,-62.98,-62.98,-62.98,-62.98,-62.98,-63.01,-62.98,-63.07,-62.98,-63.07,-63.01,-62.98,-63.07,-63.04,-63.01,-62.82,-63.04,-63.07,-63.13,-63.07,-63.01,-63.04,-63.1,-63.04,-63.13,-63.1,-63.1,-63.07,-63.17,-63.2,-63.13,-63.04,-63.01,-63.17,-63.17,-63.26,-63.04,-63.1,-63.23,-63.2,-63.1,-63.23,-63.13,-63.2,-63.17,-63.2,-63.07,-63.07,-63.13,-63.07,-63.13,-63.07,-63.07,-63.07,-63.17,-63.1,-63.07,-63.2,-63.1,-63.23,-63.2,-63.23,-63.17,-63.29,-63.07,-63.2,-63.23,-63.1,-63.01,-63.23,-63.13,-63.04,-63.2,-63.13,-63.07,-63.2,-63.2,-63.17,-63.23,-63.13,-63.13,-63.23,-63.23,-63.29,-63.32,-63.23,-63.35,-63.29,-63.35,-63.29,-63.32,-63.38,-63.38,-63.41,-63.32,-63.51,-63.41,-63.48,-63.51,-63.44,-63.35,-63.54,-63.57,-63.51,-63.48,-63.54,-63.51,-63.63,-63.41,-63.51,-63.57,-63.63,-63.38,-63.44,-63.6,-63.54,-63.48,-63.6,-63.51,-63.57,-63.57,-63.51,-63.51,-63.63,-63.54,-63.54,-63.6,-63.6,-63.54,-63.54,-63.51,-63.69,-63.63,-63.51,-63.57,-63.6,-63.57,-63.51,-63.41,-63.48,-63.51,-63.38,-63.51,-63.57,-63.41,-63.57,-63.41,-63.48,-63.35,-63.38,-63.48,-63.38,-63.38,-63.29,-63.48,-63.57,-63.66,-63.6,-63.66,-63.63,-63.54,-63.66,-63.54,-63.6,-63.6,-63.51,-63.69,-63.51,-63.54,-63.54,-63.76,-63.69,-63.79,-63.63,-63.76,-63.72,-63.72,-63.69,-63.69,-63.72,-63.57,-63.66,-63.72,-63.6,-63.69,-63.72,-63.79,-63.72,-63.82,-63.69,-63.79,-63.6,-63.54,-63.63,-63.66,-63.72,-63.66,-63.72,-63.6,-63.6,-63.72,-63.63,-63.54,-63.79,-63.85,-63.69,-63.72,-63.72,-63.69,-63.6,-63.66,-63.76,-63.79,-63.82,-63.91,-63.76,-63.82,-63.82,-63.91,-63.79,-63.97,-63.82,-63.82,-63.76,-63.82,-63.76,-63.85,-63.82,-63.69,-63.85,-63.88,-63.82,-63.79,-63.76,-63.85,-63.79,-63.79,-64.0,-63.79,-63.76,-63.85,-63.82,-63.82,-63.79,-63.94,-63.91,-63.69,-63.79,-63.76,-63.79,-63.85,-63.82,-63.85,-63.82,-63.85,-63.79,-63.85,-63.76,-63.85,-63.72,-63.85,-63.88,-63.82,-63.91,-63.88,-63.79,-63.79,-63.91,-63.88,-63.79,-63.82,-63.82,-63.82,-63.79,-63.85,-63.79,-63.76,-63.82,-63.91,-63.82,-63.82,-63.94,-63.82,-63.85,-63.88,-63.82,-63.79,-63.76,-63.63,-63.94,-63.79,-63.79,-63.79,-63.66,-63.94,-63.76,-63.79,-63.85,-63.82,-63.79,-63.82,-63.91,-63.82,-63.88,-63.97,-63.85,-63.94,-63.94,-63.76,-63.91,-63.94,-63.85,-63.88,-63.72,-63.82,-63.82,-63.88,-63.94,-63.69,-63.88,-63.66,-63.72,-63.76,-63.82,-63.72,-63.63,-63.76,-63.79,-63.79,-63.66,-63.72,-63.76,-63.72,-63.79,-63.63,-63.66,-63.69,-63.76,-63.72,-63.72,-63.57,-63.76,-63.66,-63.63,-63.66,-63.66,-63.54,-63.57,-63.6,-63.66,-63.72,-63.72,-63.63,-63.57,-63.69,-63.69,-63.72,-63.6,-63.57,-63.66,-63.6,-63.51,-63.63,-63.63,-63.51,-63.72,-63.48,-63.69,-63.69,-63.57,-63.76,-63.69,-63.79,-63.54,-63.79,-63.72,-63.85,-63.91,-63.82,-63.76,-63.94,-63.82,-63.82,-63.85,-63.88,-63.82,-63.72,-63.85,-63.79,-63.94,-63.91,-63.94,-63.91,-63.91,-63.91,-63.97,-63.88,-63.91,-63.88,-63.82,-63.88,-63.91,-63.76,-63.85,-63.79,-63.79,-63.82,-63.82,-63.91,-63.91,-63.97,-63.94,-63.79,-63.79,-63.82,-63.94,-63.88,-63.91,-63.79,-63.88,-63.85,-63.94,-63.79,-63.82,-64.0,-63.88,-63.79,-63.82,-63.97,-63.85,-63.91,-63.85,-63.85,-63.72,-63.91,-63.79,-63.88,-63.85,-63.82,-63.82,-63.85,-63.88,-63.94,-63.85,-63.79,-63.72,-63.79,-63.69,-63.6,-63.72,-63.72,-63.76,-63.76,-63.79,-63.85,-63.85,-63.72,-63.85,-63.85,-63.82,-63.76,-63.82,-63.91,-63.85,-63.85,-63.72,-63.79,-63.91,-63.88,-63.97,-63.88,-63.82,-63.85,-63.91,-63.85,-63.94,-63.88,-63.91,-63.88,-63.82,-63.91,-63.91,-63.79,-63.82,-63.94,-63.88,-63.91,-63.88,-64.04,-63.94,-63.85,-63.88,-63.88,-64.04,-64.04,-63.91,-64.07,-63.91,-64.04,-63.97,-64.07,-64.04,-64.07,-64.13,-64.0,-64.16,-64.1,-64.04,-64.13,-64.19,-64.25,-64.19,-64.16,-64.16,-64.22,-64.38,-64.25,-64.07,-64.1,-64.22,-64.25,-64.1,-64.13,-64.07,-64.0,-64.1,-64.1,-63.91,-63.94,-63.91,-63.91,-64.04,-64.04,-64.07,-63.97,-64.04,-64.04,-64.04,-63.97,-64.04,-63.94,-63.88,-63.94,-63.88,-63.94,-64.0,-63.91,-63.91,-63.91,-63.91,-63.94,-63.88,-63.97,-63.94,-63.91,-63.94,-63.88,-63.91,-64.04,-63.79,-63.85,-63.82,-63.79,-63.72,-63.79,-63.72,-63.69,-63.79,-63.85,-63.76,-63.54,-63.63,-63.72,-63.76,-63.66,-63.63,-63.66,-63.66,-63.79,-63.82,-63.72,-63.79,-63.69,-63.82,-63.76,-63.82,-63.94,-63.79,-63.82,-63.85,-63.69,-63.85,-63.79,-63.85,-63.88,-63.79,-63.69,-63.85,-63.82,-63.85,-63.79,-63.88,-63.88,-63.88,-63.85,-63.79,-63.88,-64.0,-63.85,-63.85,-63.91,-63.88,-63.94,-63.91,-63.91,-63.91,-63.85,-63.79,-63.88,-63.72,-63.97,-63.91,-64.0,-63.91,-63.88,-63.97,-63.88,-63.76,-63.79,-63.72,-63.97,-63.94,-63.94,-63.91,-63.91,-63.88,-63.82,-63.82,-63.94,-63.82,-63.72,-63.76,-63.91,-63.91,-63.97,-63.82,-63.91,-63.85,-63.79,-63.94,-63.72,-63.79,-63.79,-63.72,-63.85,-63.82,-63.79,-63.72,-63.79,-63.79,-63.85,-63.66,-63.79,-63.79,-63.69,-63.82,-63.82,-63.85,-63.79,-63.79,-63.82,-63.85,-63.88,-63.82,-63.85,-63.85,-63.79,-63.79,-63.79,-63.88,-63.82,-63.82,-63.79,-63.72,-63.82,-63.79,-63.85,-63.79,-63.82,-63.72,-63.85,-63.82,-63.79,-63.82,-63.85,-63.91,-63.85,-63.82,-63.88,-63.82,-63.82,-63.85,-63.88,-63.82,-63.88,-63.91,-64.04,-64.04,-63.91,-63.94,-63.94,-63.88,-63.91,-63.91,-64.0,-63.91,-64.0,-64.04,-64.07,-63.91,-64.0,-63.91,-64.1,-63.94,-63.88,-64.07,-64.1,-63.94,-64.04,-64.04,-64.0,-64.0,-64.16,-64.04,-64.04,-64.1,-64.0,-63.94,-64.07,-63.82,-63.85,-63.88,-63.85,-63.66,-63.88,-63.88,-63.76,-63.88,-63.79,-63.88,-63.91,-63.79,-63.79,-64.04,-63.88,-63.91,-63.94,-63.85,-63.88,-63.88,-63.94,-64.0,-63.94,-63.79,-63.72,-64.0,-63.79,-63.88,-63.82,-63.88,-63.79,-63.76,-63.79,-63.85,-63.85,-63.85,-63.82,-63.72,-63.72,-63.76,-63.79,-63.72,-63.72,-63.69,-63.76,-63.66,-63.72,-63.63,-63.6,-63.66,-63.6,-63.41,-63.69,-63.72,-63.66,-63.6,-63.66,-63.69,-63.76,-63.66,-63.69,-63.57,-63.69,-63.54,-63.72,-63.63,-63.66,-63.51,-63.6,-63.69,-63.63,-63.6,-63.6,-63.6,-63.66,-63.63,-63.63,-63.72,-63.57,-63.54,-63.69,-63.48,-63.54,-63.54,-63.57,-63.57,-63.66,-63.6,-63.57,-63.48,-63.51,-63.6,-63.51,-63.48,-63.44,-63.6,-63.51,-63.35,-63.35,-63.38,-63.41,-63.57,-63.38,-63.38,-63.35,-63.44,-63.35,-63.57,-63.32,-63.35,-63.41,-63.48,-63.41,-63.44,-63.54,-63.54,-63.51,-63.35,-63.41,-63.23,-63.26,-63.44,-63.48,-63.35,-63.35,-63.48,-63.35,-63.29,-63.41,-63.35,-63.35,-63.26,-63.38,-63.23,-63.38,-63.41,-63.29,-63.38,-63.41,-63.38,-63.38,-63.32,-63.41,-63.41,-63.35,-63.32,-63.35,-63.35,-63.35,-63.38,-63.41,-63.38,-63.44,-63.48,-63.38,-63.41,-63.44,-63.41,-63.51,-63.41,-63.51,-63.51,-63.6,-63.54,-63.38,-63.48,-63.51,-63.48,-63.32,-63.44,-63.41,-63.29,-63.54,-63.38,-63.66,-63.48,-63.44,-63.48,-63.48,-63.57,-63.51,-63.54,-63.54,-63.51,-63.57,-63.48,-63.48,-63.48,-63.38,-63.57,-63.54,-63.48,-63.57,-63.44,-63.51,-63.51,-63.41,-63.54,-63.44,-63.41,-63.38,-63.57,-63.41,-63.51,-63.48,-63.48,-63.57,-63.57,-63.48,-63.41,-63.54,-63.51,-63.57,-63.54,-63.51,-63.57,-63.69,-63.66,-63.66,-63.35,-63.57,-63.51,-63.66,-63.6,-63.54,-63.54,-63.66,-63.57,-63.63,-63.66,-63.63,-63.41,-63.48,-63.54,-63.41,-63.48,-63.54,-63.44,-63.54,-63.51,-63.44,-63.57,-63.57,-63.41,-63.57,-63.6,-63.57,-63.6,-63.63,-63.41,-63.54,-63.48,-63.57,-63.63,-63.57,-63.69,-63.63,-63.6,-63.63,-63.72,-63.57,-63.63,-63.76,-63.72,-63.82,-63.66,-63.69,-63.66,-63.63,-63.69,-63.54,-63.76,-63.69,-63.72,-63.82,-63.76,-63.66,-63.72,-63.57,-63.69,-63.69,-63.82,-63.69,-63.88,-63.69,-63.69,-63.88,-63.82,-63.82,-63.79,-63.79,-63.88,-63.85,-63.85,-63.82,-63.88,-63.82,-63.82,-63.76,-63.85,-63.79,-63.76,-63.76,-63.79,-63.63,-63.82,-63.88,-63.82,-63.72,-63.85,-64.0,-63.97,-63.97,-63.88,-63.88,-63.88,-63.79,-63.88,-63.82,-64.0,-63.97,-63.66,-63.72,-63.79,-63.82,-63.76,-63.88,-63.97,-63.79,-63.82,-63.88,-63.91,-63.82,-63.94,-63.94,-63.76,-63.76,-63.88,-63.97,-63.94,-63.88,-63.91,-63.91,-63.91,-63.94,-63.88,-63.97,-64.0,-64.0,-63.91,-63.94,-63.91,-64.04,-64.04,-64.0,-63.91,-63.97,-63.85,-63.88,-63.82,-63.88,-63.97,-63.88,-63.82,-63.94,-63.85,-63.91,-63.88,-63.94,-64.0,-63.82,-63.91,-63.85,-63.91,-63.76,-63.72,-63.82,-63.72,-63.91,-63.88,-63.85,-63.91,-63.94,-63.82,-63.88,-63.82,-64.04,-63.97,-63.91,-63.82,-63.85,-63.85,-63.82,-63.88,-63.82,-63.85,-63.85,-63.82,-63.91,-63.85,-63.97,-63.94,-63.88,-63.88,-64.0,-63.97,-63.91,-63.88,-64.0,-63.94,-64.1,-63.94,-64.07,-64.1,-64.04,-63.94,-63.97,-63.97,-63.91,-64.07,-63.94,-64.0,-64.0,-64.04,-64.04,-63.94,-63.85,-63.97,-64.04,-64.1,-64.13,-64.07,-64.04,-64.04,-64.04,-64.07,-63.97,-64.13,-64.04,-64.16,-64.19,-64.16,-64.13,-64.1,-64.07,-64.0,-64.1,-64.16,-64.13,-64.28,-64.22,-64.19,-64.04,-64.13,-64.13,-64.13,-64.25,-64.19,-64.13,-64.1,-64.19,-64.22,-64.35,-64.32,-64.22,-64.35,-64.32,-64.32,-64.35,-64.32,-64.22,-64.41,-64.44,-64.32,-64.32,-64.41,-64.38,-64.35,-64.22,-64.38,-64.32,-64.28,-64.35,-64.28,-64.35,-64.41,-64.35,-64.32,-64.28,-64.5,-64.28,-64.32,-64.28,-64.35,-64.41,-64.38,-64.38,-64.22,-64.28,-64.28,-64.38,-64.25,-64.28,-64.22,-64.28,-64.28,-64.22,-64.22,-64.25,-64.22,-64.22,-64.25,-64.25,-64.22,-64.25,-64.22,-64.28,-64.13,-64.25,-64.13,-64.22,-64.28,-64.13,-64.07,-64.22,-64.38,-64.13,-64.32,-64.16,-64.22,-64.16,-64.22,-64.16,-64.25,-64.13,-64.25,-64.38,-64.16,-64.13,-64.16,-64.22,-64.28,-64.25,-64.25,-64.13,-64.25,-64.19,-64.32,-64.32,-64.22,-64.35,-64.16,-64.32,-64.32,-64.32,-64.25,-64.35,-64.32,-64.32,-64.25,-64.32,-64.32,-64.32,-64.38,-64.5,-64.35,-64.38,-64.22,-64.35,-64.35,-64.35,-64.38,-64.32,-64.35,-64.32,-64.32,-64.22,-64.35,-64.28,-64.19,-64.28,-64.16,-64.25,-64.25,-64.25,-64.22,-64.25,-64.22,-64.1,-64.19,-64.19,-64.25,-64.07,-64.13,-64.1,-64.0,-64.22,-64.25,-64.07,-64.07,-64.16,-63.94,-64.07,-64.07,-64.04,-63.88,-63.91,-63.82,-64.0,-63.88,-63.91,-64.0,-63.82,-64.0,-63.79,-63.88,-63.85,-63.85,-64.04,-64.0,-63.91,-63.88,-63.97,-63.97,-63.94,-64.07,-64.04,-63.88,-63.88,-64.07,-63.97,-64.0,-64.07,-63.88,-64.0,-63.97,-63.91,-63.91,-63.94,-63.94,-63.91,-63.88,-63.85,-63.94,-63.82,-63.91,-63.97,-63.85,-63.94,-63.88,-64.04,-63.97,-64.0,-63.82,-64.07,-64.07,-64.04,-64.04,-64.0,-63.97,-63.97,-64.07,-63.85,-63.97,-63.97,-64.13,-63.97,-64.07,-63.97,-63.97,-64.16,-64.13,-64.07,-64.07,-64.1,-64.22,-64.1,-64.1,-64.04,-64.13,-64.16,-64.13,-64.07,-64.1,-64.0,-64.0,-64.07,-64.16,-64.16,-64.16,-64.0,-64.1,-64.13,-64.13,-64.07,-63.91,-64.04,-63.97,-64.04,-63.94,-64.04,-63.88,-63.88,-63.97,-64.0,-63.85,-63.82,-63.94,-63.91,-63.91,-63.94,-63.85,-63.91,-63.82,-63.97,-63.88,-63.88,-63.91,-63.91,-64.0,-63.85,-63.85,-63.85,-63.82,-63.91,-63.94,-63.97,-63.91,-64.0,-63.94,-64.04,-63.97,-64.0,-64.04,-64.07,-64.13,-64.07,-63.94,-63.88,-63.97,-63.91,-63.97,-64.07,-63.91,-63.97,-63.97,-64.0,-63.97,-63.94,-63.97,-63.97,-63.94,-64.07,-64.07,-63.94,-63.79,-63.94,-63.88,-63.85,-63.85,-63.94,-63.97,-64.0,-64.0,-63.91,-64.0,-63.97,-64.04,-64.0,-63.91,-63.97,-63.85,-63.91,-63.91,-64.04,-63.94,-63.97,-64.0,-64.13,-64.04,-64.07,-63.94,-63.91,-63.85,-63.97,-64.1,-64.0,-63.97,-63.85,-64.04,-63.94,-63.82,-63.82,-63.76,-63.72,-63.79,-63.72,-63.69,-63.79,-63.69,-63.66,-63.6,-63.66,-63.69,-63.69,-63.63,-63.69,-63.82,-63.66,-63.63,-63.76,-63.79,-63.76,-63.76,-63.72,-63.76,-63.69,-63.66,-63.72,-63.79,-63.6,-63.72,-63.66,-63.6,-63.76,-63.63,-63.6,-63.76,-63.66,-63.76,-63.76,-63.66,-63.66,-63.72,-63.76,-63.82,-63.76,-63.76,-63.79,-63.72,-63.76,-63.79,-63.85,-63.76,-63.94,-63.6
Sweep_14,-27.0,-63.57,-63.57,-63.54,-63.69,-63.69,-63.69,-63.57,-63.6,-63.6,-63.72,-63.66,-63.6,-63.57,-63.69,-63.57,-63.69,-63.57,-63.57,-63.63,-63.69,-63.57,-63.48,-63.57,-63.6,-63.44,-63.54,-63.41,-63.51,-63.32,-63.32,-63.38,-63.35,-63.51,-63.29,-63.44,-63.35,-63.41,-63.29,-63.29,-63.32,-63.35,-63.35,-63.32,-63.35,-63.32,-63.26,-63.07,-63.1,-63.17,-63.04,-63.07,-63.26,-63.13,-63.13,-63.29,-63.17,-63.07,-63.26,-63.13,-63.26,-63.13,-63.04,-63.2,-63.04,-63.13,-63.07,-63.17,-63.13,-63.2,-63.17,-63.23,-63.2,-63.2,-63.29,-63.13,-63.2,-63.2,-63.29,-63.26,-63.38,-63.35,-63.35,-63.29,-63.41,-63.38,-63.29,-63.41,-63.41,-63.29,-63.38,-63.35,-63.35,-63.35,-63.35,-63.51,-63.29,-63.2,-63.17,-63.29,-63.29,-63.17,-63.29,-63.26,-63.29,-63.2,-63.07,-63.26,-63.26,-63.04,-63.17,-63.04,-63.17,-63.1,-63.2,-63.1,-63.17,-63.1,-63.1,-63.1,-63.13,-63.1,-63.13,-63.1,-63.07,-62.98,-62.98,-63.07,-63.01,-63.13,-63.13,-62.92,-63.01,-63.04,-62.95,-62.98,-62.98,-62.92,-62.98,-62.98,-62.82,-62.85,-62.82,-63.01,-62.98,-63.04,-62.98,-62.89,-62.92,-62.92,-62.92,-62.95,-62.82,-62.92,-62.89,-62.82,-62.98,-62.79,-62.82,-62.79,-62.76,-62.76,-62.85,-62.73,-62.85,-62.92,-62.79,-62.7,-62.82,-62.79,-62.76,-62.76,-62.85,-62.73,-62.73,-62.76,-62.73,-62.85,-62.73,-62.64,-62.79,-62.54,-62.76,-62.67,-62.67,-62.61,-62.7,-62.61,-62.79,-62.67,-62.76,-62.64,-62.76,-62.73,-62.76,-62.73,-62.82,-62.82,-62.73,-62.79,-62.82,-62.82,-62.79,-62.73,-62.7,-62.85,-62.85,-62.85,-62.73,-62.64,-62.73,-62.76,-62.67,-62.73,-62.73,-62.73,-62.79,-62.85,-62.67,-62.76,-62.73,-62.67,-62.67,-62.7,-62.67,-62.7,-62.82,-62.82,-62.7,-62.79,-62.76,-62.73,-62.7,-62.76,-62.92,-62.82,-62.82,-62.92,-62.92,-62.85,-62.92,-62.76,-62.92,-62.85,-62.85,-62.89,-62.89,-62.92,-62.67,-62.79,-62.82,-63.01,-62.95,-62.95,-62.92,-62.95,-63.01,-63.01,-63.07,-63.07,-63.1,-63.13,-63.1,-63.01,-63.07,-62.92,-63.01,-63.17,-63.07,-63.04,-63.1,-63.01,-63.07,-62.92,-63.04,-63.01,-62.92,-63.07,-63.1,-63.1,-63.07,-63.04,-63.07,-63.1,-63.23,-63.1,-63.01,-62.85,-63.01,-63.04,-63.01,-62.85,-63.01,-62.98,-63.04,-63.07,-63.01,-62.92,-62.98,-62.85,-63.01,-63.07,-63.01,-63.04,-63.07,-63.07,-63.13,-63.04,-63.01,-63.07,-63.07,-62.98,-63.01,-62.98,-63.07,-63.01,-62.92,-62.92,-62.98,-62.92,-62.85,-62.92,-63.01,-63.04,-63.04,-63.1,-63.1,-63.13,-63.07,-63.01,-63.04,-63.1,-63.04,-63.07,-63.01,-63.04,-63.04,-62.92,-63.07,-62.98,-63.01,-62.98,-63.13,-62.92,-63.01,-63.04,-62.98,-63.04,-62.95,-62.95,-63.07,-62.85,-63.04,-63.04,-62.92,-62.92,-63.01,-63.04,-63.01,-63.07,-63.07,-63.13,-63.01,-63.07,-63.23,-63.2,-63.2,-63.04,-63.23,-63.2,-63.13,-63.26,-63.23,-63.26,-63.17,-63.38,-63.2,-63.2,-63.2,-63.1,-63.1,-63.17,-63.07,-63.1,-62.95,-63.01,-62.92,-62.82,-62.82,-62.73,-62.73,-62.73,-62.64,-62.64,-62.64,-62.61,-62.57,-62.42,-62.42,-62.33,-62.48,-62.17,-62.29,-62.33,-62.2,-62.26,-62.08,-62.11,-62.08,-62.14,-61.98,-61.89,-62.01,-61.83,-61.8,-61.74,-61.74,-61.55,-61.64,-61.42,-61.39,-61.33,-61.3,-61.33,-61.3,-61.33,-61.36,-61.27,-61.3,-61.21,-61.14,-61.18,-61.14,-61.11,-61.08,-61.14,-61.05,-61.05,-61.27,-61.11,-61.02,-61.08,-61.08,-61.21,-60.93,-61.05,-60.99,-61.14,-61.08,-61.02,-61.05,-60.96,-60.99,-60.83,-60.83,-60.83,-60.74,-60.77,-60.74,-60.74,-60.77,-60.77,-60.71,-60.62,-60.71,-60.65,-60.58,-60.52,-60.55,-60.62,-60.55,-60.43,-60.43,-60.34,-60.4,-60.27,-60.12,-60.27,-60.24,-60.27,-60.18,-60.18,-60.18,-60.09,-60.03,-59.99,-60.15,-59.99,-60.06,-59.84,-59.78,-59.75,-59.75,-59.71,-59.65,-59.59,-59.53,-59.59,-59.59,-59.56,-59.56,-59.4,-59.37,-59.34,-59.28,-59.37,-59.25,-59.25,-59.19,-59.12,-59.16,-59.28,-59.09,-59.06,-59.03,-59.12,-59.09,-58.94,-58.94,-59.06,-58.91,-59.09,-58.88,-58.91,-58.81,-58.72,-58.63,-58.63,-58.56,-58.47,-58.38,-58.41,-58.56,-58.38,-58.25,-58.35,-58.41,-58.22,-58.19,-58.19,-58.0,-58.1,-58.1,-58.1,-57.97,-57.91,-57.94,-57.73,-57.85,-57.66,-57.66,-57.63,-57.54,-57.6,-57.54,-57.57,-57.38,-57.38,-57.51,-57.45,-57.26,-57.26,-57.04,-57.13,-57.1,-56.95,-56.95,-56.82,-56.85,-56.82,-56.64,-56.57,-56.39,-56.42,-56.36,-56.3,-56.02,-55.95,-56.05,-56.05,-55.77,-55.92,-55.7,-55.64,-55.58,-55.36,-55.27,-55.33,-55.24,-55.15,-54.96,-54.87,-54.62,-54.65,-54.34,-54.34,-54.12,-53.96,-53.93,-53.93,-53.78,-53.59,-53.31,-52.91,-52.72,-52.72,-52.32,-51.88,-51.63,-50.92,-48.49,17.63,28.88,-11.41,-41.16,-56.54,-61.42,-63.17,-63.48,-63.44,-63.35,-63.13,-63.04,-62.98,-62.73,-62.92,-62.73,-62.73,-62.89,-62.82,-62.92,-62.92,-62.85,-62.85,-63.01,-63.01,-62.98,-63.1,-63.2,-63.26,-63.35,-63.2,-63.17,-63.26,-63.35,-63.32,-63.48,-63.32,-63.41,-63.48,-63.6,-63.57,-63.38,-63.41,-63.57,-63.69,-63.54,-63.6,-63.63,-63.79,-63.72,-63.79,-63.72,-63.76,-63.72,-63.76,-63.82,-63.76,-63.72,-63.94,-63.91,-63.97,-63.94,-63.97,-63.91,-64.1,-63.91,-63.97,-64.13,-64.07,-64.1,-64.25,-64.19,-64.19,-64.13,-64.1,-64.35,-64.25,-64.28,-64.32,-64.28,-64.28,-64.25,-64.28,-64.32,-64.28,-64.35,-64.35,-64.41,-64.19,-64.28,-64.32,-64.38,-64.41,-64.28,-64.38,-64.5,-64.41,-64.32,-64.28,-64.25,-64.35,-64.25,-64.41,-64.38,-64.38,-64.47,-64.41,-64.35,-64.41,-64.35,-64.35,-64.22,-64.32,-64.32,-64.35,-64.32,-64.25,-64.32,-64.28,-64.35,-64.38,-64.13,-64.22,-64.19,-64.19,-64.25,-64.22,-64.22,-64.22,-64.32,-64.25,-64.35,-64.38,-64.22,-64.28,-64.41,-64.22,-64.16,-64.25,-64.16,-64.16,-64.22,-64.19,-64.07,-64.16,-64.16,-64.13,-64.07,-64.19,-64.16,-64.19,-64.07,-64.07,-64.07,-64.07,-64.07,-64.04,-64.07,-63.91,-63.97,-63.94,-64.16,-63.94,-63.97,-64.04,-63.94,-64.04,-64.0,-64.0,-64.04,-64.07,-64.13,-64.04,-64.0,-63.91,-64.07,-64.04,-63.97,-63.97,-63.88,-63.94,-63.88,-64.0,-63.91,-63.88,-63.85,-63.88,-63.91,-63.88,-63.88,-63.76,-63.76,-63.72,-63.82,-63.69,-63.72,-63.69,-63.51,-63.72,-63.6,-63.66,-63.51,-63.41,-63.51,-63.41,-63.48,-63.41,-63.51,-63.6,-63.38,-63.38,-63.35,-63.32,-63.38,-63.38,-63.29,-63.41,-63.29,-63.35,-63.38,-63.35,-63.38,-63.41,-63.32,-63.26,-63.26,-63.26,-63.23,-63.29,-63.29,-63.2,-63.23,-63.29,-63.17,-63.29,-63.13,-63.13,-63.1,-63.1,-63.04,-62.92,-63.17,-63.13,-63.13,-63.13,-63.07,-62.95,-62.82,-62.95,-63.01,-62.92,-62.95,-62.82,-62.98,-62.95,-62.82,-62.92,-63.07,-62.89,-62.82,-62.98,-62.82,-62.89,-62.79,-62.79,-62.7,-62.73,-62.7,-62.61,-62.57,-62.64,-62.64,-62.64,-62.54,-62.57,-62.54,-62.54,-62.61,-62.61,-62.57,-62.39,-62.48,-62.39,-62.48,-62.61,-62.51,-62.51,-62.61,-62.48,-62.51,-62.33,-62.42,-62.39,-62.23,-62.33,-62.2,-62.26,-62.14,-62.23,-62.08,-62.17,-61.92,-62.01,-62.01,-61.92,-61.77,-61.86,-61.83,-61.89,-61.67,-61.64,-61.67,-61.64,-61.67,-61.77,-61.67,-61.77,-61.61,-61.42,-61.3,-61.52,-61.52,-61.52,-61.58,-61.58,-61.52,-61.55,-61.55,-61.3,-61.3,-61.42,-61.24,-61.24,-61.24,-61.33,-61.3,-61.39,-61.24,-61.33,-61.33,-61.24,-61.3,-61.3,-61.18,-61.27,-61.21,-61.14,-61.14,-61.18,-61.02,-61.02,-60.96,-60.83,-60.86,-60.86,-60.86,-60.74,-60.77,-60.8,-60.68,-60.68,-60.68,-60.68,-60.62,-60.55,-60.74,-60.55,-60.52,-60.65,-60.58,-60.77,-60.62,-60.62,-60.55,-60.65,-60.43,-60.49,-60.31,-60.49,-60.58,-60.55,-60.4,-60.37,-60.37,-60.4,-60.43,-60.27,-60.49,-60.52,-60.4,-60.4,-60.37,-60.21,-60.24,-60.31,-60.34,-60.43,-60.12,-60.21,-60.21,-59.99,-60.18,-60.03,-59.99,-60.03,-59.99,-60.03,-59.9,-59.84,-59.78,-59.9,-60.06,-59.81,-59.87,-59.9,-59.87,-59.9,-59.93,-59.96,-59.81,-59.68,-59.75,-59.78,-59.75,-59.75,-59.71,-59.68,-59.78,-59.65,-59.59,-59.68,-59.56,-59.62,-59.65,-59.53,-59.59,-59.59,-59.59,-59.56,-59.56,-59.53,-59.47,-59.5,-59.43,-59.5,-59.37,-59.5,-59.56,-59.37,-59.43,-59.5,-59.31,-59.34,-59.37,-59.47,-59.4,-59.37,-59.25,-59.31,-59.16,-59.25,-59.19,-59.03,-59.09,-59.22,-59.09,-59.16,-59.03,-58.97,-59.06,-59.09,-58.91,-58.97,-59.06,-59.06,-59.09,-59.0,-58.88,-59.06,-58.88,-58.84,-59.0,-58.78,-58.72,-58.66,-58.81,-58.66,-58.63,-58.63,-58.66,-58.69,-58.53,-58.44,-58.44,-58.66,-58.66,-58.5,-58.6,-58.63,-58.56,-58.53,-58.6,-58.41,-58.44,-58.56,-58.41,-58.28,-58.25,-58.25,-58.22,-58.16,-58.28,-58.22,-58.28,-58.22,-58.19,-58.13,-58.13,-58.28,-58.35,-58.07,-58.19,-58.22,-58.07,-57.97,-57.97,-58.0,-58.04,-57.91,-57.91,-57.69,-57.69,-57.73,-57.73,-57.82,-57.79,-57.63,-57.6,-57.66,-57.73,-57.73,-57.6,-57.54,-57.48,-57.57,-57.41,-57.45,-57.26,-57.35,-57.26,-57.41,-57.32,-57.17,-57.26,-57.2,-57.2,-57.26,-57.2,-57.29,-57.13,-57.04,-57.13,-56.85,-57.23,-57.13,-57.13,-57.1,-57.1,-57.07,-57.13,-56.92,-56.89,-56.82,-56.82,-56.73,-56.79,-56.73,-56.79,-56.7,-56.54,-56.57,-56.67,-56.57,-56.57,-56.51,-56.45,-56.64,-56.42,-56.33,-56.45,-56.33,-56.42,-56.3,-56.42,-56.36,-56.36,-56.39,-56.23,-56.2,-55.95,-55.98,-55.77,-55.77,-55.7,-55.74,-55.64,-55.42,-55.52,-55.49,-55.42,-55.42,-55.3,-55.33,-55.3,-55.24,-55.08,-54.93,-55.05,-54.93,-55.02,-55.05,-54.93,-54.87,-54.65,-54.62,-54.4,-54.31,-54.18,-54.21,-54.21,-53.96,-53.84,-53.93,-54.03,-54.03,-53.72,-53.65,-53.4,-53.22,-52.91,-53.09,-52.84,-52.63,-52.6,-52.44,-52.25,-52.25,-52.13,-51.85,-51.94,-51.69,-51.48,-51.26,-51.23,-50.89,-50.64,-50.36,-49.77,-48.46,-9.82,32.92,0.03,-32.11,-52.04,-59.16,-61.83,-62.51,-62.89,-62.89,-62.82,-62.57,-62.36,-62.61,-62.51,-62.57,-62.57,-62.67,-62.39,-62.73,-62.64,-62.76,-62.67,-62.73,-62.64,-62.7,-62.76,-62.76,-62.89,-62.79,-62.79,-62.82,-62.95,-63.01,-62.98,-62.92,-63.01,-63.01,-63.2,-63.2,-63.29,-63.38,-63.41,-63.26,-63.35,-63.38,-63.48,-63.38,-63.41,-63.51,-63.51,-63.51,-63.41,-63.66,-63.69,-63.69,-63.66,-63.85,-63.82,-63.88,-63.82,-63.85,-63.97,-64.0,-64.28,-64.1,-64.04,-64.16,-64.1,-64.22,-64.32,-64.32,-64.35,-64.28,-64.32,-64.35,-64.41,-64.38,-64.41,-64.47,-64.56,-64.53,-64.53,-64.5,-64.5,-64.63,-64.75,-64.81,-64.63,-64.66,-64.59,-64.56,-64.75,-64.75,-64.81,-64.81,-64.78,-64.69,-64.78,-64.75,-64.94,-64.75,-64.75,-64.81,-65.0,-65.0,-65.03,-64.97,-64.87,-64.97,-65.0,-65.0,-65.09,-64.94,-64.87,-65.0,-65.09,-64.91,-64.91,-64.94,-64.91,-64.84,-64.97,-64.87,-64.91,-64.97,-65.09,-64.91,-64.94,-64.84,-64.97,-64.78,-64.91,-64.91,-64.84,-64.84,-64.84,-64.97,-64.87,-64.75,-64.91,-64.78,-64.87,-64.84,-64.87,-64.81,-64.87,-64.78,-64.78,-64.81,-64.78,-64.75,-64.81,-64.75,-64.69,-64.66,-64.91,-64.81,-64.81,-64.84,-64.72,-64.72,-64.69,-64.75,-64.69,-64.75,-64.72,-64.72,-64.72,-64.84,-64.69,-64.84,-64.81,-64.69,-64.56,-64.72,-64.72,-64.69,-64.75,-64.75,-64.72,-64.63,-64.56,-64.66,-64.78,-64.63,-64.56,-64.66,-64.66,-64.69,-64.66,-64.75,-64.59,-64.66,-64.59,-64.69,-64.63,-64.63,-64.59,-64.59,-64.47,-64.59,-64.56,-64.41,-64.53,-64.5,-64.5,-64.5,-64.5,-64.53,-64.41,-64.59,-64.56,-64.5,-64.56,-64.47,-64.44,-64.53,-64.53,-64.41,-64.53,-64.56,-64.38,-64.41,-64.53,-64.35,-64.35,-64.41,-64.28,-64.38,-64.19,-64.25,-64.1,-64.1,-64.07,-64.07,-64.0,-64.04,-64.04,-64.13,-64.0,-64.16,-64.13,-64.04,-64.07,-64.07,-64.13,-64.0,-63.97,-63.97,-63.97,-64.0,-63.97,-64.07,-63.91,-63.97,-63.94,-63.91,-63.76,-63.76,-63.79,-63.79,-63.79,-63.69,-63.69,-63.72,-63.82,-63.66,-63.69,-63.76,-63.69,-63.57,-63.51,-63.54,-63.48,-63.44,-63.48,-63.54,-63.48,-63.41,-63.38,-63.44,-63.32,-63.32,-63.2,-63.23,-63.29,-63.38,-63.26,-63.23,-63.2,-63.23,-63.23,-63.13,-63.1,-63.04,-63.01,-63.29,-63.04,-62.98,-63.07,-63.04,-63.2,-63.07,-63.07,-63.13,-63.04,-63.04,-63.13,-63.04,-62.98,-62.82,-62.89,-62.79,-62.76,-62.92,-62.98,-62.82,-62.85,-62.67,-62.76,-62.7,-62.67,-62.67,-62.57,-62.54,-62.57,-62.57,-62.57,-62.51,-62.57,-62.57,-62.54,-62.61,-62.7,-62.39,-62.54,-62.64,-62.54,-62.54,-62.51,-62.42,-62.51,-62.36,-62.36,-62.48,-62.42,-62.39,-62.36,-62.45,-62.39,-62.23,-62.17,-62.14,-62.36,-62.08,-62.2,-62.14,-62.14,-62.01,-62.11,-62.05,-62.14,-62.01,-61.92,-62.01,-61.89,-61.89,-61.86,-61.92,-61.95,-61.92,-61.95,-61.8,-61.74,-61.77,-61.89,-61.7,-61.77,-61.86,-61.7,-61.8,-61.61,-61.77,-61.86,-61.74,-61.64,-61.74,-61.58,-61.67,-61.7,-61.64,-61.61,-61.77,-61.7,-61.8,-61.77,-61.7,-61.61,-61.64,-61.7,-61.61,-61.67,-61.52,-61.67,-61.33,-61.58,-61.52,-61.58,-61.58,-61.67,-61.52,-61.49,-61.24,-61.39,-61.46,-61.42,-61.39,-61.27,-61.36,-61.36,-61.52,-61.39,-61.3,-61.27,-61.3,-61.18,-61.21,-61.14,-61.18,-61.05,-61.02,-61.14,-61.18,-61.11,-61.11,-61.18,-61.05,-60.99,-61.05,-60.83,-60.8,-60.9,-60.86,-60.8,-60.77,-60.77,-60.74,-60.71,-60.71,-60.77,-60.52,-60.65,-60.74,-60.58,-60.62,-60.62,-60.52,-60.58,-60.62,-60.52,-60.62,-60.62,-60.62,-60.68,-60.55,-60.71,-60.71,-60.68,-60.65,-60.74,-60.65,-60.58,-60.58,-60.52,-60.58,-60.55,-60.62,-60.58,-60.55,-60.65,-60.49,-60.58,-60.58,-60.65,-60.71,-60.65,-60.55,-60.58,-60.58,-60.58,-60.55,-60.52,-60.58,-60.52,-60.52,-60.58,-60.37,-60.43,-60.49,-60.49,-60.58,-60.43,-60.49,-60.31,-60.31,-60.31,-60.34,-60.34,-60.43,-60.37,-60.34,-60.43,-60.4,-60.37,-60.18,-60.31,-60.27,-60.4,-60.4,-60.31,-60.31,-60.24,-60.18,-60.21,-60.21,-60.24,-60.21,-60.21,-60.06,-60.15,-60.15,-60.06,-60.03,-59.9,-60.06,-59.9,-59.96,-59.99,-59.99,-60.06,-59.93,-59.9,-59.75,-59.99,-59.93,-59.81,-59.65,-59.78,-59.78,-59.68,-59.68,-59.68,-59.62,-59.68,-59.75,-59.71,-59.62,-59.65,-59.75,-59.75,-59.71,-59.78,-59.65,-59.81,-59.71,-59.68,-59.71,-59.53,-59.71,-59.65,-59.53,-59.65,-59.59,-59.71,-59.56,-59.56,-59.5,-59.59,-59.59,-59.53,-59.37,-59.31,-59.37,-59.4,-59.53,-59.4,-59.37,-59.4,-59.37,-59.34,-59.4,-59.43,-59.4,-59.37,-59.4,-59.5,-59.37,-59.25,-59.34,-59.5,-59.37,-59.28,-59.37,-59.31,-59.31,-59.22,-59.16,-59.19,-59.19,-59.19,-59.16,-59.06,-59.19,-59.19,-59.25,-59.19,-59.16,-59.12,-59.19,-59.09,-59.12,-59.09,-59.03,-59.22,-58.94,-59.19,-59.03,-59.03,-59.12,-58.94,-58.94,-59.03,-59.03,-59.06,-59.09,-59.06,-59.09,-59.09,-58.97,-59.16,-59.09,-59.09,-58.84,-58.94,-58.94,-58.91,-58.88,-58.94,-59.0,-58.94,-58.91,-58.91,-58.84,-58.88,-58.94,-58.91,-58.91,-58.94,-58.88,-58.91,-58.78,-58.91,-58.81,-58.81,-58.75,-58.81,-58.72,-58.75,-58.75,-58.69,-58.66,-58.66,-58.81,-58.75,-58.66,-58.66,-58.63,-58.69,-58.56,-58.63,-58.6,-58.44,-58.56,-58.63,-58.63,-58.63,-58.5,-58.44,-58.5,-58.44,-58.44,-58.41,-58.5,-58.38,-58.44,-58.5,-58.5,-58.44,-58.35,-58.41,-58.38,-58.5,-58.44,-58.56,-58.66,-58.53,-58.5,-58.44,-58.63,-58.63,-58.69,-58.69,-58.72,-58.69,-58.75,-58.69,-58.66,-58.75,-58.72,-58.66,-58.72,-58.72,-58.81,-58.69,-58.53,-58.66,-58.6,-58.63,-58.69,-58.78,-58.72,-58.66,-58.63,-58.63,-58.72,-58.6,-58.84,-58.72,-58.78,-58.69,-58.66,-58.84,-58.75,-58.69,-58.6,-58.63,-58.6,-58.66,-58.6,-58.63,-58.56,-58.69,-58.63,-58.41,-58.56,-58.72,-58.66,-58.47,-58.63,-58.5,-58.47,-58.56,-58.53,-58.53,-58.53,-58.44,-58.6,-58.53,-58.66,-58.53,-58.69,-58.63,-58.69,-58.56,-58.63,-58.56,-58.53,-58.44,-58.41,-58.38,-58.44,-58.44,-58.41,-58.25,-58.53,-58.22,-58.32,-58.16,-58.19,-58.19,-58.13,-58.13,-58.07,-58.19,-58.1,-58.19,-58.16,-58.1,-58.0,-58.04,-58.1,-58.13,-58.04,-58.13,-58.16,-58.04,-58.16,-58.19,-58.35,-58.32,-58.13,-58.32,-58.13,-58.25,-58.22,-58.16,-58.32,-58.25,-58.1,-58.22,-58.04,-58.07,-57.94,-58.16,-58.04,-58.0,-58.0,-57.94,-57.97,-58.04,-57.94,-57.97,-57.88,-57.88,-57.97,-57.76,-57.69,-57.76,-57.73,-57.79,-57.73,-57.76,-57.66,-57.63,-57.51,-57.45,-57.57,-57.6,-57.6,-57.41,-57.41,-57.41,-57.41,-57.51,-57.32,-57.38,-57.38,-57.35,-57.35,-57.35,-57.32,-57.29,-57.38,-57.23,-57.26,-57.26,-57.35,-57.2,-57.17,-57.13,-57.13,-57.1,-57.26,-57.2,-57.2,-57.17,-57.17,-57.13,-57.32,-57.26,-57.13,-57.13,-57.07,-57.04,-57.17,-56.98,-56.95,-57.07,-57.01,-56.95,-57.04,-57.04,-57.07,-57.1,-57.01,-56.95,-57.07,-57.01,-56.98,-56.95,-57.04,-57.13,-57.17,-57.13,-57.13,-57.13,-57.04,-57.1,-57.1,-57.01,-56.92,-57.01,-56.85,-57.04,-57.04,-57.1,-57.01,-57.07,-57.1,-57.1,-57.01,-57.07,-57.07,-57.23,-57.1,-57.07,-57.01,-57.1,-57.01,-57.2,-57.1,-57.13,-57.07,-57.07,-57.07,-57.17,-57.17,-57.29,-57.13,-57.1,-57.07,-57.1,-57.13,-56.92,-56.95,-57.13,-57.07,-57.07,-57.13,-57.04,-57.1,-57.01,-56.95,-57.07,-56.92,-56.95,-56.92,-56.85,-56.95,-56.85,-56.82,-57.01,-56.98,-56.89,-57.01,-57.17,-57.04,-56.98,-56.92,-57.04,-56.95,-57.01,-56.85,-56.98,-56.82,-56.76,-56.76,-56.79,-56.67,-56.76,-56.79,-56.82,-56.67,-56.76,-56.92,-56.82,-56.85,-56.67,-56.92,-56.82,-56.92,-56.92,-56.79,-56.73,-56.92,-56.95,-57.07,-56.95,-56.92,-56.95,-56.79,-56.76,-56.82,-56.89,-56.89,-57.01,-56.85,-56.89,-56.89,-56.73,-56.64,-56.79,-56.61,-56.67,-56.67,-56.64,-56.7,-56.73,-56.82,-56.64,-56.7,-56.64,-56.64,-56.64,-56.54,-56.57,-56.54,-56.51,-56.3,-56.33,-56.36,-56.39,-56.2,-56.23,-56.17,-56.3,-56.23,-56.02,-55.95,-56.05,-56.11,-55.98,-55.95,-55.95,-55.77,-55.7,-55.67,-55.52,-55.58,-55.55,-55.36,-55.61,-55.3,-55.24,-55.33,-55.15,-55.3,-55.3,-55.21,-55.27,-55.27,-55.27,-55.05,-55.15,-55.05,-55.15,-55.08,-55.21,-55.08,-55.05,-55.05,-55.02,-54.8,-54.93,-54.68,-54.77,-54.68,-54.8,-54.68,-54.74,-54.62,-54.68,-54.55,-54.37,-54.34,-54.27,-54.4,-54.31,-54.34,-54.37,-54.59,-54.52,-54.4,-54.24,-54.15,-53.93,-54.06,-53.78,-53.78,-53.75,-53.72,-53.44,-53.4,-53.12,-53.25,-53.4,-53.31,-53.28,-53.31,-53.31,-53.09,-52.94,-52.91,-52.69,-52.32,-52.35,-52.16,-52.1,-52.01,-51.54,-51.66,-51.45,-51.1,-50.58,-50.2,-49.64,-49.18,-43.58,21.36,24.65,-12.19,-41.69,-55.46,-60.49,-62.42,-62.98,-63.23,-63.17,-63.17,-62.85,-62.82,-62.76,-62.7,-62.7,-62.67,-62.79,-62.7,-62.73,-62.76,-62.67,-62.76,-62.95,-62.95,-62.92,-63.1,-63.04,-63.13,-63.01,-62.98,-63.04,-63.13,-63.23,-63.35,-63.13,-63.48,-63.41,-63.51,-63.66,-63.54,-63.63,-63.6,-63.72,-63.63,-63.69,-63.66,-63.63,-63.79,-63.82,-63.88,-63.91,-64.04,-63.94,-64.07,-64.19,-64.19,-64.16,-64.19,-64.19,-64.28,-64.28,-64.25,-64.38,-64.28,-64.35,-64.47,-64.44,-64.59,-64.59,-64.63,-64.69,-64.72,-64.78,-64.81,-64.75,-64.72,-64.81,-64.81,-64.94,-64.91,-64.87,-65.09,-65.06,-64.97,-64.81,-65.0,-64.97,-65.12,-65.15,-65.22,-65.22,-65.19,-65.25,-65.34,-65.28,-65.37,-65.43,-65.37,-65.4,-65.31,-65.37,-65.37,-65.43,-65.34,-65.4,-65.34,-65.34,-65.59,-65.31,-65.4,-65.4,-65.37,-65.37,-65.47,-65.37,-65.31,-65.4,-65.4,-65.34,-65.37,-65.37,-65.34,-65.31,-65.5,-65.31,-65.34,-65.34,-65.28,-65.25,-65.31,-65.28,-65.31,-65.37,-65.31,-65.4,-65.28,-65.4,-65.5,-65.43,-65.31,-65.47,-65.47,-65.37,-65.47,-65.4,-65.28,-65.4,-65.34,-65.4,-65.34,-65.47,-65.5,-65.53,-65.37,-65.4,-65.53,-65.47,-65.47,-65.37,-65.47,-65.37,-65.47,-65.56,-65.47,-65.5,-65.56,-65.37,-65.53,-65.53,-65.4,-65.37,-65.53,-65.56,-65.31,-65.34,-65.4,-65.34,-65.37,-65.28,-65.28,-65.34,-65.34,-65.37,-65.4,-65.34,-65.34,-65.22,-65.31,-65.15,-65.31,-65.19,-65.31,-65.22,-65.19,-65.22,-65.19,-65.25,-65.15,-65.03,-65.0,-65.09,-64.97,-65.03,-64.91,-64.91,-64.87,-65.0,-64.94,-65.09,-64.97,-64.87,-64.81,-64.81,-64.84,-64.78,-64.66,-64.75,-64.63,-64.63,-64.66,-64.59,-64.53,-64.56,-64.53,-64.56,-64.5,-64.56,-64.59,-64.66,-64.35,-64.53,-64.5,-64.32,-64.53,-64.41,-64.44,-64.38,-64.35,-64.5,-64.35,-64.32,-64.28,-64.28,-64.22,-64.35,-64.22,-64.22,-64.32,-64.22,-64.22,-64.22,-64.19,-64.28,-64.25,-64.16,-64.16,-64.07,-64.07,-64.04,-64.07,-64.07,-64.13,-64.1,-64.07,-63.97,-64.0,-63.88,-63.91,-63.94,-63.91,-64.04,-63.94,-64.0,-63.94,-63.85,-63.85,-63.88,-63.82,-63.85,-63.82,-63.79,-63.79,-63.76,-63.82,-63.88,-63.88,-63.79,-63.72,-63.63,-63.79,-63.82,-63.6,-63.72,-63.69,-63.63,-63.66,-63.6,-63.66,-63.57,-63.41,-63.48,-63.41,-63.57,-63.51,-63.48,-63.38,-63.35,-63.51,-63.48,-63.41,-63.38,-63.35,-63.26,-63.26,-63.29,-63.29,-63.17,-63.23,-63.2,-63.29,-63.2,-63.17,-63.07,-63.23,-63.1,-63.1,-63.1,-62.98,-63.07,-63.2,-63.17,-63.1,-63.07,-63.13,-62.98,-62.89,-63.01,-62.85,-62.89,-62.89,-63.07,-62.98,-62.82,-62.76,-62.82,-62.79,-62.79,-62.73,-62.67,-62.73,-62.61,-62.54,-62.54,-62.48,-62.51,-62.51,-62.48,-62.57,-62.39,-62.36,-62.42,-62.39,-62.29,-62.17,-62.2,-62.45,-62.23,-62.2,-62.23,-62.36,-62.33,-62.29,-62.2,-62.23,-62.26,-62.23,-62.17,-62.2,-62.23,-62.33,-62.14,-62.2,-62.29,-62.14,-62.17,-62.14,-62.08,-62.14,-62.01,-62.17,-62.17,-62.05,-62.14,-62.05,-61.98,-61.98,-61.83,-61.89,-61.89,-61.86,-61.86,-61.8,-61.92,-61.8,-61.89,-61.77,-61.77,-61.77,-61.8,-61.58,-61.7,-61.61,-61.67,-61.67,-61.64,-61.58,-61.61,-61.64,-61.52,-61.67,-61.42,-61.52,-61.42,-61.36,-61.27,-61.46,-61.3,-61.42,-61.24,-61.3,-61.3,-61.39,-61.3,-61.18,-61.24,-61.14,-61.08,-61.11,-61.14,-61.11,-61.02,-61.14,-61.08,-60.86,-60.86,-60.96,-60.96,-60.9,-60.96,-60.83,-60.8,-60.93,-61.05,-60.96,-60.93,-60.93,-61.08,-60.99,-61.05,-60.93,-60.99,-60.99,-60.96,-60.86,-60.83,-60.9,-60.83,-60.83,-60.83,-60.71,-60.83,-60.77,-60.68,-60.86,-60.93,-60.86,-61.05,-60.9,-60.86,-60.86,-60.77,-60.71,-60.74,-60.77,-60.74,-60.9,-60.77,-60.77,-60.77,-60.86,-60.83,-60.86,-60.9,-60.68,-60.83,-60.74,-60.77,-60.65,-60.65,-60.77,-60.68,-60.62,-60.65,-60.68,-60.74,-60.65,-60.62,-60.68,-60.65,-60.58,-60.52,-60.55,-60.49,-60.46,-60.58,-60.58,-60.62,-60.52,-60.58,-60.49,-60.55,-60.55,-60.55,-60.46,-60.49,-60.65,-60.52,-60.46,-60.55,-60.55,-60.55,-60.4,-60.27,-60.37,-60.37,-60.4,-60.43,-60.31,-60.15,-60.18,-60.21,-60.24,-60.37,-60.27,-60.27,-60.15,-60.18,-60.27,-60.24,-60.09,-60.27,-60.31,-60.12,-59.99,-60.21,-60.34,-60.09,-60.34,-60.27,-60.12,-59.99,-60.03,-59.96,-59.99,-59.84,-60.12,-59.99,-59.99,-60.15,-60.09,-59.99,-60.09,-60.06,-60.12,-59.84,-59.93,-59.99,-59.9,-59.99,-59.9,-59.9,-59.99,-59.96,-59.9,-59.9,-60.09,-59.9,-59.93,-59.87,-59.87,-59.81,-60.03,-59.87,-59.84,-59.84,-59.78,-59.78,-59.78,-59.65,-59.65,-59.68,-59.71,-59.75,-59.59,-59.75,-59.59,-59.65,-59.59,-59.62,-59.68,-59.68,-59.59,-59.71,-59.71,-59.5,-59.56,-59.59,-59.56,-59.5,-59.62,-59.59,-59.56,-59.65,-59.56,-59.53,-59.68,-59.56,-59.56,-59.53,-59.53,-59.68,-59.65,-59.65,-59.56,-59.62,-59.68,-59.68,-59.71,-59.75,-59.68,-59.53,-59.53,-59.62,-59.71,-59.59,-59.71,-59.53,-59.43,-59.5,-59.56,-59.5,-59.56,-59.56,-59.5,-59.59,-59.56,-59.56,-59.59,-59.56,-59.68,-59.5,-59.62,-59.53,-59.53,-59.59,-59.68,-59.68,-59.68,-59.68,-59.71,-59.81,-59.68,-59.71,-59.71,-59.71,-59.75,-59.68,-59.81,-59.81,-59.75,-59.78,-59.71,-59.71,-59.78,-59.75,-59.78,-59.87,-59.84,-59.81,-59.81,-59.78,-59.78,-59.99,-59.81,-59.84,-59.71,-59.81,-59.87,-59.81,-59.93,-59.78,-59.81,-59.75,-59.75,-59.75,-59.71,-59.71,-59.84,-59.75,-59.87,-59.68,-59.75,-59.84,-59.75,-59.78,-59.81,-59.71,-59.75,-59.65,-59.62,-59.62,-59.68,-59.59,-59.71,-59.68,-59.68,-59.59,-59.68,-59.68,-59.81,-59.81,-59.68,-59.75,-59.62,-59.59,-59.75,-59.78,-59.62,-59.71,-59.78,-59.84,-59.71,-59.71,-59.65,-59.78,-59.84,-59.93,-59.84,-59.9,-59.75,-59.71,-59.9,-59.87,-59.81,-59.93,-59.96,-59.71,-59.9,-59.93,-59.9,-59.96,-59.96,-59.68,-59.78,-59.62,-59.81,-59.84,-59.65,-59.59,-59.68,-59.53,-59.65,-59.71,-59.56,-59.53,-59.71,-59.68,-59.71,-59.68,-59.75,-59.78,-59.68,-59.56,-59.87,-59.75,-59.71,-59.71,-59.68,-59.59,-59.56,-59.56,-59.65,-59.62,-59.62,-59.65,-59.68,-59.75,-59.71,-59.62,-59.53,-59.59,-59.68,-59.59,-59.53,-59.68,-59.59,-59.62,-59.53,-59.62,-59.62,-59.56,-59.5,-59.56,-59.56,-59.59,-59.65,-59.62,-59.68,-59.68,-59.68,-59.43,-59.4,-59.5,-59.47,-59.43,-59.4,-59.4,-59.43,-59.56,-59.47,-59.56,-59.62,-59.56,-59.62,-59.56,-59.65,-59.59,-59.56,-59.62,-59.56,-59.59,-59.62,-59.43,-59.62,-59.59,-59.59,-59.43,-59.68,-59.5,-59.4,-59.56,-59.4,-59.43,-59.59,-59.56,-59.5,-59.56,-59.59,-59.43,-59.59,-59.4,-59.59,-59.56,-59.59,-59.62,-59.59,-59.56,-59.59,-59.65,-59.71,-59.68,-59.71,-59.68,-59.59,-59.65,-59.68,-59.75,-59.71,-59.68,-59.68,-59.68,-59.71,-59.87,-59.62,-59.62,-59.65,-59.62,-59.65,-59.62,-59.75,-59.71,-59.71,-59.75,-59.9,-59.75,-59.78,-59.81,-59.75,-59.65,-59.71,-59.75,-59.65,-59.71,-59.53,-59.62,-59.65,-59.62,-59.59,-59.62,-59.43,-59.56,-59.62,-59.4,-59.5,-59.53,-59.34,-59.34,-59.37,-59.37,-59.34,-59.5,-59.43,-59.37,-59.31,-59.4,-59.28,-59.4,-59.37,-59.19,-59.25,-59.31,-59.37,-59.43,-59.34,-59.25,-59.34,-59.34,-59.31,-59.31,-59.4,-59.22,-59.5,-59.4,-59.43,-59.37,-59.19,-59.31,-59.28,-59.12,-59.28,-59.12,-59.25,-59.34,-59.22,-59.16,-59.09,-59.37,-59.31,-59.19,-59.31,-59.03,-59.34,-59.22,-59.34,-59.4,-59.34,-59.28,-59.22,-59.28,-59.25,-59.25,-59.25,-59.37,-59.28,-59.34,-59.43,-59.37,-59.37,-59.4,-59.5,-59.4,-59.34,-59.31,-59.37,-59.34,-59.47,-59.5,-59.43,-59.53,-59.56,-59.47,-59.37,-59.5,-59.53,-59.56,-59.65,-59.59,-59.53,-59.56,-59.59,-59.56,-59.56,-59.53,-59.59,-59.56,-59.59,-59.4,-59.5,-59.56,-59.4,-59.4,-59.37,-59.31,-59.4,-59.34,-59.43,-59.19,-59.31,-59.31,-59.34,-59.34,-59.31,-59.31,-59.25,-59.31,-59.37,-59.37,-59.25,-59.31,-59.12,-59.28,-59.22,-59.19,-59.19,-59.09,-59.12,-59.06,-59.06,-59.09,-58.94,-59.12,-58.97,-59.09,-59.0,-59.0,-58.94,-58.78,-58.91,-58.81,-58.81,-58.78,-58.94,-58.75,-58.78,-58.91,-58.69,-58.88,-58.84,-58.84,-58.75,-58.78,-58.78,-58.78,-58.75,-58.66,-58.66,-58.69,-58.72,-58.6,-58.72,-58.66,-58.78,-58.75,-58.72,-58.63,-58.69,-58.84,-58.72,-58.6,-58.6,-58.69,-58.72,-58.63,-58.72,-58.53,-58.6,-58.56,-58.6,-58.53,-58.5,-58.5,-58.63,-58.6,-58.69,-58.66,-58.72,-58.75,-58.88,-58.66,-58.72,-58.69,-58.66,-58.63,-58.63,-58.56,-58.75,-58.72,-58.63,-58.78,-58.66,-58.56,-58.53,-58.56,-58.6,-58.56,-58.56,-58.53,-58.41,-58.6,-58.44,-58.5,-58.41,-58.53,-58.6,-58.56,-58.66,-58.41,-58.28,-58.41,-58.5,-58.44,-58.6,-58.5,-58.5,-58.6,-58.78,-58.69,-58.78,-58.84,-58.81,-58.75,-58.81,-58.91,-58.78,-58.97,-59.06,-59.03,-59.09,-58.88,-58.94,-59.0,-59.09,-59.06,-58.97,-58.97,-59.12,-59.16,-59.06,-59.16,-59.06,-59.0,-59.06,-59.06,-59.0,-59.09,-58.94,-59.16,-59.03,-59.03,-59.03,-59.06,-58.94,-59.06,-58.97,-59.09,-59.12,-59.22,-59.09,-59.09,-59.31,-59.06,-59.16,-59.06,-59.12,-59.19,-59.19,-59.16,-59.31,-59.25,-59.34,-59.22,-59.25,-59.28,-59.37,-59.37,-59.16,-59.37,-59.28,-59.25,-59.19,-59.25,-59.31,-59.28,-59.31,-59.31,-59.28,-59.31,-59.16,-59.28,-59.34,-59.25,-59.31,-59.25,-59.12,-59.12,-59.28,-59.16,-59.16,-59.22,-59.16,-59.16,-59.12,-59.22,-59.28,-59.09,-59.12,-59.09,-59.06,-59.16,-59.03,-59.09,-59.12,-59.06,-59.03,-59.0,-59.12,-59.12,-59.0,-59.12,-59.12,-59.06,-59.06,-59.12,-59.12,-59.19,-59.12,-59.03,-59.16,-59.03,-59.16,-59.16,-59.22,-59.09,-59.19,-59.25,-59.09,-59.09,-59.12,-59.06,-59.12,-59.28,-59.0,-59.19,-59.16,-59.19,-59.16,-59.28,-59.19,-59.12,-59.25,-59.16,-59.19,-59.19,-59.25,-59.25,-59.34,-59.4,-59.34,-59.4,-59.53,-59.53,-59.43,-59.43,-59.56,-59.47,-59.43,-59.4,-59.53,-59.47,-59.65,-59.53,-59.47,-59.62,-59.59,-59.65,-59.43,-59.56,-59.59,-59.47,-59.53,-59.43,-59.5,-59.53,-59.37,-59.43,-59.43,-59.47,-59.43,-59.31,-59.37,-59.34,-59.31,-59.34,-59.43,-59.28,-59.4,-59.4,-59.37,-59.37,-59.43,-59.43,-59.53,-59.37,-59.53,-59.56,-59.47,-59.59,-59.62,-59.53,-59.56,-59.47,-59.62,-59.56,-59.65,-59.65,-59.37,-59.59,-59.56,-59.53,-59.53,-59.59,-59.65,-59.68,-59.56,-59.65,-59.68,-59.62,-59.53,-59.65,-59.68,-59.62,-59.43,-59.56,-59.56,-59.68,-59.75,-59.65,-59.68,-59.65,-59.68,-59.84,-59.68,-59.65,-59.68,-59.56,-59.71,-59.62,-59.59,-59.68,-59.75,-59.71,-59.65,-59.59,-59.68,-59.68,-59.65,-59.68,-59.68,-59.84,-59.75,-59.62,-59.71,-59.78,-59.71,-59.81,-59.84,-59.78,-59.71,-59.84,-59.78,-59.96,-59.78,-59.84,-59.9,-59.96,-59.93,-59.9,-59.9,-59.87,-59.81,-59.87,-59.71,-59.78,-59.75,-59.84,-59.84,-59.84,-59.78,-59.84,-59.81,-59.78,-59.9,-59.9,-59.87,-59.78,-59.81,-59.9,-59.87,-59.81,-59.87,-59.75,-59.9,-59.84,-59.93,-59.87,-59.9,-59.81,-59.78,-59.84,-59.84,-59.81,-59.87,-59.93,-59.87,-59.9,-59.93,-59.96,-59.96,-59.9,-59.9,-59.71,-59.78,-59.9,-59.87,-59.9,-59.87,-59.9,-59.84,-59.78,-59.68,-59.84,-59.75,-59.78,-59.9,-59.87,-59.71,-59.62,-59.75,-59.59,-59.68,-59.68,-59.65,-59.59,-59.68,-59.65,-59.59,-59.65,-59.62,-59.59,-59.59,-59.56,-59.65,-59.65,-59.5,-59.68,-59.65,-59.53,-59.71,-59.75,-59.84,-59.71,-59.71,-59.71,-59.75,-59.84,-59.75,-59.71,-59.75,-59.75,-59.75,-59.78,-59.62,-59.71,-59.87,-59.71,-59.75,-59.68,-59.75,-59.62,-59.56,-59.59,-59.65,-59.59,-59.65,-59.56,-59.5,-59.47,-59.68,-59.81,-59.75,-59.62,-59.71,-59.75,-59.75,-59.53,-59.59,-59.62,-59.65,-59.59,-59.62,-59.71,-59.62,-59.53,-59.62,-59.75,-59.81,-59.71,-59.75,-59.71,-59.81,-59.75,-59.78,-59.65,-59.68,-59.68,-59.65,-59.65,-59.71,-59.78,-59.65,-59.59,-59.68,-59.65,-59.56,-59.75,-59.75,-59.65,-59.78,-59.68,-59.59,-59.75,-59.65,-59.65,-59.59,-59.56,-59.71,-59.78,-59.56,-59.81,-59.62,-59.68,-59.65,-59.71,-59.78,-59.59,-59.78,-59.62,-59.53,-59.65,-59.62,-59.68,-59.65,-59.68,-59.68,-59.65,-59.71,-59.62,-59.68,-59.68,-59.68,-59.68,-59.71,-59.56,-59.56,-59.62,-59.65,-59.53,-59.59,-59.68,-59.81,-59.62,-59.56,-59.71,-59.75,-59.65,-59.71,-59.71,-59.56,-59.62,-59.56,-59.53,-59.62,-59.43,-59.4,-59.56,-59.4,-59.47,-59.53,-59.43,-59.34,-59.28,-59.4,-59.31,-59.25,-59.37,-59.34,-59.25,-59.25,-59.19,-59.31,-59.25,-59.28,-59.37,-59.28,-59.31,-59.25,-59.28,-59.22,-59.22,-59.25,-59.37,-59.47,-59.43,-59.31,-59.37,-59.4,-59.31,-59.16,-59.31,-59.22,-59.31,-59.25,-59.25,-59.5,-59.47,-59.4,-59.37,-59.5,-59.5,-59.4,-59.53,-59.28,-59.4,-59.4,-59.4,-59.37,-59.53,-59.34,-59.28,-59.4,-59.4,-59.37,-59.37,-59.34,-59.4,-59.53,-59.43,-59.4,-59.43,-59.43,-59.56,-59.47,-59.5,-59.4,-59.37,-59.5,-59.34,-59.4,-59.56,-59.53,-59.5,-59.34,-59.37,-59.37,-59.5,-59.59,-59.68,-59.56,-59.59,-59.34,-59.37,-59.43,-59.4,-59.43,-59.65,-59.4,-59.62,-59.53,-59.59,-59.56,-59.5,-59.37,-59.25,-59.37,-59.43,-59.37,-59.31,-59.28,-59.43,-59.31,-59.34,-59.4,-59.31,-59.34,-59.31,-59.28,-59.34,-59.34,-59.37,-59.25,-59.25,-59.37,-59.43,-59.25,-59.22,-59.28,-59.31,-59.28,-59.4,-59.37,-59.28,-59.31,-59.4,-59.37,-59.34,-59.34,-59.28,-59.28,-59.37,-59.37,-59.25,-59.34,-59.4,-59.5,-59.4,-59.34,-59.37,-59.19,-59.34,-59.16,-59.19,-59.16,-59.06,-58.94,-59.06,-59.09,-59.12,-59.06,-59.16,-59.22,-59.25,-59.28,-59.22,-59.22,-59.19,-59.25,-59.34,-59.25,-59.37,-59.31,-59.25,-59.25,-59.28,-59.25,-59.25,-59.09,-59.19,-59.19,-59.06,-59.06,-59.09,-59.12,-59.03,-59.03,-59.0,-59.09,-59.28,-59.03,-59.06,-59.09,-59.06,-59.0,-58.91,-58.88,-59.06,-58.88,-58.91,-59.0,-58.94,-58.88,-58.91,-58.88,-58.91,-59.0,-58.84,-58.66,-58.91,-58.88,-59.0,-58.94,-58.88,-58.81,-58.88,-59.06,-58.94,-58.88,-59.0,-58.97,-58.94,-58.88,-58.81,-58.91,-58.94,-58.84,-58.88,-58.91,-59.03,-58.91,-59.03,-59.0,-59.09,-59.03,-59.0,-59.0,-58.78,-58.84,-59.03,-58.88,-58.88,-58.91,-58.88,-58.91,-58.75,-58.94,-58.91,-58.88,-58.81,-58.81,-58.88,-58.72,-58.66,-58.75,-58.75,-58.84,-58.66,-58.78,-58.72,-58.78,-58.78,-58.69,-58.69,-58.66,-58.66,-58.78,-58.6,-58.53,-58.66,-58.63,-58.5,-58.6,-58.63,-58.6,-58.56,-58.56,-58.53,-58.44,-58.6,-58.53,-58.69,-58.56,-58.53,-58.69,-58.66,-58.78,-58.53,-58.66,-58.53,-58.56,-58.6,-58.72,-58.63,-58.78,-58.72,-58.66,-58.75,-58.81,-58.69,-58.75,-58.69,-58.84,-58.69,-58.69,-58.84,-58.81,-58.81,-58.88,-58.78,-58.66,-58.72,-58.72,-58.63,-58.81,-58.69,-58.72,-58.78,-58.75,-58.88,-58.78,-58.94,-59.03,-58.88,-58.88,-58.88,-58.88,-58.84,-58.91,-58.84,-58.75,-58.72,-58.75,-58.69,-58.75,-58.6,-58.75,-58.75,-58.75,-58.66,-58.75,-58.72,-58.72,-58.75,-58.66,-58.66,-58.6,-58.6,-58.53,-58.56,-58.41,-58.5,-58.56,-58.35,-58.5,-58.44,-58.44,-58.41,-58.47,-58.35,-58.35,-58.38,-58.41,-58.44,-58.5,-58.44,-58.53,-58.44,-58.56,-58.41,-58.56,-58.32,-58.38,-58.38,-58.28,-58.19,-58.32,-58.13,-58.25,-58.32,-58.25,-58.44,-58.38,-58.28,-58.32,-58.22,-58.44,-58.19,-58.07,-58.04,-58.1,-58.07,-57.85,-58.1,-58.13,-57.97,-57.91,-57.88,-57.94,-57.88,-57.85,-57.85,-57.94,-57.94,-57.73,-57.76,-57.88,-57.76,-57.76,-57.73,-57.63,-57.6,-57.54,-57.51,-57.57,-57.66,-57.54,-57.57,-57.45,-57.48,-57.32,-57.45,-57.35,-57.35,-57.41,-57.29,-57.38,-57.38,-57.23,-57.23,-57.23,-57.26,-57.17,-57.23,-57.13,-57.23,-57.1,-57.07,-57.07,-56.82,-57.01,-57.01,-56.95,-56.95,-56.92,-57.07,-56.89,-56.92,-57.07,-56.95,-56.95,-56.95,-56.92,-56.82,-57.04,-56.95,-57.01,-56.92,-57.07,-56.98,-57.07,-57.04,-57.07,-57.01,-57.01,-57.04,-57.13,-56.98,-56.95,-57.1,-56.89,-56.92,-57.01,-57.01,-57.01,-57.04,-57.04,-57.04,-56.95,-56.79,-56.89,-57.01,-56.82,-56.92,-56.95,-56.98,-56.92,-56.95,-56.92,-56.82,-56.95,-56.98,-57.07,-57.01,-56.92,-56.76,-56.76,-56.79,-56.76,-56.7,-56.54,-56.64,-56.64,-56.61,-56.39,-56.39,-56.45,-56.45,-56.48,-56.48,-56.33,-56.54,-56.54,-56.54,-56.45,-56.45,-56.45,-56.17,-56.39,-56.39,-56.39,-56.33,-56.26,-56.11,-56.23,-56.3,-56.39,-56.42,-56.33,-56.36,-56.45,-56.33,-56.33,-56.36,-56.36,-56.26,-56.39,-56.39,-56.3,-56.39,-56.45,-56.42,-56.51,-56.3,-56.3,-56.08,-56.33,-56.26,-56.26,-56.33,-56.17,-56.2,-56.2,-56.17,-56.17,-56.26,-56.26,-56.42,-56.26,-56.36,-56.23,-56.33,-56.3,-56.2,-56.3,-56.23,-56.2,-56.17,-56.51,-56.23,-56.39,-56.36,-56.33,-56.17,-56.26,-56.23,-56.36,-56.26,-56.3,-56.36,-56.36,-56.17,-56.26,-56.14,-56.11,-55.92,-55.98,-55.95,-56.11,-56.17,-56.02,-55.98,-55.92,-56.02,-55.83,-56.11,-56.08,-55.95,-56.02,-56.08,-55.89,-55.83,-55.7,-55.83,-55.77,-55.67,-55.64,-55.74,-55.61,-55.58,-55.55,-55.67,-55.42,-55.49,-55.39,-55.52,-55.49,-55.55,-55.46,-55.58,-55.42,-55.46,-55.33,-55.36,-55.3,-55.18,-55.24,-55.36,-55.3,-55.08,-55.05,-55.15,-55.02,-54.96,-54.96,-54.9,-54.9,-54.8,-54.9,-54.8,-54.9,-54.65,-54.71,-54.71,-54.55,-54.62,-54.55,-54.52,-54.43,-54.46,-54.37,-54.37,-54.49,-54.21,-54.27,-54.21,-54.21,-53.87,-53.81,-53.72,-53.75,-53.68,-53.72,-53.53,-53.44,-53.31,-53.06,-53.19,-52.84,-52.66,-52.35,-52.04,-51.97,-51.54,-51.07,-50.39,-49.61,-30.84,32.48,14.39,-21.85,-46.85,-57.23,-61.11,-62.76,-63.2,-63.26,-63.17,-63.13,-63.07,-63.01,-63.04,-63.13,-63.13,-63.13,-63.13,-63.23,-63.2,-63.26,-63.29,-63.38,-63.38,-63.41,-63.38,-63.38,-63.38,-63.57,-63.57,-63.66,-63.66,-63.79,-63.79,-63.91,-63.91,-63.94,-64.1,-64.07,-64.16,-64.13,-64.19,-64.25,-64.19,-64.16,-64.25,-64.25,-64.38,-64.41,-64.47,-64.53,-64.59,-64.5,-64.63,-64.72,-64.56,-64.63,-64.69,-64.66,-64.72,-64.81,-64.78,-64.81,-64.87,-64.94,-65.09,-64.87,-64.91,-65.03,-64.91,-64.97,-64.91,-64.97,-65.06,-65.12,-65.22,-65.15,-65.06,-65.19,-65.22,-65.22,-65.22,-65.19,-65.28,-65.15,-65.25,-65.28,-65.34,-65.4,-65.4,-65.31,-65.34,-65.34,-65.31,-65.37,-65.25,-65.4,-65.28,-65.37,-65.25,-65.31,-65.31,-65.47,-65.53,-65.5,-65.53,-65.65,-65.65,-65.56,-65.59,-65.56,-65.53,-65.71,-65.53,-65.62,-65.56,-65.65,-65.62,-65.56,-65.56,-65.62,-65.59,-65.62,-65.59,-65.5,-65.53,-65.65,-65.68,-65.62,-65.71,-65.71,-65.71,-65.65,-65.78,-65.75,-65.62,-65.75,-65.59,-65.68,-65.68,-65.62,-65.68,-65.59,-65.5,-65.59,-65.47,-65.65,-65.5,-65.5,-65.71,-65.59,-65.62,-65.53,-65.53,-65.59,-65.62,-65.71,-65.68,-65.75,-65.62,-65.5,-65.62,-65.53,-65.53,-65.65,-65.53,-65.59,-65.68,-65.62,-65.43,-65.59,-65.5,-65.37,-65.62,-65.47,-65.56,-65.56,-65.56,-65.37,-65.5,-65.5,-65.53,-65.4,-65.37,-65.43,-65.43,-65.56,-65.5,-65.34,-65.4,-65.43,-65.4,-65.4,-65.34,-65.4,-65.43,-65.4,-65.53,-65.47,-65.5,-65.5,-65.59,-65.43,-65.43,-65.4,-65.47,-65.47,-65.37,-65.53,-65.47,-65.56,-65.59,-65.56,-65.4,-65.5,-65.4,-65.59,-65.34,-65.31,-65.37,-65.28,-65.31,-65.4,-65.53,-65.34,-65.31,-65.31,-65.22,-65.22,-65.22,-65.25,-65.15,-65.31,-65.28,-65.28,-65.19,-65.12,-65.25,-65.31,-65.06,-65.22,-65.12,-65.03,-65.06,-64.97,-64.97,-64.97,-65.15,-64.97,-65.09,-64.97,-64.97,-65.03,-64.87,-64.97,-64.94,-65.03,-64.91,-64.97,-64.84,-65.06,-65.0,-64.94,-64.91,-64.87,-64.87,-64.81,-64.97,-64.84,-64.84,-64.78,-64.87,-64.91,-64.84,-64.84,-64.91,-64.87,-64.94,-64.84,-64.84,-64.81,-64.91,-64.87,-64.75,-64.78,-64.78,-64.78,-64.72,-64.81,-64.81,-64.81,-64.78,-64.87,-64.78,-64.63,-64.75,-64.75,-64.75,-64.87,-64.66,-64.66,-64.69,-64.78,-64.75,-64.72,-64.59,-64.53,-64.66,-64.59,-64.47,-64.56,-64.59,-64.78,-64.53,-64.63,-64.59,-64.63,-64.59,-64.38,-64.59,-64.5,-64.47,-64.47,-64.44,-64.41,-64.35,-64.41,-64.38,-64.32,-64.38,-64.38,-64.32,-64.28,-64.22,-64.13,-64.32,-64.13,-64.13,-64.22,-64.16,-64.1,-64.22,-64.1,-63.97,-64.19,-64.13,-64.0,-63.97,-64.1,-64.07,-63.94,-63.94,-64.07,-64.0,-63.91,-63.94,-63.88,-63.91,-63.85,-63.97,-64.04,-63.88,-63.88,-63.82,-63.88,-63.82,-63.66,-63.79,-63.66,-63.72,-63.6,-63.76,-63.72,-63.69,-63.79,-63.63,-63.69,-63.69,-63.69,-63.69,-63.69,-63.57,-63.63,-63.66,-63.69,-63.69,-63.66,-63.72,-63.51,-63.57,-63.41,-63.41,-63.54,-63.38,-63.41,-63.35,-63.44,-63.29,-63.2,-63.32,-63.17,-63.26,-63.13,-63.2,-63.23,-63.23,-63.26,-63.23,-63.17,-63.26,-63.07,-63.17,-63.23,-63.17,-63.07,-63.07,-63.01,-63.1,-63.04,-63.04,-63.04,-63.04,-63.07,-62.85,-62.89,-62.85,-62.89,-62.85,-62.73,-62.82,-62.7,-62.7,-62.67,-62.73,-62.51,-62.48,-62.45,-62.45,-62.51,-62.42,-62.42,-62.39,-62.51,-62.42,-62.42,-62.36,-62.42,-62.2,-62.33,-62.33,-62.29,-62.36,-62.29,-62.36,-62.23,-62.11,-62.17,-62.17,-62.2,-62.11,-62.05,-62.01,-61.98,-61.83,-61.86,-61.8,-61.98,-61.83,-61.83,-61.74,-61.64,-61.86,-61.67,-61.52,-61.58,-61.7,-61.55,-61.64,-61.42,-61.67,-61.42,-61.39,-61.52,-61.52,-61.52,-61.58,-61.61,-61.52,-61.42,-61.39,-61.46,-61.39,-61.42,-61.33,-61.36,-61.27,-61.39,-61.42,-61.36,-61.33,-61.42,-61.27,-61.24,-61.21,-61.18,-61.24,-61.27,-61.33,-61.21,-61.21,-61.21,-61.11,-61.24,-61.21,-61.18,-61.02,-60.99,-60.99,-61.02,-61.05,-60.99,-60.9,-60.93,-60.99,-61.11,-60.93,-60.9,-60.9,-60.96,-60.93,-60.9,-60.9,-60.96,-60.9,-61.05,-60.96,-60.74,-60.86,-60.83,-61.02,-60.96,-60.77,-60.77,-60.77,-60.74,-60.74,-60.74,-60.77,-60.62,-60.71,-60.65,-60.55,-60.65,-60.52,-60.52,-60.55,-60.4,-60.46,-60.58,-60.43,-60.71,-60.68,-60.62,-60.4,-60.55,-60.49,-60.55,-60.43,-60.52,-60.43,-60.43,-60.27,-60.37,-60.21,-60.21,-60.21,-60.31,-60.24,-60.24,-60.4,-60.18,-60.34,-60.24,-60.34,-60.34,-60.43,-60.46,-60.27,-60.21,-60.27,-60.15,-60.37,-60.37,-60.24,-60.27,-60.27,-60.24,-60.27,-60.18,-60.24,-60.31,-60.06,-60.15,-60.21,-60.06,-60.09,-60.15,-60.03,-60.03,-60.12,-60.03,-59.99,-59.96,-59.78,-59.75,-59.87,-59.84,-59.81,-59.75,-59.93,-59.81,-59.75,-59.81,-59.68,-59.75,-59.68,-59.62,-59.84,-59.68,-59.71,-59.62,-59.59,-59.71,-59.56,-59.53,-59.56,-59.62,-59.71,-59.62,-59.65,-59.56,-59.62,-59.62,-59.5,-59.59,-59.43,-59.43,-59.53,-59.53,-59.53,-59.56,-59.4,-59.53,-59.5,-59.37,-59.53,-59.53,-59.43,-59.53,-59.5,-59.4,-59.5,-59.53,-59.56,-59.5,-59.5,-59.56,-59.53,-59.5,-59.43,-59.43,-59.56,-59.43,-59.56,-59.43,-59.37,-59.47,-59.37,-59.4,-59.43,-59.59,-59.31,-59.62,-59.56,-59.5,-59.37,-59.56,-59.5,-59.4,-59.56,-59.5,-59.59,-59.53,-59.47,-59.53,-59.62,-59.65,-59.62,-59.62,-59.59,-59.65,-59.71,-59.68,-59.65,-59.78,-59.75,-59.84,-59.93,-59.87,-60.03,-60.12,-60.12,-60.06,-60.21,-60.31,-60.27,-60.18,-60.43,-60.27,-60.43,-60.37,-60.43,-60.52,-60.55,-60.68,-60.68,-60.55,-60.71,-60.8,-60.83,-60.9,-60.86,-61.02,-60.93,-60.9,-61.02,-60.93,-61.08,-61.11,-61.18,-61.21,-61.08,-61.18,-61.11,-61.24,-61.18,-61.18,-61.21,-61.14,-61.3,-61.27,-61.36,-61.3,-61.42,-61.49,-61.39,-61.33,-61.42,-61.55,-61.52,-61.7,-61.74,-61.58,-61.58,-61.58,-61.61,-61.64,-61.77,-61.67,-61.77,-61.67,-61.64,-61.83,-61.8,-61.74,-61.89,-61.86,-61.77,-61.77,-61.89,-61.86,-62.01,-61.89,-62.14,-62.08,-62.05,-62.01,-62.14,-62.08,-62.2,-62.11,-62.26,-62.26,-62.29,-62.23,-62.29,-62.26,-62.48,-62.39,-62.48,-62.48,-62.39,-62.54,-62.61,-62.64,-62.67,-62.76,-62.73,-62.82,-62.82,-62.95,-62.85,-63.1,-62.95,-62.98,-63.07,-63.07,-63.13,-63.07,-63.04,-63.13,-62.95,-63.04,-63.01,-63.2,-63.2,-63.17,-63.17,-63.13,-63.26,-63.29,-63.38,-63.17,-63.23,-63.26,-63.32,-63.29,-63.32,-63.41,-63.41,-63.51,-63.69,-63.69,-63.54,-63.51,-63.51,-63.66,-63.6,-63.79,-63.79,-63.79,-63.76,-63.88,-63.88,-64.07,-63.97,-63.88,-63.85,-63.85,-63.97,-63.94,-63.82,-63.94,-64.0,-63.94,-64.13,-64.07,-64.04,-64.04,-63.97,-64.07,-64.1,-64.13,-64.16,-64.28,-64.16,-64.28,-64.28,-64.28,-64.32,-64.32,-64.35,-64.35,-64.44,-64.5,-64.53,-64.5,-64.53,-64.56,-64.56,-64.59,-64.44,-64.63,-64.78,-64.78,-64.75,-64.91,-64.75,-64.81,-64.78,-64.91,-64.91,-64.87,-65.0,-64.91,-64.97,-65.03,-65.0,-64.91,-65.0,-65.06,-65.03,-65.15,-65.06,-65.28,-65.15,-65.25,-65.28,-65.25,-65.19,-65.31,-65.22,-65.31,-65.31,-65.5,-65.37,-65.31,-65.31,-65.19,-65.37,-65.22,-65.15,-65.22,-65.34,-65.4,-65.34,-65.31,-65.31,-65.25,-65.31,-65.25,-65.31,-65.12,-65.37,-65.37,-65.22,-65.34,-65.28,-65.31,-65.22,-65.22,-65.25,-65.15,-65.31,-65.43,-65.37,-65.47,-65.34,-65.31,-65.43,-65.4,-65.4,-65.47,-65.5,-65.5,-65.5,-65.5,-65.4,-65.43,-65.53,-65.43,-65.4,-65.5,-65.62,-65.59,-65.47,-65.5,-65.62,-65.62,-65.62,-65.65,-65.65,-65.78,-65.78,-65.62,-65.68,-65.71,-65.68,-65.75,-65.78,-65.71,-65.68,-65.78,-65.65,-65.71,-65.75,-65.71,-65.71,-65.81,-65.75,-65.87,-65.78,-65.71,-65.78,-65.84,-65.84,-65.78,-65.96,-65.81,-65.81,-65.71,-65.84,-65.87,-65.87,-66.02,-65.81,-66.02,-65.9,-66.06,-65.96,-65.84,-65.87,-65.84,-65.9,-65.9,-65.96,-65.84,-65.87,-65.93,-65.9,-65.99,-65.9,-66.02,-65.87,-66.02,-65.93,-65.99,-65.93,-65.87,-65.81,-65.84,-65.78,-65.87,-65.87,-65.93,-65.96,-65.87,-65.84,-65.87,-65.96,-65.9,-65.84,-65.84,-65.9,-65.9,-65.99,-66.02,-65.87,-65.84,-65.81,-65.78,-65.78,-65.81,-65.84,-65.81,-65.99,-65.84,-65.87,-65.84,-65.87,-65.87,-65.81,-65.9,-65.84,-65.78,-65.99,-65.84,-65.93,-65.99,-65.9,-65.9,-65.9,-65.87,-65.84,-65.87,-65.84,-65.9,-66.02,-65.9,-65.93,-65.99,-65.9,-65.9,-65.9,-65.9,-65.87,-65.87,-65.87,-66.06,-65.93,-65.96,-66.09,-65.99,-66.02,-66.06,-66.02,-66.09,-65.9,-65.99,-65.96,-65.99,-65.9,-65.93,-65.96,-66.09,-66.02,-66.09,-66.06,-65.93,-65.99,-65.99,-66.02,-66.06,-65.96,-65.9,-65.75,-65.81,-65.87,-65.87,-65.75,-65.9,-65.78,-65.87,-65.75,-65.81,-65.65,-65.78,-65.78,-65.78,-65.62,-65.62,-65.71,-65.9,-65.62,-65.65,-65.81,-65.62,-65.78,-65.78,-65.71,-65.71,-65.87,-65.68,-65.75,-65.81,-65.71,-65.62,-65.68,-65.68,-65.84,-65.75,-65.87,-65.84,-65.84,-65.62,-65.81,-65.78,-65.81,-65.78,-65.84,-65.99,-65.93,-65.81,-65.75,-65.96,-65.93,-65.78,-65.99,-65.84,-65.96,-66.02,-65.93,-65.93,-65.96,-65.96,-65.93,-65.9,-65.84,-65.99,-65.81,-65.99,-65.93,-65.99,-65.87,-65.81,-65.96,-65.84,-65.96,-65.87,-65.9,-65.9,-65.96,-65.99,-65.99,-65.96,-65.84,-65.78,-65.87,-66.06,-65.99,-65.87,-66.06,-65.81,-65.93,-65.96,-65.87,-65.96,-65.78,-65.93,-65.81,-65.75,-65.71,-65.81,-65.84,-65.71,-65.71,-65.75,-65.78,-65.75,-65.87,-65.68,-65.71,-65.75,-65.78,-65.81,-65.75,-65.59,-65.65,-65.71,-65.62,-65.65,-65.71,-65.65,-65.53,-65.75,-65.59,-65.62,-65.65,-65.59,-65.65,-65.62,-65.53,-65.81,-65.71,-65.65,-65.65,-65.62,-65.59,-65.5,-65.65,-65.68,-65.56,-65.65,-65.59,-65.56,-65.75,-65.62,-65.65,-65.59,-65.56,-65.53,-65.62,-65.56,-65.37,-65.56,-65.5,-65.56,-65.68,-65.53,-65.62,-65.53,-65.56,-65.53,-65.53,-65.62,-65.62,-65.62,-65.65,-65.65,-65.65,-65.62,-65.56,-65.56,-65.68,-65.65,-65.5,-65.62,-65.56,-65.5,-65.65,-65.59,-65.62,-65.65,-65.62,-65.59,-65.68,-65.71,-65.59,-65.65,-65.71,-65.75,-65.81,-65.62,-65.75,-65.68,-65.81,-65.65,-65.62,-65.75,-65.65,-65.71,-65.56,-65.71,-65.62,-65.4,-65.62,-65.65,-65.56,-65.56,-65.81,-65.47,-65.53,-65.59,-65.59,-65.53,-65.47,-65.5,-65.68,-65.4,-65.56,-65.47,-65.56,-65.53,-65.4,-65.53,-65.37,-65.5,-65.4,-65.4,-65.5,-65.4,-65.47,-65.4,-65.56,-65.53,-65.53,-65.53,-65.47,-65.4,-65.53,-65.5,-65.47,-65.56,-65.56,-65.53,-65.4,-65.47,-65.62,-65.53,-65.56,-65.62,-65.56,-65.59,-65.5,-65.53,-65.65,-65.62,-65.56,-65.5,-65.56,-65.4,-65.53,-65.47,-65.4,-65.34,-65.59,-65.5,-65.5,-65.47,-65.34,-65.53,-65.37,-65.5,-65.37,-65.28,-65.34,-65.28,-65.28,-65.4,-65.5,-65.34,-65.37,-65.31,-65.37,-65.4,-65.4,-65.5,-65.4,-65.34,-65.28,-65.47,-65.37,-65.5,-65.47,-65.31,-65.37,-65.28,-65.34,-65.25,-65.28,-65.34,-65.34,-65.37,-65.25,-65.22,-65.4,-65.34,-65.31,-65.28,-65.28,-65.19,-65.15,-65.25,-65.22,-65.12,-65.25,-65.28,-65.12,-65.31,-65.06,-65.25,-65.12,-65.15,-65.06,-65.15,-65.12,-65.15,-65.12,-65.12,-65.15,-65.06,-65.06,-65.06,-65.03,-65.03,-65.03,-65.15,-65.12,-65.03,-64.97,-65.03,-65.12,-64.87,-64.91,-64.87,-65.06,-64.97,-65.12,-65.03,-65.06,-65.12,-65.06,-65.0,-65.03,-65.0,-65.03,-65.03,-65.09,-65.03,-65.0,-64.97,-64.97,-64.97,-64.97,-64.87,-64.97,-65.03,-64.91,-64.91,-64.78,-64.87,-64.87,-64.87,-64.63,-64.72,-64.78,-64.69,-64.78,-64.78,-64.78,-64.91,-64.84,-64.87,-64.91,-64.91,-64.91,-64.81,-64.94,-64.91,-65.03,-64.94,-64.84,-65.0,-64.87,-65.0,-64.75,-64.97,-64.97,-64.97,-65.03,-64.94,-64.94,-64.91,-64.97,-64.84,-64.84,-64.72,-64.87,-64.81,-64.72,-64.81,-64.81,-64.72,-64.66,-64.66,-64.69,-64.59,-64.63,-64.63,-64.56,-64.5,-64.53,-64.5,-64.47,-64.44,-64.38,-64.41,-64.41,-64.32,-64.32,-64.32,-64.38,-64.35,-64.28,-64.22,-64.32,-64.19,-64.16,-64.22,-64.19,-64.25,-64.16,-64.16,-64.28,-64.32,-64.16,-64.13,-64.28,-64.38,-64.22,-64.19,-64.25,-64.22,-64.19,-64.28,-64.28,-64.22,-64.25,-64.22,-64.28,-64.38,-64.28,-64.35,-64.16,-64.22,-64.22,-64.25,-64.32,-64.22,-64.1,-64.19,-64.32,-64.41,-64.32,-64.22,-64.25,-64.28,-64.35,-64.19,-64.35,-64.28,-64.25,-64.25,-64.22,-64.28,-64.32,-64.16,-64.35,-64.32,-64.38,-64.35,-64.28,-64.28,-64.28,-64.44,-64.41,-64.35,-64.22,-64.25,-64.32,-64.22,-64.35,-64.41,-64.41,-64.22,-64.22,-64.32,-64.35,-64.13,-64.35,-64.28,-64.28,-64.22,-64.19,-64.28,-64.13,-64.28,-64.19,-64.1,-64.19,-64.07,-64.13,-64.1,-64.16,-64.16,-64.28,-64.16,-64.16,-64.13,-64.13,-64.19,-64.16,-64.16,-64.13,-64.16,-64.19,-64.25,-64.16,-64.22,-64.19,-64.13,-64.16,-64.19,-64.07,-63.97,-64.1,-64.0,-64.13,-64.0,-63.97,-64.16,-63.94,-64.04,-64.1,-64.1,-64.1,-64.07,-64.13,-64.04,-64.04,-64.16,-64.1,-64.04,-64.1,-64.1,-63.97,-64.0,-63.97,-64.07,-64.0,-64.07,-63.97,-63.85,-64.1,-63.91,-64.0,-64.04,-64.1,-64.1,-64.13,-64.04,-64.19,-64.07,-64.1,-64.1,-64.13,-64.28,-64.1,-64.16,-64.07,-64.1,-64.1,-64.25,-64.04,-64.25,-64.16,-64.13,-64.13,-64.1,-64.13,-64.04,-64.1,-64.13,-64.13,-64.04,-63.94,-63.85,-63.91,-63.94,-63.94,-63.82,-63.94,-64.04,-63.94,-63.94,-63.91,-63.97,-63.88,-63.82,-63.82,-63.88,-63.88,-63.82,-63.88,-63.79,-63.88,-63.88,-63.82,-63.76,-63.88,-63.88,-64.0,-63.82,-63.97,-63.88,-64.07,-63.94,-63.91,-63.94,-63.91,-63.94,-63.79,-63.82,-63.85,-63.82,-63.91,-63.91,-63.85,-63.91,-63.91,-63.91,-63.79,-63.79,-63.85,-63.94,-63.85,-63.82,-63.72,-63.88,-63.91,-63.82,-63.91,-63.82,-63.88,-63.82,-63.91,-63.85,-63.69,-63.72,-63.72,-63.79,-63.69,-63.76,-63.79,-63.85,-63.79,-63.91,-63.85,-63.82,-63.97,-63.91,-63.72,-63.97,-63.85,-63.82,-63.91,-63.88,-63.91,-63.88,-64.04,-64.04,-64.04,-63.88,-63.94,-63.97,-63.91,-63.88,-63.88,-63.88,-64.0,-63.94,-63.88,-63.88,-63.91,-63.97,-63.91,-63.85,-63.85,-63.76,-63.76,-63.82,-63.85,-63.79,-63.88,-63.72,-63.82,-63.88,-63.85,-63.85,-63.82,-63.79,-63.88,-63.79,-63.82,-63.88,-63.88,-63.85,-63.88,-63.85,-64.04,-63.88,-63.97,-63.79,-63.91,-63.91,-63.85,-63.88,-63.85,-63.85,-64.04,-63.88,-63.97,-63.91,-63.97,-63.94,-63.91,-63.79,-63.82,-63.94,-63.97,-64.0,-63.94,-63.82,-64.0,-63.88,-63.91,-63.79,-63.82,-63.97,-63.91,-63.88,-63.88,-63.88,-63.85,-63.72,-63.82,-63.85,-63.88,-63.94,-63.88,-63.94,-63.72,-63.88,-63.91,-63.91,-63.94,-63.82,-63.76,-63.85,-63.91,-63.94,-63.85,-63.97,-63.94,-63.91,-64.04,-63.97,-63.94,-64.1,-63.97,-64.0,-64.07,-63.97,-64.04,-63.88,-64.13,-63.97,-63.88,-64.04,-64.0,-64.1,-64.13,-64.13,-64.13,-64.04,-63.94,-63.94,-63.97,-63.97,-64.0,-64.0,-64.0,-64.07,-64.04,-63.97,-64.04,-63.94,-64.0,-63.94,-64.0,-64.0,-63.91,-63.94,-63.88,-63.88,-63.91,-63.88,-63.91,-63.94,-63.79,-64.07,-63.85,-63.97,-63.82,-63.91,-63.97,-64.07,-64.0,-64.04,-64.04,-64.19,-64.16,-63.97,-63.97,-64.1,-63.94,-64.0,-63.97,-64.13,-63.97,-64.07,-64.04,-63.97,-64.04,-64.0,-63.97,-64.04,-64.04,-63.97,-64.07,-64.07,-64.19,-64.1,-64.1,-64.07,-64.1,-64.1,-64.04,-64.25,-64.1,-64.1,-64.1,-64.16,-64.16,-64.13,-64.07,-64.13,-63.97,-64.13,-64.16,-64.13,-64.16,-64.25,-64.25,-64.19,-64.13,-64.22,-64.32,-64.25,-64.16,-64.32,-64.25,-64.28,-64.41,-64.28,-64.16,-64.41,-64.35,-64.35,-64.41,-64.41,-64.53,-64.5,-64.44,-64.41,-64.44,-64.38,-64.44,-64.47,-64.32,-64.47,-64.47,-64.38,-64.53,-64.47,-64.35,-64.35,-64.38,-64.28,-64.35,-64.28,-64.28,-64.25,-64.35,-64.38,-64.35,-64.38,-64.32,-64.41,-64.32,-64.32,-64.28,-64.28,-64.28,-64.28,-64.28,-64.32,-64.28,-64.1,-64.32,-64.1,-64.25,-64.19,-64.22,-64.13,-64.25,-64.25,-64.28,-64.22,-64.32,-64.22,-64.32,-64.35,-64.16,-64.28,-64.28,-64.25,-64.28,-64.19,-64.25,-64.16,-64.25,-64.19,-64.22,-64.22,-64.16,-64.22,-64.1,-64.22,-64.16,-64.25,-64.25,-64.22,-64.19,-64.13,-64.19,-64.04,-64.22,-64.16,-64.16,-64.19,-64.04,-64.13,-64.04,-64.04,-64.04,-64.13,-64.19,-64.1,-64.07,-64.16,-64.07,-64.07,-64.13,-63.97,-64.04,-64.04,-64.13,-64.04,-64.07,-64.0,-63.97,-63.91,-64.1,-64.1,-64.1,-63.97,-64.1,-64.07,-63.91,-63.94,-64.04,-64.04,-63.97,-64.07,-63.97,-63.88,-63.76,-64.0,-63.88,-64.07,-63.97,-63.91,-63.88,-63.91,-63.82,-64.04,-63.94,-63.88,-63.94,-63.97,-63.94,-63.91,-63.88,-63.97,-64.0,-63.97,-64.0,-63.91,-64.04,-63.94,-63.91,-64.04,-64.04,-64.07,-63.94,-64.0,-63.97,-63.85,-63.79,-63.82,-63.69,-63.72,-63.82,-63.88,-63.91,-63.85,-63.88,-63.79,-63.82,-63.69,-63.82,-63.82,-63.88,-63.85,-63.76,-63.82,-63.91,-63.66,-63.82,-63.72,-63.76,-63.79,-63.82,-63.82,-63.79,-63.76,-63.72,-63.66,-63.82,-63.79,-63.88,-63.88,-63.85,-63.82,-63.69,-63.85,-63.85,-63.79,-63.69,-63.79,-63.94,-63.91,-63.79,-63.94,-63.82,-63.88,-63.82,-63.82,-63.85,-63.91,-63.94,-63.85,-63.85,-63.85,-63.82,-63.82,-63.72,-63.85,-63.79,-63.63,-63.72,-63.69,-63.69,-63.76,-63.69,-63.69,-63.76,-63.6,-63.72,-63.82,-63.66,-63.76,-63.79,-63.79,-63.72,-63.72,-63.85,-63.82,-63.66,-63.66,-63.72,-63.79,-63.72,-63.82,-63.79,-63.72,-63.85,-63.91,-63.69,-63.79,-63.85,-63.88,-63.85,-63.82,-63.72,-63.79,-63.63,-63.91,-63.91,-63.82,-63.88,-64.07,-63.85,-63.94,-63.82,-63.85,-63.91,-63.88,-63.91,-63.91,-63.91,-63.88,-63.94,-63.85,-63.88,-63.88,-63.91,-64.04,-63.88,-63.85,-63.82,-63.85,-63.88,-63.76,-63.91,-63.91,-63.94,-63.97,-63.97,-64.0,-64.0,-63.94,-64.0,-63.85,-64.04,-63.91,-64.04,-63.94,-64.04,-63.88,-63.91,-63.94,-63.91,-63.91,-63.82,-63.91,-63.88,-63.91,-63.94,-63.94,-63.91,-63.88,-63.97,-63.85,-63.82,-63.94
Sweep_17,-27.0,-64.13,-64.22,-63.97,-64.32,-64.22,-64.16,-64.19,-64.25,-64.16,-64.1,-64.16,-64.22,-64.16,-64.22,-64.07,-64.28,-64.07,-64.19,-64.13,-64.19,-64.16,-64.16,-64.04,-64.22,-64.19,-64.07,-64.04,-64.07,-64.13,-64.16,-64.22,-64.0,-64.07,-64.13,-63.97,-64.22,-64.04,-64.13,-64.1,-64.1,-64.16,-64.16,-64.1,-64.22,-64.1,-64.13,-64.22,-64.13,-64.22,-64.25,-64.28,-64.19,-64.28,-64.25,-64.28,-64.32,-64.19,-64.28,-64.32,-64.19,-64.32,-64.22,-64.28,-64.35,-64.19,-64.35,-64.22,-64.28,-64.38,-64.53,-64.41,-64.47,-64.41,-64.38,-64.35,-64.5,-64.5,-64.5,-64.53,-64.41,-64.47,-64.59,-64.5,-64.56,-64.53,-64.59,-64.72,-64.59,-64.66,-64.63,-64.66,-64.66,-64.69,-64.81,-64.63,-64.66,-64.72,-64.66,-64.59,-64.59,-64.66,-64.66,-64.69,-64.81,-64.72,-64.81,-64.72,-64.72,-64.69,-64.59,-64.56,-64.53,-64.78,-64.72,-64.56,-64.63,-64.63,-64.63,-64.69,-64.63,-64.72,-64.63,-64.63,-64.5,-64.63,-64.59,-64.63,-64.63,-64.59,-64.69,-64.53,-64.59,-64.53,-64.56,-64.63,-64.69,-64.56,-64.66,-64.56,-64.63,-64.63,-64.53,-64.53,-64.5,-64.63,-64.47,-64.56,-64.41,-64.5,-64.53,-64.35,-64.44,-64.41,-64.44,-64.5,-64.32,-64.38,-64.41,-64.44,-64.63,-64.53,-64.47,-64.56,-64.35,-64.38,-64.5,-64.53,-64.35,-64.47,-64.53,-64.5,-64.5,-64.53,-64.41,-64.41,-64.53,-64.47,-64.53,-64.66,-64.63,-64.63,-64.56,-64.56,-64.63,-64.56,-64.56,-64.59,-64.59,-64.56,-64.59,-64.72,-64.69,-64.84,-64.63,-64.72,-64.63,-64.53,-64.59,-64.63,-64.59,-64.69,-64.5,-64.56,-64.69,-64.66,-64.63,-64.56,-64.66,-64.63,-64.84,-64.75,-64.63,-64.66,-64.75,-64.66,-64.78,-64.72,-64.72,-64.66,-64.63,-64.72,-64.59,-64.78,-64.66,-64.56,-64.59,-64.53,-64.56,-64.44,-64.53,-64.5,-64.47,-64.66,-64.53,-64.47,-64.56,-64.53,-64.47,-64.5,-64.53,-64.53,-64.53,-64.56,-64.44,-64.5,-64.63,-64.5,-64.5,-64.38,-64.5,-64.56,-64.47,-64.44,-64.5,-64.47,-64.47,-64.5,-64.47,-64.53,-64.47,-64.63,-64.56,-64.56,-64.47,-64.56,-64.66,-64.35,-64.5,-64.44,-64.59,-64.56,-64.56,-64.56,-64.56,-64.53,-64.41,-64.53,-64.56,-64.44,-64.47,-64.41,-64.5,-64.41,-64.53,-64.38,-64.59,-64.47,-64.53,-64.53,-64.75,-64.56,-64.59,-64.56,-64.72,-64.56,-64.56,-64.69,-64.59,-64.69,-64.59,-64.78,-64.66,-64.81,-64.75,-64.66,-64.72,-64.75,-64.84,-64.81,-64.81,-64.81,-64.75,-64.78,-64.78,-64.91,-64.72,-64.69,-64.75,-64.72,-64.81,-64.69,-64.78,-64.78,-64.78,-64.69,-64.72,-64.75,-64.69,-64.78,-64.75,-64.72,-64.72,-64.69,-64.66,-64.75,-64.81,-64.81,-64.72,-64.72,-64.63,-64.78,-64.63,-64.59,-64.63,-64.59,-64.56,-64.53,-64.59,-64.59,-64.53,-64.53,-64.59,-64.56,-64.47,-64.59,-64.41,-64.47,-64.5,-64.35,-64.41,-64.41,-64.41,-64.5,-64.41,-64.35,-64.44,-64.41,-64.32,-64.38,-64.32,-64.41,-64.32,-64.35,-64.41,-64.22,-64.22,-64.16,-64.07,-64.07,-64.19,-63.97,-64.1,-64.04,-64.04,-63.94,-63.94,-63.85,-63.88,-63.76,-63.88,-63.82,-63.88,-63.76,-63.88,-63.69,-63.69,-63.69,-63.66,-63.6,-63.66,-63.6,-63.57,-63.63,-63.54,-63.48,-63.54,-63.48,-63.41,-63.35,-63.2,-63.2,-63.17,-63.35,-63.23,-63.17,-63.13,-63.1,-63.1,-63.04,-63.04,-62.98,-62.98,-63.01,-62.92,-62.92,-63.01,-62.82,-62.79,-62.79,-62.73,-62.79,-62.7,-62.64,-62.7,-62.51,-62.61,-62.48,-62.42,-62.45,-62.39,-62.54,-62.42,-62.33,-62.23,-62.33,-62.14,-62.05,-62.11,-62.08,-62.14,-62.26,-62.08,-62.17,-62.08,-62.01,-62.05,-61.98,-61.89,-62.01,-61.86,-61.83,-61.7,-61.7,-61.61,-61.61,-61.7,-61.58,-61.64,-61.64,-61.7,-61.67,-61.64,-61.67,-61.58,-61.61,-61.64,-61.61,-61.7,-61.67,-61.49,-61.49,-61.55,-61.39,-61.42,-61.52,-61.55,-61.52,-61.58,-61.49,-61.36,-61.36,-61.27,-61.3,-61.27,-61.36,-61.39,-61.27,-61.3,-61.27,-61.21,-61.24,-61.18,-61.21,-61.3,-61.21,-61.24,-60.99,-61.18,-61.14,-61.11,-61.14,-61.21,-60.93,-60.96,-60.93,-60.93,-60.93,-60.96,-61.02,-60.96,-60.83,-60.9,-60.8,-60.83,-60.93,-60.77,-60.55,-60.74,-60.49,-60.52,-60.49,-60.43,-60.55,-60.4,-60.46,-60.27,-60.24,-60.21,-60.27,-60.24,-60.18,-60.18,-60.15,-60.03,-60.15,-60.03,-60.09,-59.93,-59.93,-60.12,-60.18,-60.03,-60.06,-59.68,-59.84,-59.93,-59.84,-59.84,-59.81,-59.78,-59.62,-59.65,-59.62,-59.65,-59.65,-59.62,-59.65,-59.62,-59.59,-59.56,-59.65,-59.47,-59.43,-59.47,-59.5,-59.47,-59.43,-59.43,-59.31,-59.34,-59.4,-59.43,-59.12,-59.25,-59.31,-59.19,-59.28,-59.22,-59.22,-59.28,-59.19,-59.16,-59.19,-59.16,-59.0,-59.0,-59.03,-59.09,-59.09,-59.0,-58.97,-58.91,-59.09,-59.0,-59.06,-58.97,-58.94,-58.94,-58.94,-58.81,-58.88,-58.78,-58.88,-58.78,-58.75,-58.69,-58.44,-58.47,-58.6,-58.41,-58.5,-58.41,-58.25,-58.25,-58.35,-58.25,-58.16,-58.19,-58.1,-58.1,-58.13,-58.0,-58.04,-57.94,-57.94,-57.85,-57.69,-57.76,-57.66,-57.76,-57.69,-57.69,-57.66,-57.76,-57.73,-57.66,-57.41,-57.66,-57.51,-57.35,-57.07,-57.13,-57.04,-56.95,-57.07,-56.92,-57.07,-56.85,-56.92,-56.92,-56.95,-56.79,-56.73,-56.79,-56.76,-56.54,-56.45,-56.51,-56.57,-56.67,-56.45,-56.39,-56.45,-56.51,-56.54,-56.45,-56.42,-56.3,-56.42,-56.39,-56.45,-56.39,-56.33,-56.14,-56.17,-56.11,-56.05,-56.02,-55.92,-55.95,-55.8,-55.8,-55.61,-55.61,-55.58,-55.39,-55.33,-55.27,-55.05,-55.05,-55.05,-54.87,-54.93,-54.77,-54.52,-54.37,-54.24,-54.12,-54.12,-53.9,-53.65,-53.47,-53.09,-52.84,-52.41,-51.85,-51.54,-51.14,-46.44,25.37,24.81,-15.76,-44.27,-57.57,-61.67,-63.38,-63.82,-63.88,-63.66,-63.72,-63.54,-63.57,-63.48,-63.63,-63.38,-63.35,-63.51,-63.51,-63.69,-63.54,-63.63,-63.82,-63.82,-63.79,-63.88,-63.97,-63.94,-63.91,-63.94,-64.04,-64.13,-64.16,-64.1,-64.13,-64.25,-64.28,-64.35,-64.5,-64.53,-64.5,-64.5,-64.75,-64.66,-64.75,-64.81,-64.78,-64.81,-65.0,-64.97,-64.87,-64.87,-65.06,-64.94,-65.06,-65.06,-65.12,-65.15,-65.25,-65.09,-65.28,-65.28,-65.37,-65.25,-65.37,-65.4,-65.4,-65.37,-65.47,-65.53,-65.56,-65.5,-65.34,-65.62,-65.56,-65.59,-65.65,-65.68,-65.59,-65.65,-65.65,-65.68,-65.81,-65.62,-65.84,-65.84,-65.71,-65.59,-65.75,-65.71,-65.75,-65.75,-65.78,-65.75,-65.84,-65.78,-65.56,-65.71,-65.75,-65.78,-65.9,-65.87,-65.93,-66.02,-65.75,-65.9,-65.93,-65.71,-65.81,-65.84,-65.9,-65.78,-65.87,-65.9,-65.87,-65.81,-66.02,-66.06,-65.96,-65.87,-66.06,-66.09,-66.02,-65.75,-66.06,-66.02,-66.12,-66.02,-66.02,-66.02,-66.15,-66.09,-66.24,-66.18,-66.15,-66.09,-66.12,-66.15,-65.99,-65.99,-66.12,-65.84,-66.02,-65.96,-66.02,-65.93,-66.02,-66.06,-66.12,-65.99,-65.99,-66.12,-65.9,-65.9,-65.96,-65.96,-66.02,-66.06,-65.96,-66.09,-65.9,-65.9,-65.99,-66.06,-65.99,-66.02,-65.9,-65.87,-66.02,-66.12,-65.99,-66.02,-66.02,-66.12,-66.09,-66.18,-66.02,-66.21,-66.02,-66.09,-65.99,-66.02,-66.06,-66.06,-65.9,-65.87,-66.09,-66.02,-65.84,-65.81,-65.84,-65.81,-65.99,-65.9,-65.93,-65.78,-65.81,-65.59,-65.68,-65.68,-65.75,-65.59,-65.78,-65.65,-65.75,-65.62,-65.65,-65.62,-65.78,-65.65,-65.56,-65.62,-65.56,-65.5,-65.56,-65.5,-65.53,-65.56,-65.53,-65.34,-65.53,-65.31,-65.37,-65.47,-65.47,-65.28,-65.22,-65.34,-65.47,-65.31,-65.37,-65.37,-65.4,-65.25,-65.19,-65.25,-65.31,-65.25,-65.22,-65.15,-65.22,-65.19,-65.22,-65.15,-65.0,-65.03,-65.06,-65.12,-65.12,-65.09,-64.97,-64.94,-65.12,-65.0,-64.97,-64.84,-64.72,-64.78,-64.81,-64.72,-64.72,-64.78,-64.78,-64.69,-64.69,-64.66,-64.59,-64.63,-64.66,-64.59,-64.66,-64.66,-64.63,-64.72,-64.66,-64.5,-64.5,-64.63,-64.5,-64.63,-64.5,-64.53,-64.41,-64.47,-64.59,-64.53,-64.44,-64.53,-64.47,-64.41,-64.47,-64.22,-64.25,-64.22,-64.19,-64.22,-64.22,-64.22,-64.16,-64.22,-64.19,-64.1,-64.1,-64.07,-64.1,-64.16,-64.04,-63.97,-63.94,-63.91,-63.88,-63.91,-63.94,-63.91,-63.85,-63.82,-63.85,-63.88,-63.72,-63.85,-63.88,-63.82,-64.0,-63.76,-63.79,-63.79,-63.6,-63.72,-63.6,-63.82,-63.66,-63.57,-63.66,-63.57,-63.51,-63.51,-63.48,-63.54,-63.54,-63.51,-63.41,-63.38,-63.41,-63.32,-63.51,-63.48,-63.32,-63.32,-63.29,-63.29,-63.38,-63.17,-63.29,-63.17,-63.29,-63.2,-63.32,-63.13,-63.29,-63.17,-63.32,-63.32,-63.29,-63.26,-63.23,-63.2,-63.32,-63.1,-63.13,-63.07,-63.1,-63.2,-63.07,-63.13,-63.04,-63.1,-63.04,-63.17,-63.04,-62.98,-63.04,-62.89,-63.1,-63.07,-62.82,-62.85,-62.95,-63.07,-62.85,-62.95,-62.98,-62.85,-62.73,-62.76,-62.89,-62.79,-62.64,-62.67,-62.61,-62.7,-62.73,-62.73,-62.7,-62.64,-62.64,-62.67,-62.45,-62.51,-62.64,-62.64,-62.48,-62.54,-62.39,-62.36,-62.42,-62.29,-62.33,-62.39,-62.45,-62.29,-62.29,-62.26,-62.26,-62.29,-62.36,-62.42,-62.17,-62.23,-62.2,-62.33,-62.23,-62.23,-62.2,-62.23,-62.14,-62.01,-62.08,-62.2,-62.05,-62.05,-62.11,-61.98,-62.05,-61.89,-61.98,-62.08,-61.95,-61.86,-61.8,-61.92,-61.8,-61.7,-61.77,-61.83,-61.83,-61.7,-61.77,-61.74,-61.74,-61.86,-61.58,-61.74,-61.64,-61.58,-61.64,-61.77,-61.64,-61.58,-61.55,-61.52,-61.52,-61.46,-61.52,-61.55,-61.58,-61.55,-61.52,-61.61,-61.52,-61.58,-61.52,-61.55,-61.58,-61.58,-61.7,-61.67,-61.61,-61.49,-61.42,-61.58,-61.64,-61.61,-61.58,-61.58,-61.55,-61.58,-61.55,-61.64,-61.64,-61.52,-61.58,-61.39,-61.36,-61.42,-61.36,-61.27,-61.24,-61.46,-61.36,-61.36,-61.46,-61.33,-61.3,-61.27,-61.36,-61.46,-61.3,-61.11,-61.11,-61.24,-61.14,-61.14,-61.11,-61.11,-61.21,-61.18,-61.08,-61.05,-61.11,-61.08,-60.99,-60.93,-61.02,-60.99,-61.05,-61.08,-60.9,-61.02,-60.86,-60.99,-61.05,-61.02,-60.93,-61.02,-60.93,-61.02,-61.02,-60.99,-60.93,-60.9,-60.9,-60.93,-60.93,-60.96,-60.9,-60.83,-60.74,-60.93,-60.83,-60.83,-61.02,-61.05,-60.93,-60.96,-60.8,-60.8,-60.96,-60.99,-60.74,-60.96,-60.96,-60.93,-60.9,-60.96,-60.9,-60.93,-60.86,-61.02,-60.99,-61.05,-60.99,-61.02,-61.05,-61.05,-60.83,-61.02,-60.9,-60.86,-60.93,-60.99,-60.93,-60.9,-61.02,-61.05,-60.96,-61.05,-61.11,-60.9,-61.02,-60.99,-61.05,-61.05,-61.14,-61.02,-60.96,-61.14,-60.99,-60.9,-60.93,-60.99,-60.93,-61.05,-60.99,-60.93,-60.99,-60.8,-60.9,-60.9,-60.9,-60.74,-60.83,-60.8,-60.77,-60.77,-60.58,-60.9,-60.86,-60.8,-60.68,-60.83,-60.77,-60.68,-60.62,-60.77,-60.71,-60.58,-60.77,-60.58,-60.62,-60.71,-60.58,-60.43,-60.62,-60.55,-60.58,-60.62,-60.65,-60.49,-60.55,-60.49,-60.58,-60.68,-60.68,-60.65,-60.77,-60.83,-60.65,-60.74,-60.65,-60.68,-60.74,-60.68,-60.62,-60.68,-60.68,-60.8,-60.68,-60.65,-60.8,-60.8,-60.74,-60.99,-60.68,-60.93,-60.8,-60.83,-60.8,-60.65,-60.68,-60.83,-60.83,-60.83,-60.8,-60.93,-60.93,-61.02,-60.86,-60.93,-60.83,-60.96,-60.86,-61.02,-61.18,-61.11,-60.93,-61.05,-61.11,-61.11,-61.24,-61.11,-61.08,-61.02,-61.14,-61.14,-61.05,-61.05,-61.05,-61.02,-61.14,-61.14,-61.08,-60.93,-61.14,-61.05,-61.11,-60.99,-61.05,-60.93,-60.9,-60.99,-61.18,-61.08,-60.96,-61.02,-61.02,-60.99,-61.02,-60.93,-60.96,-61.11,-61.05,-61.02,-61.05,-61.02,-60.99,-61.08,-61.08,-61.14,-61.11,-61.11,-61.05,-61.21,-61.08,-61.14,-61.14,-61.11,-61.14,-61.21,-61.21,-61.18,-61.27,-61.14,-61.05,-60.99,-61.05,-61.21,-61.21,-61.02,-61.18,-61.08,-61.14,-61.18,-61.02,-61.02,-61.02,-61.05,-60.93,-60.9,-61.05,-60.99,-60.96,-60.93,-61.05,-61.08,-61.02,-60.99,-61.08,-61.02,-61.08,-61.18,-61.11,-61.02,-61.11,-61.14,-61.02,-61.08,-61.08,-61.11,-61.24,-61.08,-61.14,-61.14,-61.11,-60.99,-60.9,-60.93,-60.99,-60.99,-61.05,-60.93,-61.02,-60.99,-60.99,-60.96,-60.93,-60.83,-60.93,-60.83,-60.83,-60.86,-60.83,-60.93,-60.83,-60.83,-60.83,-60.77,-60.83,-60.93,-60.8,-60.71,-60.74,-60.86,-60.74,-60.77,-60.74,-60.71,-60.74,-60.86,-60.77,-60.77,-60.65,-60.68,-60.74,-60.71,-60.68,-60.83,-60.74,-60.68,-60.74,-60.77,-60.74,-60.68,-60.68,-60.71,-60.74,-60.68,-60.74,-60.58,-60.62,-60.77,-60.74,-60.68,-60.71,-60.71,-60.8,-60.77,-60.65,-60.55,-60.8,-60.77,-60.83,-60.77,-60.83,-60.93,-60.77,-60.8,-60.83,-60.8,-60.9,-60.77,-60.83,-60.99,-60.83,-60.93,-60.83,-60.93,-60.9,-60.96,-60.8,-60.77,-60.8,-60.9,-60.99,-60.93,-61.02,-60.99,-60.99,-60.99,-60.93,-60.86,-60.86,-60.96,-60.93,-60.8,-60.9,-60.68,-60.9,-60.68,-60.96,-60.83,-60.58,-60.65,-60.74,-60.8,-60.74,-60.8,-60.77,-60.58,-60.77,-60.71,-60.58,-60.68,-60.8,-60.71,-60.65,-60.43,-60.77,-60.71,-60.86,-60.83,-60.8,-60.77,-60.74,-60.55,-60.68,-60.77,-60.65,-60.77,-60.77,-60.68,-60.8,-60.83,-60.77,-60.9,-60.8,-60.74,-60.68,-60.68,-60.71,-60.77,-60.65,-60.68,-60.55,-60.68,-60.65,-60.68,-60.77,-60.68,-60.58,-60.55,-60.68,-60.74,-60.74,-60.55,-60.65,-60.58,-60.68,-60.58,-60.55,-60.55,-60.65,-60.65,-60.68,-60.68,-60.65,-60.65,-60.62,-60.65,-60.62,-60.55,-60.68,-60.43,-60.8,-60.68,-60.8,-60.83,-60.65,-60.55,-60.71,-60.77,-60.65,-60.58,-60.55,-60.74,-60.68,-60.58,-60.62,-60.65,-60.65,-60.68,-60.65,-60.71,-60.8,-60.68,-60.68,-60.77,-60.65,-60.62,-60.52,-60.58,-60.55,-60.68,-60.62,-60.68,-60.49,-60.55,-60.4,-60.43,-60.4,-60.49,-60.4,-60.37,-60.4,-60.24,-60.37,-60.37,-60.31,-60.34,-60.37,-60.4,-60.49,-60.43,-60.52,-60.52,-60.37,-60.46,-60.34,-60.58,-60.55,-60.43,-60.55,-60.62,-60.43,-60.49,-60.62,-60.49,-60.52,-60.52,-60.62,-60.62,-60.62,-60.62,-60.43,-60.62,-60.74,-60.58,-60.71,-60.71,-60.8,-60.83,-60.83,-60.83,-60.74,-60.9,-60.68,-60.74,-60.83,-60.77,-60.8,-60.71,-60.74,-60.83,-60.86,-60.86,-60.77,-60.68,-60.68,-60.71,-60.68,-60.68,-60.71,-60.74,-60.83,-60.77,-60.68,-60.9,-60.9,-60.83,-60.83,-60.86,-60.77,-60.65,-60.71,-60.86,-60.68,-60.83,-60.74,-60.68,-60.86,-60.68,-60.93,-60.86,-60.8,-60.86,-60.83,-60.8,-60.71,-60.74,-60.77,-60.74,-60.74,-60.83,-60.71,-60.74,-60.83,-60.71,-60.83,-60.93,-60.83,-60.77,-60.93,-60.8,-60.83,-60.8,-60.77,-60.93,-60.83,-60.9,-60.8,-60.83,-60.83,-60.93,-60.77,-60.77,-60.99,-60.99,-60.86,-61.02,-60.96,-61.05,-61.14,-61.02,-61.05,-60.68,-61.02,-61.02,-61.08,-60.86,-60.83,-60.99,-60.86,-60.99,-61.05,-60.99,-60.86,-61.14,-61.08,-61.21,-61.11,-61.18,-61.11,-61.08,-60.99,-61.05,-61.08,-61.18,-60.99,-60.96,-61.08,-61.14,-61.05,-61.08,-61.18,-61.11,-61.21,-61.14,-61.02,-61.11,-61.08,-61.14,-61.08,-61.18,-61.18,-61.27,-61.18,-61.21,-61.14,-60.96,-61.27,-61.14,-61.18,-61.11,-61.11,-61.21,-61.14,-61.14,-61.02,-61.05,-61.21,-61.11,-61.08,-61.02,-61.11,-61.3,-61.18,-61.18,-61.14,-61.08,-61.11,-61.02,-61.21,-61.11,-60.99,-61.14,-61.14,-61.11,-61.02,-60.93,-61.05,-60.93,-60.93,-60.83,-60.68,-61.02,-60.83,-60.93,-60.99,-60.99,-61.02,-61.05,-61.11,-61.08,-61.14,-61.08,-61.05,-61.08,-61.02,-60.9,-61.08,-61.11,-61.11,-61.05,-61.08,-61.14,-61.11,-61.08,-61.11,-61.21,-61.24,-61.05,-61.08,-61.02,-60.96,-61.14,-61.14,-61.11,-61.18,-60.99,-60.96,-61.05,-61.02,-61.08,-61.14,-60.96,-60.93,-61.05,-60.99,-61.02,-61.05,-61.11,-61.14,-61.08,-61.11,-61.05,-61.21,-61.21,-61.02,-61.05,-61.11,-61.08,-61.18,-61.33,-61.14,-61.14,-61.21,-61.24,-61.18,-61.18,-61.18,-61.21,-61.18,-61.14,-61.27,-61.14,-61.33,-61.24,-61.18,-61.18,-61.18,-61.3,-61.27,-61.24,-61.27,-61.18,-61.21,-61.11,-61.18,-61.24,-61.3,-61.02,-61.18,-61.14,-61.14,-61.11,-61.05,-61.11,-61.08,-60.99,-61.08,-61.02,-61.05,-60.99,-60.93,-61.02,-60.9,-60.9,-60.93,-60.86,-61.08,-60.93,-60.99,-60.9,-60.9,-60.9,-60.93,-61.02,-60.9,-60.93,-61.02,-60.68,-60.68,-60.74,-60.8,-60.77,-60.74,-60.62,-60.86,-60.55,-60.58,-60.62,-60.58,-60.58,-60.68,-60.68,-60.65,-60.55,-60.52,-60.52,-60.43,-60.52,-60.58,-60.37,-60.37,-60.43,-60.34,-60.43,-60.37,-60.37,-60.34,-60.27,-60.24,-60.24,-60.21,-60.24,-60.24,-60.21,-60.21,-60.21,-60.18,-60.15,-60.15,-60.21,-60.27,-60.09,-60.21,-60.31,-60.31,-60.21,-60.12,-60.24,-60.24,-60.24,-60.21,-59.99,-60.27,-60.34,-60.15,-60.06,-60.15,-60.15,-60.18,-60.27,-60.12,-60.12,-60.31,-60.27,-60.27,-60.18,-60.34,-60.34,-60.21,-60.24,-60.18,-60.27,-60.27,-60.31,-60.43,-60.31,-60.27,-60.18,-60.27,-60.12,-60.15,-60.12,-60.21,-60.12,-60.15,-60.06,-60.06,-60.15,-60.06,-60.21,-60.12,-60.21,-60.15,-60.15,-60.18,-60.18,-60.18,-60.27,-60.12,-60.15,-59.99,-59.96,-60.12,-60.09,-60.12,-60.24,-60.09,-60.18,-60.06,-60.15,-60.09,-60.12,-60.12,-60.03,-60.12,-60.12,-60.15,-60.06,-60.06,-60.03,-59.93,-60.09,-60.09,-60.06,-60.06,-60.06,-60.12,-60.03,-60.03,-60.03,-60.06,-59.96,-60.18,-60.24,-60.06,-60.24,-60.21,-60.24,-60.24,-60.27,-60.49,-60.34,-60.21,-60.34,-60.31,-60.24,-60.34,-60.4,-60.49,-60.27,-60.4,-60.43,-60.58,-60.43,-60.43,-60.58,-60.49,-60.62,-60.62,-60.58,-60.55,-60.68,-60.74,-60.65,-60.62,-60.52,-60.65,-60.77,-60.68,-60.8,-60.52,-60.71,-60.8,-60.74,-60.58,-60.62,-60.8,-60.74,-60.74,-60.77,-60.71,-60.68,-60.65,-60.68,-60.58,-60.62,-60.71,-60.65,-60.68,-60.71,-60.71,-60.55,-60.8,-60.58,-60.58,-60.68,-60.74,-60.74,-60.65,-60.55,-60.55,-60.65,-60.65,-60.68,-60.62,-60.58,-60.62,-60.65,-60.8,-60.71,-60.55,-60.71,-60.65,-60.58,-60.52,-60.77,-60.74,-60.8,-60.68,-60.71,-60.68,-60.55,-60.58,-60.62,-60.62,-60.68,-60.71,-60.62,-60.74,-60.62,-60.74,-60.55,-60.58,-60.65,-60.52,-60.58,-60.77,-60.77,-60.65,-60.58,-60.68,-60.71,-60.74,-60.74,-60.71,-60.65,-60.8,-60.77,-60.77,-60.68,-60.77,-60.77,-60.77,-60.83,-60.8,-60.99,-60.86,-60.93,-60.77,-60.99,-60.86,-60.8,-60.99,-60.93,-60.9,-60.9,-61.05,-60.86,-60.9,-60.9,-61.02,-60.99,-60.86,-61.05,-61.11,-60.93,-61.05,-61.11,-60.96,-60.93,-60.83,-60.8,-60.96,-60.99,-60.9,-61.08,-60.83,-60.9,-60.86,-60.99,-60.93,-61.08,-61.02,-60.86,-60.9,-60.9,-60.99,-61.02,-61.11,-61.18,-60.96,-61.11,-61.02,-60.93,-61.02,-61.08,-61.18,-61.11,-61.24,-61.08,-61.05,-61.18,-61.05,-61.11,-61.21,-61.18,-61.24,-61.27,-61.24,-61.18,-61.18,-61.27,-61.3,-61.3,-61.27,-61.24,-61.39,-61.27,-61.3,-61.24,-61.21,-61.18,-61.27,-61.14,-61.33,-61.36,-61.42,-61.36,-61.21,-61.33,-61.33,-61.3,-61.36,-61.27,-61.39,-61.39,-61.18,-61.33,-61.36,-61.24,-61.21,-61.05,-61.08,-61.18,-61.18,-61.21,-61.14,-61.21,-61.24,-61.14,-61.24,-61.42,-61.36,-61.18,-61.27,-61.27,-61.18,-61.21,-61.21,-61.14,-61.18,-61.27,-61.18,-61.08,-61.24,-61.11,-61.24,-61.24,-61.11,-61.14,-61.27,-61.21,-61.21,-61.21,-61.21,-61.08,-61.08,-61.11,-61.3,-61.14,-61.14,-61.27,-61.24,-61.08,-61.14,-61.14,-61.3,-61.42,-61.14,-61.18,-61.27,-61.14,-61.11,-61.21,-61.3,-61.24,-61.27,-61.14,-61.3,-61.24,-61.36,-61.36,-61.08,-61.24,-61.18,-61.18,-61.14,-61.27,-61.21,-61.18,-61.27,-61.14,-61.27,-61.3,-61.27,-61.18,-61.39,-61.14,-61.24,-61.24,-61.24,-61.08,-61.24,-61.14,-61.14,-61.05,-61.14,-61.14,-61.21,-61.18,-61.18,-61.18,-61.08,-61.18,-61.05,-61.11,-61.02,-61.11,-61.21,-60.9,-61.11,-60.99,-60.9,-61.11,-61.11,-60.9,-60.99,-60.99,-61.08,-60.96,-61.05,-60.96,-61.08,-60.99,-61.02,-60.83,-60.86,-60.83,-60.93,-60.8,-60.74,-60.86,-60.8,-60.83,-60.77,-60.99,-60.86,-60.86,-60.9,-60.83,-60.93,-60.99,-60.77,-60.8,-60.71,-60.71,-60.68,-60.71,-60.71,-60.77,-60.71,-60.68,-60.77,-60.68,-60.74,-60.8,-60.8,-60.74,-60.77,-60.65,-60.83,-60.68,-60.83,-60.8,-60.71,-60.77,-60.71,-60.65,-60.74,-60.77,-60.86,-60.77,-60.68,-60.74,-60.68,-60.55,-60.74,-60.74,-60.68,-60.74,-60.77,-60.74,-60.8,-60.8,-60.74,-60.8,-60.8,-60.8,-60.77,-60.8,-60.58,-60.65,-60.65,-60.55,-60.71,-60.55,-60.74,-60.8,-60.68,-60.77,-60.68,-60.68,-60.58,-60.83,-60.74,-60.77,-60.68,-60.52,-60.71,-60.83,-60.68,-60.68,-60.52,-60.65,-60.71,-60.71,-60.49,-60.49,-60.62,-60.65,-60.83,-60.58,-60.65,-60.68,-60.62,-60.65,-60.65,-60.55,-60.65,-60.71,-60.58,-60.43,-60.68,-60.65,-60.62,-60.83,-60.62,-60.77,-60.65,-60.8,-60.74,-60.71,-60.71,-60.65,-60.86,-60.62,-60.62,-60.62,-60.55,-60.55,-60.49,-60.55,-60.71,-60.55,-60.58,-60.71,-60.55,-60.68,-60.55,-60.65,-60.58,-60.65,-60.58,-60.77,-60.8,-60.8,-60.71,-60.68,-60.71,-60.9,-60.74,-60.68,-60.83,-60.77,-60.83,-60.86,-60.93,-60.77,-60.99,-60.77,-60.74,-60.68,-60.74,-60.74,-60.86,-60.68,-60.9,-60.86,-60.74,-60.74,-60.62,-60.65,-60.8,-60.8,-60.74,-60.9,-60.86,-60.86,-60.74,-60.86,-60.93,-60.65,-60.68,-60.77,-60.8,-60.83,-60.83,-60.74,-60.83,-60.83,-60.86,-60.99,-60.86,-60.93,-60.96,-60.9,-60.99,-60.93,-60.93,-60.99,-60.93,-60.93,-60.8,-60.93,-60.68,-60.74,-60.71,-60.74,-60.8,-60.93,-60.86,-60.68,-60.77,-60.74,-60.77,-60.68,-60.58,-60.83,-60.68,-60.74,-60.52,-60.65,-60.68,-60.62,-60.65,-60.58,-60.58,-60.65,-60.65,-60.62,-60.62,-60.62,-60.52,-60.68,-60.62,-60.52,-60.62,-60.58,-60.58,-60.62,-60.65,-60.65,-60.68,-60.58,-60.65,-60.77,-60.46,-60.4,-60.43,-60.43,-60.49,-60.52,-60.52,-60.52,-60.46,-60.55,-60.62,-60.52,-60.49,-60.43,-60.43,-60.49,-60.55,-60.62,-60.62,-60.4,-60.52,-60.58,-60.49,-60.37,-60.43,-60.37,-60.52,-60.43,-60.43,-60.49,-60.52,-60.49,-60.49,-60.43,-60.52,-60.55,-60.62,-60.58,-60.58,-60.43,-60.55,-60.55,-60.46,-60.68,-60.62,-60.55,-60.49,-60.52,-60.55,-60.52,-60.62,-60.52,-60.52,-60.46,-60.49,-60.55,-60.58,-60.58,-60.52,-60.55,-60.65,-60.65,-60.58,-60.55,-60.46,-60.37,-60.58,-60.49,-60.46,-60.58,-60.4,-60.52,-60.55,-60.43,-60.43,-60.46,-60.55,-60.4,-60.43,-60.43,-60.37,-60.4,-60.37,-60.34,-60.27,-60.21,-60.34,-60.27,-60.27,-60.37,-60.43,-60.4,-60.27,-60.34,-60.27,-60.18,-60.24,-60.4,-60.34,-60.24,-60.15,-60.34,-60.24,-60.12,-60.15,-59.96,-60.09,-60.15,-60.03,-60.12,-60.15,-60.21,-60.21,-60.27,-60.34,-60.18,-60.27,-60.24,-60.27,-60.31,-60.34,-60.21,-60.24,-60.31,-60.34,-60.37,-60.4,-60.27,-60.21,-60.31,-60.27,-60.31,-60.34,-60.18,-60.31,-60.31,-60.52,-60.43,-60.37,-60.43,-60.43,-60.4,-60.43,-60.27,-60.31,-60.43,-60.31,-60.43,-60.27,-60.4,-60.43,-60.27,-60.15,-60.37,-60.43,-60.31,-60.18,-60.21,-60.21,-60.24,-60.21,-60.27,-60.34,-60.31,-60.31,-60.21,-60.09,-60.18,-60.09,-60.12,-60.06,-59.99,-59.99,-59.87,-59.93,-60.09,-60.09,-60.06,-60.09,-60.06,-60.21,-60.03,-59.99,-60.15,-60.06,-60.03,-59.96,-60.06,-60.09,-59.99,-59.87,-60.06,-60.06,-60.18,-60.12,-60.09,-60.06,-59.81,-60.09,-60.15,-60.06,-60.06,-60.06,-59.9,-59.93,-59.9,-59.99,-59.96,-59.99,-60.12,-59.96,-60.12,-59.99,-60.09,-60.03,-59.96,-60.09,-60.06,-60.12,-59.93,-60.09,-60.06,-59.87,-60.03,-59.84,-59.87,-59.78,-59.71,-59.84,-59.93,-59.81,-59.9,-60.06,-59.99,-60.03,-60.06,-60.24,-59.99,-59.9,-59.93,-60.06,-60.03,-60.21,-60.12,-60.15,-60.15,-60.15,-60.06,-60.15,-60.15,-59.99,-60.09,-60.31,-60.18,-60.27,-60.15,-60.18,-60.24,-60.15,-60.09,-59.99,-60.24,-60.06,-60.09,-59.99,-60.12,-60.21,-60.12,-60.18,-60.06,-60.12,-60.15,-60.03,-60.12,-60.06,-60.06,-60.06,-60.12,-60.24,-60.15,-60.15,-60.12,-60.15,-60.09,-60.21,-60.18,-60.31,-60.27,-60.34,-60.34,-60.34,-60.52,-60.37,-60.34,-60.31,-60.55,-60.4,-60.43,-60.27,-60.43,-60.34,-60.31,-60.24,-60.27,-60.37,-60.31,-60.37,-60.4,-60.24,-60.31,-60.52,-60.31,-60.43,-60.43,-60.49,-60.49,-60.52,-60.52,-60.4,-60.43,-60.49,-60.37,-60.55,-60.34,-60.52,-60.46,-60.43,-60.58,-60.58,-60.37,-60.49,-60.58,-60.55,-60.62,-60.55,-60.55,-60.34,-60.46,-60.52,-60.43,-60.43,-60.24,-60.46,-60.49,-60.55,-60.46,-60.55,-60.37,-60.37,-60.4,-60.4,-60.27,-60.34,-60.37,-60.52,-60.31,-60.34,-60.4,-60.34,-60.34,-60.49,-60.4,-60.34,-60.31,-60.24,-60.21,-60.34,-60.37,-60.24,-60.34,-60.24,-60.12,-60.34,-60.09,-60.12,-60.06,-60.18,-60.15,-59.99,-59.96,-59.87,-59.93,-59.9,-59.78,-59.93,-60.03,-59.87,-59.9,-60.09,-59.9,-60.06,-59.84,-60.03,-59.84,-59.87,-59.87,-59.75,-59.81,-59.78,-59.78,-59.75,-59.68,-59.68,-59.68,-59.75,-59.68,-59.75,-59.68,-59.53,-59.56,-59.78,-59.78,-59.81,-59.75,-59.71,-59.78,-59.62,-59.68,-59.75,-59.62,-59.53,-59.71,-59.62,-59.68,-59.68,-59.78,-59.75,-59.62,-59.59,-59.71,-59.47,-59.65,-59.68,-59.62,-59.68,-59.84,-59.71,-59.56,-59.5,-59.59,-59.65,-59.71,-59.43,-59.56,-59.62,-59.59,-59.5,-59.34,-59.59,-59.68,-59.34,-59.56,-59.53,-59.53,-59.59,-59.56,-59.43,-59.59,-59.43,-59.62,-59.43,-59.43,-59.5,-59.65,-59.37,-59.53,-59.34,-59.4,-59.28,-59.43,-59.28,-59.43,-59.37,-59.43,-59.25,-59.37,-59.31,-59.43,-59.34,-59.34,-59.31,-59.37,-59.31,-59.34,-59.28,-59.25,-59.34,-59.47,-59.5,-59.43,-59.53,-59.47,-59.47,-59.62,-59.53,-59.47,-59.71,-59.53,-59.59,-59.71,-59.59,-59.65,-59.71,-59.56,-59.62,-59.59,-59.68,-59.71,-59.53,-59.65,-59.62,-59.59,-59.75,-59.56,-59.71,-59.43,-59.56,-59.65,-59.68,-59.75,-59.62,-59.5,-59.53,-59.47,-59.5,-59.56,-59.53,-59.56,-59.5,-59.59,-59.5,-59.37,-59.37,-59.43,-59.5,-59.43,-59.43,-59.43,-59.4,-59.62,-59.5,-59.47,-59.5,-59.37,-59.56,-59.59,-59.56,-59.5,-59.5,-59.47,-59.43,-59.43,-59.37,-59.4,-59.28,-59.19,-59.25,-59.22,-59.25,-59.22,-59.22,-59.25,-59.16,-59.16,-59.06,-59.09,-59.16,-59.12,-58.94,-59.09,-59.16,-59.06,-58.94,-59.06,-58.88,-58.94,-58.88,-58.91,-59.0,-59.09,-59.06,-59.09,-59.06,-59.03,-59.0,-58.84,-58.91,-58.94,-58.78,-58.78,-58.75,-58.81,-58.78,-58.75,-58.84,-58.81,-58.66,-58.69,-58.84,-58.78,-58.81,-58.69,-58.6,-58.69,-58.84,-58.91,-58.91,-58.91,-58.84,-58.84,-58.72,-58.78,-58.78,-58.72,-58.84,-58.78,-58.94,-58.91,-59.0,-58.88,-59.03,-58.78,-58.84,-58.84,-58.91,-58.84,-58.72,-58.69,-58.72,-58.56,-58.66,-58.66,-58.56,-58.66,-58.66,-58.84,-58.78,-58.72,-58.81,-58.75,-58.63,-58.69,-58.63,-58.75,-58.75,-58.81,-58.66,-58.91,-58.66,-58.72,-58.69,-58.66,-58.66,-58.56,-58.44,-58.41,-58.56,-58.44,-58.5,-58.56,-58.6,-58.5,-58.53,-58.6,-58.35,-58.32,-58.38,-58.25,-58.32,-58.44,-58.38,-58.25,-58.16,-57.97,-57.97,-57.85,-57.82,-57.94,-57.69,-57.79,-57.79,-57.63,-57.88,-57.73,-57.79,-57.69,-57.63,-57.73,-57.66,-57.69,-57.66,-57.76,-57.66,-57.66,-57.6,-57.57,-57.6,-57.66,-57.6,-57.54,-57.32,-57.45,-57.41,-57.23,-57.26,-57.32,-57.32,-57.26,-57.04,-57.17,-56.95,-57.04,-57.26,-57.29,-57.07,-56.92,-56.95,-56.95,-57.07,-56.95,-56.79,-56.79,-56.64,-56.76,-56.61,-56.57,-56.73,-56.67,-56.54,-56.57,-56.64,-56.42,-56.61,-56.42,-56.45,-56.33,-56.17,-56.26,-56.36,-56.23,-56.36,-56.14,-55.92,-56.05,-56.11,-55.86,-55.95,-55.77,-55.67,-55.74,-55.64,-55.7,-55.64,-55.64,-55.61,-55.42,-55.3,-55.42,-55.27,-55.18,-55.15,-55.11,-55.05,-54.93,-54.93,-54.93,-54.62,-54.55,-54.55,-54.37,-54.27,-54.52,-54.46,-54.37,-54.21,-54.21,-54.31,-54.24,-54.15,-54.03,-53.78,-53.84,-53.34,-53.37,-53.47,-53.37,-53.25,-53.06,-52.91,-52.75,-52.63,-52.56,-52.07,-51.54,-50.73,-48.93,4.79,31.36,-6.22,-36.06,-54.24,-60.27,-62.54,-63.48,-63.63,-63.63,-63.66,-63.54,-63.57,-63.66,-63.57,-63.57,-63.57,-63.54,-63.6,-63.66,-63.63,-63.76,-63.72,-63.72,-63.91,-63.88,-63.91,-64.04,-63.94,-64.1,-64.07,-64.19,-64.25,-64.28,-64.22,-64.38,-64.38,-64.53,-64.47,-64.41,-64.5,-64.72,-64.69,-64.81,-64.75,-64.97,-64.87,-64.94,-65.06,-65.06,-65.06,-65.19,-65.12,-65.15,-65.22,-65.37,-65.4,-65.4,-65.31,-65.62,-65.62,-65.53,-65.47,-65.65,-65.68,-65.62,-65.71,-65.56,-65.62,-65.87,-65.75,-65.71,-65.84,-65.9,-65.99,-65.96,-65.99,-65.81,-66.06,-65.99,-66.09,-65.99,-66.02,-66.06,-65.87,-65.99,-65.9,-65.96,-66.02,-66.15,-66.06,-66.06,-66.15,-66.15,-66.18,-66.09,-66.24,-66.12,-66.18,-66.34,-66.24,-66.15,-66.21,-66.21,-66.27,-66.15,-66.18,-66.27,-66.24,-66.34,-66.4,-66.43,-66.49,-66.27,-66.46,-66.55,-66.43,-66.55,-66.58,-66.58,-66.71,-66.55,-66.65,-66.52,-66.65,-66.62,-66.58,-66.74,-66.62,-66.74,-66.74,-66.68,-66.77,-66.93,-66.8,-66.8,-66.8,-66.8,-66.74,-66.9,-66.9,-66.77,-66.8,-66.86,-66.96,-66.9,-66.9,-66.9,-66.96,-66.86,-66.96,-66.83,-66.8,-66.99,-66.99,-66.77,-66.9,-66.86,-66.99,-66.96,-66.86,-66.93,-66.96,-66.86,-66.83,-66.9,-66.74,-66.86,-66.74,-66.9,-66.68,-66.96,-66.74,-66.9,-66.77,-66.77,-66.77,-66.68,-66.71,-66.68,-66.68,-66.68,-66.65,-66.71,-66.68,-66.58,-66.65,-66.74,-66.62,-66.68,-66.68,-66.71,-66.58,-66.74,-66.65,-66.65,-66.62,-66.71,-66.74,-66.68,-66.65,-66.62,-66.4,-66.62,-66.49,-66.62,-66.55,-66.55,-66.55,-66.62,-66.58,-66.46,-66.68,-66.37,-66.49,-66.46,-66.52,-66.49,-66.49,-66.49,-66.52,-66.43,-66.37,-66.49,-66.4,-66.46,-66.43,-66.34,-66.34,-66.4,-66.24,-66.46,-66.18,-66.27,-66.3,-66.34,-66.34,-66.27,-66.34,-66.37,-66.49,-66.34,-66.27,-66.37,-66.27,-66.37,-66.34,-66.27,-66.27,-66.34,-66.27,-66.27,-66.49,-66.4,-66.4,-66.24,-66.4,-66.3,-66.34,-66.34,-66.34,-66.3,-66.34,-66.24,-66.12,-66.12,-66.18,-66.09,-66.06,-65.9,-65.99,-66.02,-66.15,-66.09,-65.99,-65.96,-65.9,-65.99,-65.99,-66.06,-65.84,-65.81,-65.87,-65.78,-65.87,-65.87,-65.9,-65.75,-65.81,-65.87,-65.93,-65.78,-65.65,-65.78,-65.75,-65.75,-65.65,-65.53,-65.53,-65.5,-65.47,-65.31,-65.19,-65.25,-65.28,-65.25,-65.19,-65.19,-65.25,-65.06,-65.09,-64.94,-65.09,-65.03,-65.09,-65.22,-65.0,-65.15,-65.12,-64.94,-65.09,-65.0,-65.19,-64.97,-65.12,-65.09,-65.03,-64.97,-65.06,-65.06,-65.06,-65.03,-65.09,-65.12,-65.12,-65.22,-65.09,-65.09,-65.09,-65.12,-65.06,-65.0,-65.15,-64.91,-64.87,-64.84,-65.0,-64.81,-64.87,-64.84,-64.78,-64.78,-64.72,-64.78,-64.72,-64.66,-64.63,-64.59,-64.56,-64.59,-64.53,-64.69,-64.59,-64.47,-64.38,-64.38,-64.38,-64.22,-64.44,-64.25,-64.22,-64.22,-64.25,-64.22,-64.25,-64.28,-64.07,-64.13,-64.19,-64.0,-64.25,-64.16,-64.1,-64.0,-64.04,-64.04,-64.07,-63.97,-63.97,-64.0,-64.07,-64.19,-63.97,-63.88,-63.91,-63.85,-63.91,-63.82,-63.85,-63.82,-63.79,-63.82,-63.82,-63.82,-63.88,-63.88,-63.91,-63.85,-63.82,-64.07,-63.88,-63.88,-63.72,-63.88,-63.82,-63.82,-63.82,-63.94,-63.82,-63.85,-63.91,-63.82,-63.85,-63.72,-63.85,-63.66,-63.79,-63.85,-63.63,-63.76,-63.76,-63.69,-63.76,-63.72,-63.76,-63.79,-63.82,-63.91,-63.85,-63.79,-63.76,-63.72,-63.69,-63.69,-63.79,-63.76,-63.85,-63.76,-63.82,-63.79,-63.82,-63.63,-63.66,-63.54,-63.6,-63.69,-63.66,-63.72,-63.54,-63.69,-63.69,-63.54,-63.54,-63.6,-63.41,-63.35,-63.38,-63.32,-63.35,-63.1,-63.17,-63.2,-63.13,-63.04,-62.98,-62.98,-62.98,-63.01,-62.73,-62.85,-62.85,-62.85,-62.7,-62.76,-62.76,-62.73,-62.57,-62.61,-62.64,-62.76,-62.73,-62.7,-62.54,-62.64,-62.67,-62.51,-62.51,-62.61,-62.42,-62.61,-62.29,-62.33,-62.51,-62.48,-62.42,-62.54,-62.42,-62.42,-62.61,-62.36,-62.36,-62.29,-62.45,-62.42,-62.48,-62.42,-62.39,-62.45,-62.36,-62.29,-62.23,-62.26,-62.39,-62.23,-62.29,-62.2,-62.08,-62.23,-62.2,-62.29,-62.17,-62.2,-62.14,-62.2,-62.26,-62.14,-62.11,-62.23,-62.23,-62.14,-62.14,-62.11,-62.11,-62.17,-62.2,-62.05,-62.14,-62.14,-62.08,-62.08,-62.14,-62.14,-62.17,-62.26,-62.23,-62.14,-62.17,-62.29,-62.33,-62.2,-62.26,-62.14,-62.23,-62.17,-62.08,-62.17,-61.98,-61.92,-62.11,-62.17,-62.01,-62.14,-62.05,-62.05,-61.89,-61.92,-62.05,-62.08,-61.98,-61.86,-61.83,-61.83,-61.8,-61.8,-61.8,-61.89,-61.89,-61.86,-61.89,-61.77,-62.01,-61.92,-62.01,-61.92,-61.74,-61.89,-61.74,-61.83,-61.77,-61.8,-61.8,-61.86,-61.83,-61.89,-61.95,-61.8,-61.74,-61.7,-61.8,-61.7,-61.58,-61.58,-61.67,-61.7,-61.7,-61.64,-61.55,-61.7,-61.61,-61.61,-61.7,-61.64,-61.55,-61.61,-61.55,-61.42,-61.64,-61.52,-61.58,-61.58,-61.52,-61.64,-61.64,-61.49,-61.49,-61.61,-61.39,-61.52,-61.33,-61.49,-61.49,-61.42,-61.46,-61.58,-61.39,-61.33,-61.55,-61.52,-61.55,-61.49,-61.52,-61.42,-61.52,-61.46,-61.33,-61.39,-61.18,-61.18,-61.27,-61.18,-61.36,-61.21,-61.33,-61.24,-61.18,-61.11,-61.14,-61.14,-61.02,-61.02,-61.05,-61.08,-60.86,-60.99,-60.8,-60.8,-60.9,-60.86,-61.02,-60.93,-60.8,-60.86,-60.77,-60.68,-60.77,-60.9,-60.93,-60.86,-60.86,-60.93,-60.83,-61.02,-60.9,-60.83,-60.9,-60.74,-60.9,-60.93,-60.86,-60.86,-60.9,-60.83,-60.9,-60.99,-60.93,-60.9,-60.93,-60.99,-60.96,-60.99,-60.8,-60.9,-60.93,-60.83,-60.83,-60.77,-60.9,-60.83,-60.74,-60.83,-60.8,-60.71,-60.71,-60.74,-60.71,-60.86,-60.77,-60.74,-60.8,-60.65,-60.65,-60.68,-60.71,-60.68,-60.74,-60.77,-60.65,-60.77,-60.77,-60.83,-60.8,-60.8,-60.93,-60.74,-60.8,-60.8,-60.83,-60.86,-60.74,-60.77,-60.74,-60.83,-60.8,-60.9,-60.68,-60.62,-60.74,-60.77,-60.77,-60.74,-60.86,-60.9,-60.83,-60.86,-60.86,-60.77,-60.8,-60.86,-60.86,-60.83,-60.83,-60.83,-60.86,-60.93,-60.8,-60.83,-60.93,-60.86,-60.9,-60.9,-60.86,-60.9,-60.96,-60.74,-60.93,-60.9,-60.83,-60.8,-60.86,-60.86,-60.8,-60.86,-60.68,-60.83,-60.8,-60.9,-60.8,-60.86,-60.9,-60.83,-60.86,-60.86,-60.74,-61.05,-60.8,-60.83,-60.86,-60.77,-60.86,-60.9,-60.8,-60.93,-60.96,-60.83,-60.93,-60.83,-60.96,-60.93,-60.9,-60.93,-60.83,-60.86,-60.86,-60.86,-60.65,-60.65,-60.68,-60.8,-60.86,-60.77,-60.86,-60.8,-60.65,-60.65,-60.65,-60.65,-60.74,-60.49,-60.52,-60.65,-60.62,-60.62,-60.62,-60.58,-60.62,-60.77,-60.68,-60.68,-60.8,-60.65,-60.74,-60.68,-60.77,-60.65,-60.55,-60.49,-60.62,-60.52,-60.58,-60.58,-60.55,-60.58,-60.65,-60.62,-60.55,-60.52,-60.49,-60.52,-60.4,-60.58,-60.58,-60.65,-60.55,-60.62,-60.62,-60.58,-60.49,-60.62,-60.49,-60.49,-60.34,-60.4,-60.4,-60.24,-60.24,-60.4,-60.52,-60.43,-60.46,-60.46,-60.49,-60.34,-60.4,-60.37,-60.43,-60.34,-60.37,-60.34,-60.4,-60.37,-60.43,-60.37,-60.09,-60.24,-60.4,-60.34,-60.37,-60.4,-60.24,-60.27,-60.34,-60.37,-60.31,-60.4,-60.37,-60.4,-60.37,-60.43,-60.24,-60.27,-60.37,-60.4,-60.21,-60.15,-60.15,-60.43,-60.24,-60.37,-60.27,-60.21,-60.21,-60.31,-60.31,-60.34,-60.31,-60.37,-60.34,-60.27,-60.37,-60.34,-60.34,-60.24,-60.24,-60.21,-60.27,-60.4,-60.46,-60.4,-60.37,-60.4,-60.46,-60.27,-60.49,-60.52,-60.46,-60.34,-60.58,-60.43,-60.52,-60.4,-60.49,-60.37,-60.4,-60.18,-60.34,-60.37,-60.49,-60.31,-60.37,-60.37,-60.4,-60.4,-60.27,-60.18,-60.21,-60.31,-60.21,-60.4,-60.21,-60.18,-60.15,-60.21,-60.34,-60.09,-60.12,-60.24,-60.15,-60.31,-60.21,-60.12,-60.12,-60.21,-59.99,-60.06,-60.15,-60.09,-59.99,-60.18,-60.12,-60.09,-60.09,-60.15,-60.15,-60.09,-60.06,-59.93,-60.12,-60.12,-60.12,-60.21,-60.06,-60.03,-60.24,-60.18,-60.31,-60.34,-60.21,-60.21,-60.18,-60.15,-60.21,-60.09,-60.21,-60.21,-60.34,-60.24,-60.21,-60.06,-60.21,-60.06,-60.06,-60.15,-60.24,-60.24,-60.27,-60.18,-60.31,-60.4,-60.27,-60.27,-60.34,-60.4,-60.4,-60.37,-60.31,-60.31,-60.43,-60.43,-60.37,-60.37,-60.31,-60.43,-60.37,-60.43,-60.34,-60.24,-60.27,-60.27,-60.31,-60.27,-60.27,-60.24,-60.27,-60.18,-60.15,-60.15,-60.18,-60.34,-60.12,-60.21,-60.21,-60.15,-60.15,-60.21,-60.18,-60.12,-60.18,-60.18,-60.27,-60.21,-60.18,-60.21,-60.27,-60.31,-60.24,-60.21,-60.24,-60.12,-60.24,-60.21,-60.31,-60.34,-60.24,-60.15,-60.27,-60.27,-60.15,-60.24,-60.24,-60.15,-60.27,-60.15,-60.09,-60.12,-60.18,-60.21,-60.18,-60.18,-60.31,-60.24,-60.21,-60.12,-60.18,-60.34,-60.21,-60.18,-60.24,-60.24,-60.34,-60.21,-60.15,-60.18,-60.24,-60.24,-60.31,-60.49,-60.4,-60.4,-60.46,-60.4,-60.43,-60.34,-60.34,-60.34,-60.37,-60.34,-60.43,-60.27,-60.49,-60.4,-60.43,-60.43,-60.37,-60.46,-60.52,-60.55,-60.55,-60.55,-60.52,-60.43,-60.52,-60.58,-60.34,-60.55,-60.58,-60.68,-60.8,-60.68,-60.58,-60.68,-60.68,-60.71,-60.62,-60.58,-60.62,-60.62,-60.62,-60.65,-60.52,-60.55,-60.62,-60.58,-60.52,-60.58,-60.65,-60.55,-60.52,-60.58,-60.62,-60.68,-60.62,-60.62,-60.49,-60.55,-60.55,-60.55,-60.8,-60.62,-60.65,-60.52,-60.52,-60.43,-60.43,-60.4,-60.49,-60.4,-60.4,-60.4,-60.37,-60.31,-60.31,-60.4,-60.24,-60.43,-60.58,-60.49,-60.58,-60.49,-60.46,-60.52,-60.65,-60.43,-60.65,-60.58,-60.71,-60.65,-60.65,-60.74,-60.68,-60.65,-60.55,-60.58,-60.71,-60.77,-60.8,-60.68,-60.74,-60.8,-60.68,-60.58,-60.71,-60.68,-60.58,-60.8,-60.68,-60.77,-60.8,-60.74,-60.77,-60.77,-60.62,-60.83,-60.8,-60.9,-60.9,-60.86,-60.8,-60.93,-60.9,-60.77,-60.77,-60.83,-60.96,-60.9,-60.83,-60.99,-60.83,-60.86,-60.96,-60.99,-60.99,-60.99,-60.9,-61.02,-60.83,-60.9,-60.99,-61.02,-60.96,-60.86,-60.8,-60.77,-60.83,-60.77,-60.9,-60.86,-60.93,-60.86,-60.99,-61.02,-60.86,-60.9,-60.83,-60.83,-60.9,-60.93,-60.68,-60.9,-60.74,-60.86,-60.8,-60.83,-60.77,-60.8,-60.96,-60.74,-60.9,-60.74,-60.71,-60.77,-60.77,-60.74,-60.9,-60.93,-60.96,-60.93,-60.99,-60.9,-61.02,-61.05,-60.83,-60.86,-60.93,-60.99,-61.05,-61.11,-60.93,-60.93,-60.99,-60.99,-60.9,-60.86,-60.86,-60.86,-60.9,-60.9,-61.02,-60.93,-60.96,-60.83,-60.96,-60.83,-60.83,-60.83,-60.86,-60.9,-60.93,-60.99,-60.93,-60.99,-60.9,-61.08,-60.96,-60.93,-60.86,-60.99,-60.93,-61.05,-60.8,-61.02,-60.86,-61.08,-60.9,-61.11,-61.02,-61.05,-61.08,-61.14,-61.08,-61.14,-61.14,-61.18,-61.18,-61.11,-61.21,-61.14,-61.08,-61.14,-61.24,-61.21,-61.24,-61.18,-61.11,-61.14,-61.27,-61.21,-61.27,-61.21,-61.33,-61.14,-61.27,-61.08,-61.14,-61.18,-61.14,-61.05,-61.14,-61.18,-61.18,-61.08,-61.27,-61.21,-61.08,-61.24,-61.14,-61.24,-61.14,-61.05,-61.18,-61.18,-61.08,-61.24,-61.3,-61.05,-61.11,-61.08,-61.11,-61.27,-61.18,-61.18,-61.18,-61.21,-61.21,-61.3,-61.08,-61.14,-61.21,-61.08,-61.24,-61.18,-61.14,-61.3,-61.08,-61.11,-61.21,-61.33,-61.18,-61.21,-61.27,-61.3,-61.11,-61.21,-61.27,-61.18,-61.27,-61.18,-61.21,-61.18,-61.18,-61.14,-61.18,-61.18,-61.3,-61.18,-61.08,-61.24,-61.39,-61.21,-61.27,-61.33,-61.3,-61.42,-61.27,-61.21,-61.21,-61.36,-61.11,-61.18,-61.24,-61.24,-61.36,-61.36,-61.18,-61.08,-61.3,-61.18,-61.24,-61.3,-61.33,-61.27,-61.14,-61.36,-61.33,-61.24,-61.24,-61.24,-61.36,-61.36,-61.24,-61.27,-61.24,-61.33,-61.24,-61.27,-61.24,-61.27,-61.11,-61.11,-61.11,-61.18,-61.11,-61.18,-61.27,-61.21,-61.14,-61.18,-61.3,-61.27,-61.21,-61.3,-61.21,-61.24,-61.27,-61.27,-61.33,-61.3,-61.21,-61.36,-61.39,-61.21,-61.33,-61.24,-61.36,-61.42,-61.39,-61.27,-61.27,-61.33,-61.39,-61.36,-61.33,-61.33,-61.42,-61.52,-61.49,-61.49,-61.55,-61.58,-61.49,-61.58,-61.52,-61.52,-61.55,-61.49,-61.52,-61.58,-61.67,-61.58,-61.77,-61.61,-61.61,-61.74,-61.61,-61.7,-61.77,-61.74,-61.77,-61.7,-61.77,-61.67,-61.67,-61.8,-61.58,-61.77,-61.77,-61.89,-61.8,-61.92,-61.86,-61.74,-61.61,-61.67,-61.83,-61.77,-61.61,-61.7,-61.74,-61.67,-61.64,-61.8,-61.7,-61.74,-61.74,-61.74,-61.77,-61.74,-61.67,-61.74,-61.61,-61.67,-61.67,-61.8,-61.8,-61.74,-61.7,-61.77,-61.77,-61.8,-61.8,-61.86,-61.92,-61.89,-61.89,-61.89,-61.98,-61.89,-61.7,-61.89,-61.83,-61.83,-61.7,-61.8,-61.89,-61.95,-61.95,-61.77,-61.67,-61.83,-61.77,-61.8,-61.67,-61.58,-61.61,-61.55,-61.55,-61.64,-61.64,-61.77,-61.64,-61.61,-61.64,-61.64,-61.7,-61.77,-61.83,-61.8,-61.77,-61.8,-61.8,-61.92,-61.86,-61.8,-61.77,-61.86,-61.89,-61.92,-61.89,-61.95,-62.01,-62.05,-61.86,-61.83,-62.11,-61.89,-61.77,-61.92,-62.01,-62.05,-62.14,-62.17,-62.01,-62.05,-61.98,-61.98,-61.89,-61.98,-62.05,-62.05,-62.2,-62.2,-62.2,-62.11,-62.11,-62.2,-62.11,-62.17,-62.17,-62.17,-62.26,-62.17,-62.08,-62.14,-62.05,-61.98,-62.01,-62.08,-62.17,-62.11,-62.01,-62.2,-62.11,-62.08,-62.14,-62.26,-62.14,-62.39,-62.29,-62.26,-62.51,-62.26,-62.33,-62.2,-62.33,-62.39,-62.2,-62.26,-62.26,-62.33,-62.23,-62.26,-62.39,-62.33,-62.2,-62.26,-62.26,-62.23,-62.36,-62.36,-62.26,-62.23,-62.26,-62.2,-62.36,-62.26,-62.2,-62.14,-62.29,-62.29,-62.36,-62.17,-62.23,-62.29,-62.14,-62.23,-62.33,-62.33,-62.36,-62.26,-62.29,-62.39,-62.26,-62.36,-62.39,-62.42,-62.36,-62.48,-62.42,-62.45,-62.48,-62.42,-62.42,-62.42,-62.42,-62.51,-62.42,-62.54,-62.51,-62.57,-62.54,-62.57,-62.45,-62.64,-62.57,-62.61,-62.64,-62.64,-62.51,-62.67,-62.51,-62.51,-62.57,-62.51,-62.57,-62.61,-62.61,-62.67,-62.51,-62.67,-62.7,-62.67,-62.76,-62.61,-62.76,-62.64,-62.7,-62.67,-62.7,-62.7,-62.7,-62.67,-62.67,-62.61,-62.57,-62.64,-62.42,-62.51,-62.51,-62.45,-62.42,-62.51,-62.42,-62.54,-62.33,-62.33,-62.39,-62.48,-62.51,-62.57,-62.42,-62.33,-62.33,-62.33,-62.42,-62.29,-62.23,-62.29,-62.2,-62.23,-62.33,-62.29,-62.33,-62.26,-62.39,-62.36,-62.45,-62.29,-62.23,-62.36,-62.29,-62.29,-62.39,-62.26,-62.26,-62.23,-62.23,-62.33,-62.33,-62.39,-62.42,-62.51,-62.42,-62.39,-62.42,-62.48,-62.42,-62.54,-62.57,-62.61,-62.73,-62.64,-62.73,-62.67,-62.76,-62.82,-62.85,-62.92,-62.82,-62.95,-63.13,-63.1,-63.07,-63.07,-63.17,-63.17,-63.13,-63.1,-63.07,-63.13,-63.2,-63.26,-63.29,-63.17,-63.32,-63.26,-63.17,-63.17,-63.29,-63.26,-63.26,-63.35,-63.26,-63.29,-63.35,-63.41,-63.35,-63.35,-63.41,-63.32,-63.29,-63.48,-63.38,-63.38,-63.44,-63.44,-63.54,-63.54,-63.54,-63.51,-63.66,-63.69,-63.88,-63.72,-63.79,-63.79,-63.72,-63.79,-63.79,-63.88,-63.85,-63.85,-63.85,-63.97,-64.07,-63.91,-63.91,-63.97,-63.85,-63.94,-64.0,-63.88,-64.0,-63.97,-64.19,-64.07,-64.04,-64.19,-64.19,-64.1,-63.91,-64.1,-64.13,-64.1,-64.22,-64.16,-64.19,-64.19,-64.1,-64.13,-64.16,-64.25,-64.04,-64.07,-64.16,-64.13,-64.16,-64.16,-64.19,-64.38,-64.22,-64.16,-64.22,-64.22,-64.19,-64.38,-64.35,-64.25,-64.35,-64.25,-64.28,-64.32,-64.35,-64.41,-64.38,-64.41,-64.32,-64.41,-64.32,-64.35,-64.5,-64.5,-64.32,-64.38,-64.5,-64.35,-64.38,-64.38,-64.63,-64.32,-64.56,-64.53,-64.56,-64.59,-64.66,-64.5,-64.41,-64.63,-64.47,-64.56,-64.63,-64.5,-64.56,-64.53,-64.41,-64.56,-64.63,-64.66,-64.53,-64.66,-64.66,-64.56,-64.75,-64.72,-64.84,-64.81,-64.81,-64.78,-64.75,-64.63,-64.78,-64.69,-64.81,-64.75,-64.59,-64.78,-64.78,-64.84,-64.78,-64.78,-64.63,-64.69,-64.75,-64.78,-64.78,-64.75,-64.66,-64.75,-64.69,-64.78,-64.87,-64.66,-64.78,-64.72,-64.78,-64.81,-64.75,-64.78,-64.84,-64.87,-64.87,-64.84,-64.87,-64.84,-64.78,-64.84,-65.0,-64.84,-64.91,-64.91,-64.91,-64.94,-65.06,-65.03,-64.97,-65.0,-65.03,-64.91,-64.91,-64.94,-64.91,-64.97,-64.91,-65.0,-64.97,-65.0,-64.97,-65.12,-65.03,-64.97,-64.94,-65.03,-64.97,-64.87,-65.12,-65.03,-65.09,-65.03,-64.97,-64.97,-64.87,-65.09,-64.91,-64.94,-64.87,-64.91,-64.84,-65.0,-64.81,-64.91,-64.87,-64.81,-65.03,-64.87,-64.91,-64.97,-64.91,-64.97,-64.94,-64.91,-65.03,-65.09,-64.97,-64.91,-65.03,-64.97,-64.94,-65.0,-64.97,-64.81,-65.03,-64.97,-64.94,-64.91,-64.87,-64.97,-65.03,-64.87,-64.91,-64.87,-64.91,-64.84,-64.97,-64.97,-65.03,-65.0,-65.06,-64.91,-64.91,-65.06,-64.97,-64.97,-64.94,-65.03,-65.03,-64.97,-65.06,-65.03,-65.12,-64.87,-65.03,-65.0,-65.0,-65.12,-65.12,-65.03,-64.97,-65.03,-65.12,-65.03,-65.15,-65.25,-65.31,-65.25,-65.06,-65.22,-65.12,-65.15,-65.22,-65.22,-65.19,-65.28,-65.19,-65.25,-65.37,-65.25,-65.15,-65.22,-65.12,-65.09,-65.19,-65.19,-65.15,-65.22,-65.12,-65.15,-65.25,-65.19,-65.12,-65.19,-65.15,-65.22,-65.19,-65.19,-65.19,-65.12,-65.19,-65.22,-65.12,-65.15,-65.22,-65.09,-65.22,-65.19,-65.22,-65.12,-65.19,-65.15,-65.19,-65.19,-65.19,-65.25,-65.22,-65.09,-65.25,-65.31,-65.19,-65.25,-65.31,-65.28,-65.22,-65.31,-65.28,-65.22,-65.37,-65.25,-65.15,-65.15,-65.31,-65.22,-65.22,-65.22,-65.28,-65.31,-65.37,-65.37,-65.31,-65.34,-65.47,-65.28,-65.4,-65.4,-65.4,-65.28,-65.43,-65.37,-65.53,-65.37,-65.34,-65.53,-65.37,-65.4,-65.53,-65.47,-65.31,-65.5,-65.37,-65.43,-65.59,-65.37,-65.56,-65.59,-65.56,-65.53,-65.5,-65.56,-65.56,-65.65,-65.56,-65.59,-65.59,-65.65,-65.56,-65.53,-65.53,-65.59,-65.56,-65.75,-65.59,-65.65,-65.62,-65.47,-65.53,-65.59,-65.53,-65.68,-65.59,-65.53,-65.62,-65.5,-65.53,-65.5,-65.62,-65.47,-65.59,-65.56,-65.53,-65.59,-65.5,-65.56,-65.59,-65.62,-65.71,-65.53,-65.56,-65.71,-65.59,-65.53,-65.62,-65.65,-65.62,-65.62,-65.56,-65.65,-65.59,-65.59,-65.56,-65.68,-65.53,-65.65,-65.59,-65.56,-65.47,-65.62,-65.71,-65.65,-65.56,-65.62,-65.62,-65.53,-65.71,-65.53,-65.53,-65.68,-65.62,-65.56,-65.65,-65.75,-65.68,-65.59,-65.65,-65.71,-65.65,-65.62,-65.62,-65.68,-65.75,-65.65,-65.56,-65.53,-65.5,-65.56,-65.53,-65.59,-65.56,-65.56,-65.75,-65.59,-65.68,-65.62,-65.68,-65.71,-65.71,-65.78,-65.81,-65.75,-65.65,-65.81,-65.75,-65.75,-65.84,-65.68,-65.78,-65.81,-65.75,-65.71,-65.65,-65.68,-65.75,-65.81,-65.78,-65.71,-65.68,-65.75,-65.75,-65.71,-65.71,-65.78,-65.59,-65.65,-65.59,-65.65,-65.59,-65.71,-65.59,-65.59,-65.65,-65.56,-65.71,-65.59,-65.62,-65.56,-65.56,-65.5,-65.5,-65.59,-65.4,-65.53,-65.37,-65.37,-65.4,-65.4,-65.47,-65.4,-65.4,-65.53,-65.4,-65.37,-65.37,-65.37,-65.37,-65.28,-65.47,-65.31,-65.31,-65.15,-65.19,-65.25,-65.4,-65.28,-65.31,-65.31,-65.31,-65.15,-65.12,-65.19,-65.19,-65.09,-65.06,-65.0,-65.03,-65.22,-65.06,-65.15,-65.0,-65.15,-65.12,-65.09,-65.06,-65.09,-65.06,-65.09,-64.97,-65.09,-65.06,-65.12,-65.06,-65.12,-65.22,-65.34,-65.19,-65.31,-65.15,-65.12,-65.19,-65.15,-65.12,-65.15,-65.12,-65.0,-65.19,-65.06,-64.94,-64.87,-65.09,-64.87,-65.09,-65.06,-64.97,-64.94,-65.0,-64.87,-64.91,-64.97,-64.84,-64.84,-64.81,-64.75,-64.84,-64.59,-64.78,-64.75,-64.72,-64.72,-64.75,-64.81,-64.78,-64.84,-64.75,-64.69,-64.72,-64.72,-64.69,-64.72,-64.75,-64.75,-64.63,-64.66,-64.63,-64.63,-64.56,-64.59,-64.66,-64.53,-64.59,-64.59,-64.72,-64.63,-64.5,-64.59,-64.5,-64.72,-64.56,-64.56,-64.5,-64.47,-64.59,-64.53,-64.5,-64.56,-64.5,-64.53,-64.53,-64.63,-64.59,-64.53,-64.5,-64.53,-64.41,-64.47,-64.32,-64.41,-64.53,-64.35,-64.47,-64.38,-64.47,-64.41,-64.47,-64.47,-64.35,-64.41,-64.41,-64.32,-64.38,-64.47,-64.35,-64.28,-64.59,-64.53,-64.5,-64.38,-64.5,-64.53,-64.41,-64.59,-64.41,-64.38,-64.5,-64.35,-64.28,-64.25,-64.32,-64.41,-64.32,-64.25,-64.32,-64.38,-64.1,-64.16,-64.04,-64.1,-64.1,-64.04,-64.22,-64.16,-64.0,-63.97,-64.0,-64.13,-64.1,-63.91,-64.13,-63.82,-63.91,-63.82,-63.88,-63.82,-63.82,-63.85,-63.76,-63.72,-63.79,-63.79,-63.66,-63.79,-63.66,-63.63,-63.6,-63.63,-63.69,-63.57,-63.72,-63.72,-63.69,-63.69,-63.63,-63.79,-63.57,-63.63,-63.66,-63.6,-63.63,-63.54,-63.57,-63.6,-63.66,-63.63,-63.63,-63.54,-63.54,-63.66,-63.63,-63.54,-63.63,-63.63,-63.57,-63.54,-63.57,-63.6,-63.54,-63.57,-63.41,-63.51,-63.54,-63.51,-63.54,-63.44,-63.54,-63.51,-63.38,-63.66,-63.51,-63.57,-63.63,-63.63,-63.63,-63.57,-63.72,-63.6,-63.66,-63.85,-63.82,-63.76,-63.69,-63.79,-63.85,-63.76,-63.54,-63.63,-63.69,-63.72,-63.72,-63.79,-63.69,-63.79,-63.82,-63.69,-63.85,-63.66,-63.79,-63.82,-63.76,-63.72,-63.76,-63.69,-63.69,-63.72,-63.76,-63.69,-63.66,-63.79,-63.76,-63.76,-63.79,-63.72,-63.72,-63.6,-63.72,-63.51,-63.76,-63.66,-63.69,-63.72,-63.69,-63.6,-63.6,-63.66,-63.66,-63.57,-63.66,-63.69,-63.69,-63.72,-63.66,-63.79,-63.76,-63.76,-63.72,-63.76,-63.79,-63.88,-63.76,-63.79,-63.76,-63.82,-63.72,-63.76,-63.69,-63.6,-63.6,-63.72,-63.69,-63.72,-63.66,-63.66,-63.76,-63.63,-63.63,-63.76,-63.57,-63.69,-63.76,-63.66,-63.79,-63.69,-63.66,-63.66,-63.54,-63.79,-63.63,-63.6,-63.66,-63.72,-63.79,-63.69,-63.82,-63.57,-63.72,-63.72,-63.63,-63.72,-63.66,-63.6,-63.79,-63.76,-63.76,-63.76,-63.63,-63.76,-63.69,-63.66,-63.72,-63.63,-63.69,-63.72,-63.82,-63.76,-63.63,-63.76,-63.69,-63.69,-63.82,-63.85,-63.72,-63.57,-63.54,-63.63,-63.66,-63.63,-63.69,-63.69,-63.51,-63.48,-63.57,-63.69,-63.57,-63.6,-63.63,-63.69,-63.72,-63.69,-63.6,-63.63,-63.57,-63.6,-63.6,-63.6,-63.66,-63.76,-63.69,-63.54,-63.76,-63.72,-63.48,-63.66,-63.69,-63.63,-63.57,-63.6,-63.69,-63.35,-63.66,-63.66,-63.72,-63.51,-63.72,-63.66,-63.54,-63.51,-63.6,-63.63,-63.66,-63.72,-63.66,-63.76,-63.72,-63.79,-63.72,-63.76,-63.79,-63.82,-63.76,-63.76,-63.72,-63.76,-63.79,-63.66,-63.79,-63.79,-63.88,-63.66,-63.76,-63.82,-63.72,-63.66,-63.76,-63.76,-63.79,-63.76,-63.76,-63.82,-63.72,-63.85,-63.76,-63.69,-63.94,-63.91,-63.82,-63.76,-63.91,-63.82,-63.85,-63.79,-63.88,-63.91,-63.79,-63.82,-63.63,-63.72,-63.72,-63.79,-63.82,-63.79,-63.69,-63.79,-63.76,-63.72,-63.69,-63.6,-63.72,-63.66,-63.82,-63.69,-63.76,-63.69,-63.76,-63.69,-63.66,-63.79,-63.66,-63.63,-63.6,-63.66,-63.66,-63.54,-63.54,-63.57,-63.6,-63.6,-63.44,-63.69,-63.72,-63.69,-63.54,-63.69,-63.76,-63.69,-63.66,-63.79,-63.72,-63.94,-63.69,-63.69,-63.88,-63.79,-63.69,-63.72,-63.69,-63.66,-63.66,-63.72,-63.63,-63.76,-63.66,-63.72,-63.79,-63.63,-63.63,-63.66,-63.76,-63.66,-63.72,-63.82,-63.69,-63.76,-63.79,-63.63,-63.72,-63.69,-63.66,-63.82,-63.76,-63.76,-63.69,-63.88,-63.76,-63.91,-63.85,-63.69,-63.82,-63.91,-63.88,-63.97,-64.0,-64.04,-64.04,-63.94,-64.16,-63.97,-64.07,-64.13,-64.1,-64.1,-64.1,-64.1,-64.1,-64.0,-64.1,-64.04,-64.07,-64.13,-64.1,-64.13,-64.16,-64.1,-64.04,-64.0,-63.97,-64.13,-64.07,-63.97,-64.1,-64.1,-64.0,-64.04,-64.07,-64.07,-64.04,-64.04,-64.07,-63.94,-63.97,-64.07,-63.97,-63.88,-64.0,-64.0,-63.91,-63.91,-63.97,-63.91,-63.94,-63.82,-63.85,-63.91,-63.91,-63.79,-63.82,-63.85,-63.76,-63.91,-63.91,-63.79,-63.88,-63.94,-63.79,-63.94,-63.69,-63.69,-63.76,-63.88,-63.76,-63.91,-63.85,-63.91,-64.0,-63.94,-63.94,-63.26,-64.0,-63.88,-63.88,-63.97,-63.91,-63.91,-64.07,-63.82,-63.88,-63.91,-63.79,-63.97,-63.91,-63.97,-63.91,-63.91,-63.82,-63.88,-63.91,-63.97,-64.0,-64.0,-64.0,-64.0,-63.88,-63.97,-63.97,-64.07,-63.91,-64.0,-63.94,-63.97,-63.97,-63.85,-63.85,-63.85,-63.91,-64.0,-63.85,-63.91,-64.04,-63.97,-63.94,-63.88,-63.82,-63.94,-63.94,-63.88,-63.85,-63.94,-63.82,-63.79,-63.91,-63.85,-63.82,-63.88,-63.88,-63.88,-63.85,-63.82,-63.82,-63.82,-63.76,-63.72,-63.66,-63.57,-63.6,-63.63,-63.69,-63.66,-63.57,-63.63,-63.69,-63.51,-63.66,-63.6,-63.66,-63.57,-63.51,-63.57,-63.54,-63.63,-63.57,-63.48,-63.54,-63.6,-63.57,-63.6,-63.48,-63.63,-63.63,-63.54,-63.48,-63.48,-63.51,-63.66,-63.63,-63.66,-63.76,-63.69,-63.48,-63.57,-63.57,-63.54,-63.6,-63.66,-63.54,-63.51,-63.54,-63.6,-63.57,-63.57,-63.48,-63.51,-63.54,-63.51,-63.57,-63.51,-63.41,-63.63,-63.63,-63.54,-63.63,-63.51,-63.66,-63.51,-63.66,-63.6,-63.6,-63.51,-63.72,-63.63,-63.76,-63.63,-63.69,-63.72,-63.57,-63.69,-63.54,-63.51,-63.63,-63.48,-63.57,-63.72,-63.54,-63.32,-63.41,-63.41,-63.41,-63.35,-63.57,-63.41,-63.35,-63.41,-63.38,-63.29,-63.23,-63.29,-63.23,-63.35,-63.35,-63.35,-63.29,-63.26,-63.29,-63.38,-63.26,-63.38,-63.32,-63.38,-63.2,-63.23,-63.41,-63.32,-63.29,-63.35,-63.32,-63.17,-63.29,-63.38,-63.38,-63.32,-63.35,-63.32,-63.29,-63.35,-63.29,-63.41,-63.32,-63.29,-63.29,-63.32,-63.41,-63.35,-63.41,-63.35,-63.35,-63.38,-63.32,-63.38,-63.35,-63.32,-63.35,-63.41,-63.26,-63.48,-63.48,-63.54,-63.51,-63.54,-63.54,-63.57,-63.69,-63.44,-63.57,-63.57,-63.51,-63.63,-63.57,-63.57,-63.38,-63.41,-63.57,-63.57,-63.51,-63.6,-63.54,-63.6,-63.63,-63.51,-63.57,-63.6,-63.66,-63.72,-63.72,-63.76,-63.66,-63.6,-63.63,-63.69,-63.69,-63.72,-63.85,-63.76,-63.69,-63.85,-63.72,-63.76,-63.79,-63.66,-63.72,-63.72,-63.66,-63.72,-63.48,-63.57,-63.63,-63.6,-63.66,-63.57,-63.69,-63.63,-63.48,-63.66,-63.63,-63.57,-63.6,-63.69,-63.66,-63.69,-63.66,-63.66,-63.63,-63.63,-63.79,-63.57,-63.57,-63.72,-63.51,-63.57,-63.69,-63.72,-63.76,-63.69,-63.69,-63.63,-63.69,-63.69,-63.72,-63.69,-63.6,-63.51,-63.57,-63.63,-63.76,-63.6,-63.57,-63.72,-63.69,-63.66,-63.69,-63.69,-63.69,-63.69,-63.57,-63.57,-63.69,-63.63,-63.57,-63.6,-63.66,-63.63,-63.66,-63.69,-63.57,-63.76,-63.79,-63.72,-63.69,-63.79,-63.76,-63.85,-63.88,-63.79,-63.88,-63.69,-63.76,-63.79,-63.69,-63.85,-63.72,-63.69,-63.69,-63.76,-63.72,-63.66,-63.72,-63.66,-63.72,-63.6,-63.54,-63.76,-63.72,-63.54,-63.69,-63.72,-63.63,-63.66,-63.57,-63.6,-63.57,-63.48,-63.54,-63.54,-63.69,-63.63,-63.63,-63.69,-63.63,-63.66,-63.69,-63.6,-63.57,-63.51,-63.54,-63.44,-63.57,-63.51,-63.51,-63.57,-63.54,-63.48,-63.69,-63.6,-63.66,-63.66,-63.69,-63.76,-63.66,-63.6,-63.57,-63.69,-63.69,-63.76,-63.69,-63.57,-63.72,-63.76,-63.79,-63.72,-63.69,-63.66,-63.79,-63.82,-63.76,-63.72,-63.69,-63.69,-63.69,-63.69,-63.6,-63.6,-63.66,-63.57,-63.54,-63.72,-63.57,-63.6,-63.6,-63.72,-63.76,-63.66,-63.69,-63.72,-63.69,-63.63,-63.76,-63.76,-63.66,-63.79,-63.72,-63.69,-63.82,-63.76,-63.66,-63.69,-63.82,-63.69,-63.76,-63.69
Sweep_18,-27.0,-62.95,-63.01,-62.82,-63.01,-62.92,-62.79,-62.89,-62.82,-62.85,-62.92,-62.95,-63.04,-62.85,-62.89,-62.89,-63.07,-62.92,-63.01,-63.04,-63.04,-63.01,-62.98,-63.1,-63.1,-63.2,-63.17,-63.01,-63.07,-63.23,-62.95,-63.07,-62.98,-63.07,-63.04,-63.13,-63.17,-63.04,-63.07,-63.1,-62.98,-63.04,-62.92,-62.95,-62.85,-62.98,-62.95,-63.01,-63.01,-63.04,-62.95,-63.07,-62.92,-63.01,-62.98,-62.95,-63.04,-63.01,-62.98,-62.98,-63.04,-62.92,-63.13,-63.04,-63.07,-63.1,-62.82,-63.1,-63.04,-63.04,-62.92,-63.13,-63.17,-63.2,-63.2,-63.13,-63.2,-63.17,-63.04,-63.07,-63.1,-63.17,-63.1,-63.17,-63.1,-63.04,-63.17,-63.07,-63.13,-63.04,-63.23,-63.13,-63.32,-63.1,-63.26,-63.17,-63.26,-63.35,-63.2,-63.17,-63.13,-63.1,-62.98,-63.01,-63.04,-62.57,-62.79,-62.73,-62.98,-63.07,-62.73,-62.98,-62.89,-63.26,-63.2,-63.23,-63.1,-63.07,-63.04,-63.07,-63.23,-63.13,-63.17,-63.17,-63.17,-63.13,-63.13,-63.2,-63.2,-63.13,-63.2,-63.13,-63.29,-63.29,-63.17,-63.17,-63.2,-63.26,-63.13,-63.2,-63.2,-63.23,-63.17,-63.07,-63.1,-63.2,-63.26,-63.23,-63.17,-63.17,-63.07,-63.13,-63.07,-63.2,-63.1,-63.04,-63.04,-63.1,-63.04,-62.98,-63.01,-63.2,-62.89,-62.98,-63.01,-62.98,-62.89,-63.04,-63.01,-62.98,-63.01,-63.04,-62.95,-62.92,-62.92,-63.01,-62.98,-62.95,-62.89,-62.85,-62.79,-62.85,-62.92,-62.92,-62.89,-62.98,-62.85,-62.82,-63.01,-62.92,-63.04,-63.01,-62.98,-62.85,-63.07,-63.04,-63.04,-63.04,-63.01,-62.98,-63.01,-63.07,-63.07,-63.01,-62.92,-63.13,-63.1,-63.01,-63.07,-62.95,-63.07,-63.13,-63.1,-62.95,-63.07,-63.23,-63.17,-63.2,-63.41,-63.29,-63.29,-63.38,-63.29,-63.07,-63.23,-63.2,-63.26,-63.38,-63.29,-63.32,-63.26,-63.17,-63.2,-63.29,-63.23,-63.26,-63.26,-63.2,-63.17,-63.23,-63.13,-63.13,-63.17,-63.17,-63.26,-63.2,-63.17,-63.23,-63.13,-63.26,-63.17,-63.1,-63.13,-63.2,-63.07,-63.07,-63.13,-63.04,-63.07,-63.13,-63.07,-63.01,-63.1,-63.13,-63.07,-63.2,-63.07,-63.07,-62.98,-62.98,-63.07,-63.1,-63.23,-63.04,-63.04,-63.1,-63.1,-62.92,-63.1,-63.17,-62.89,-63.07,-63.13,-63.07,-63.1,-63.04,-63.01,-63.01,-63.1,-63.13,-63.1,-63.1,-63.17,-63.1,-63.13,-63.13,-63.17,-63.13,-63.13,-62.95,-63.1,-63.01,-63.04,-62.95,-62.89,-62.54,-62.76,-62.64,-63.01,-63.13,-62.67,-62.85,-62.79,-63.23,-63.17,-63.17,-63.13,-63.01,-63.07,-63.07,-63.1,-63.04,-63.01,-63.01,-62.98,-63.04,-63.1,-63.1,-63.07,-63.1,-63.13,-63.01,-63.2,-63.2,-63.13,-63.07,-63.1,-63.1,-63.04,-63.04,-63.04,-63.07,-62.98,-62.92,-63.01,-62.95,-62.98,-62.98,-62.95,-62.89,-62.89,-63.07,-62.79,-62.92,-62.85,-62.85,-62.98,-62.98,-62.92,-62.95,-62.92,-62.95,-63.04,-63.04,-63.01,-63.07,-62.92,-63.04,-63.07,-63.04,-63.13,-62.92,-63.01,-62.95,-63.1,-62.92,-63.13,-62.95,-62.92,-62.7,-62.61,-62.64,-62.57,-62.48,-62.51,-62.39,-62.33,-62.36,-62.11,-62.17,-61.95,-61.95,-61.92,-61.89,-61.77,-61.8,-61.64,-61.55,-61.74,-61.55,-61.52,-61.52,-61.39,-61.52,-61.3,-61.39,-61.24,-61.18,-61.11,-60.99,-61.14,-60.99,-61.02,-60.93,-60.86,-60.8,-60.8,-60.8,-60.68,-60.83,-60.71,-60.68,-60.55,-60.65,-60.55,-60.62,-60.46,-60.55,-60.4,-60.31,-60.15,-60.18,-60.12,-60.06,-59.93,-59.93,-59.99,-59.9,-59.9,-59.9,-59.65,-59.68,-59.71,-59.68,-59.68,-59.43,-59.53,-59.4,-59.37,-59.56,-59.4,-59.37,-59.25,-59.09,-59.09,-58.94,-58.94,-58.91,-58.78,-58.78,-58.72,-58.72,-58.5,-58.69,-58.56,-58.28,-58.38,-58.35,-58.16,-58.38,-58.25,-58.19,-58.13,-57.91,-57.82,-57.76,-57.76,-57.79,-57.63,-57.63,-57.63,-57.35,-57.17,-57.2,-57.13,-57.29,-57.13,-57.01,-56.92,-56.89,-56.85,-56.92,-56.73,-56.79,-56.54,-56.51,-56.54,-56.42,-56.42,-56.3,-56.26,-56.2,-55.83,-55.52,-55.52,-55.05,-55.15,-54.77,-55.02,-55.02,-54.34,-54.43,-54.27,-54.77,-54.49,-54.27,-54.06,-53.81,-53.47,-53.12,-52.91,-52.22,-51.94,-51.26,-47.28,24.34,25.21,-15.14,-44.27,-57.45,-61.89,-63.17,-63.76,-63.94,-63.63,-63.41,-63.29,-63.26,-63.26,-63.17,-63.07,-63.17,-63.29,-63.13,-63.26,-63.13,-63.13,-63.17,-63.1,-63.26,-63.13,-63.17,-63.13,-63.13,-63.13,-63.2,-63.13,-63.17,-63.26,-63.17,-63.29,-63.29,-63.35,-63.26,-63.41,-63.26,-63.38,-63.51,-63.48,-63.38,-63.44,-63.51,-63.57,-63.51,-63.51,-63.51,-63.54,-63.54,-63.54,-63.48,-63.6,-63.51,-63.51,-63.41,-63.51,-63.48,-63.6,-63.57,-63.54,-63.63,-63.51,-63.69,-63.76,-63.6,-63.66,-63.63,-63.69,-63.72,-63.66,-63.66,-63.66,-63.54,-63.66,-63.66,-63.66,-63.66,-63.54,-63.57,-63.82,-63.69,-63.6,-63.69,-63.76,-63.66,-63.76,-63.69,-63.76,-63.72,-63.63,-63.69,-63.69,-63.76,-63.66,-63.69,-63.72,-63.79,-63.66,-63.57,-63.69,-63.63,-63.69,-63.66,-63.6,-63.57,-63.44,-63.57,-63.51,-63.41,-63.35,-63.23,-63.41,-63.41,-63.38,-63.38,-63.29,-63.44,-63.54,-63.41,-63.38,-63.51,-63.38,-63.38,-63.29,-63.26,-63.32,-63.35,-63.2,-63.29,-63.07,-63.1,-63.2,-63.17,-63.17,-63.1,-63.17,-63.2,-63.32,-63.17,-63.1,-63.2,-63.2,-63.01,-63.13,-63.13,-63.07,-63.01,-63.01,-62.85,-62.82,-62.82,-62.85,-62.82,-62.92,-62.95,-62.82,-62.82,-62.82,-62.61,-62.73,-62.7,-62.76,-62.79,-62.73,-62.82,-62.82,-62.73,-62.82,-62.73,-62.61,-62.76,-62.67,-62.64,-62.48,-62.48,-62.42,-61.98,-62.23,-62.08,-62.33,-62.33,-62.05,-62.11,-62.29,-62.61,-62.61,-62.48,-62.7,-62.64,-62.54,-62.51,-62.64,-62.42,-62.48,-62.57,-62.45,-62.39,-62.57,-62.51,-62.36,-62.45,-62.48,-62.23,-62.36,-62.33,-62.33,-62.48,-62.36,-62.17,-62.17,-62.29,-62.17,-62.08,-62.08,-62.05,-62.05,-61.83,-61.83,-61.92,-61.83,-61.86,-61.98,-61.77,-61.67,-61.67,-61.77,-61.58,-61.58,-61.64,-61.55,-61.61,-61.61,-61.61,-61.55,-61.61,-61.55,-61.42,-61.49,-61.52,-61.42,-61.36,-61.42,-61.3,-61.3,-61.42,-61.3,-61.24,-61.24,-61.24,-61.08,-61.21,-61.33,-61.18,-61.3,-61.24,-61.11,-61.11,-61.11,-61.14,-60.93,-60.83,-60.93,-60.77,-60.9,-60.77,-60.86,-60.83,-60.77,-60.71,-60.74,-60.71,-60.68,-60.71,-60.68,-60.58,-60.52,-60.52,-60.43,-60.37,-60.52,-60.37,-60.4,-60.37,-60.27,-60.43,-60.34,-60.43,-60.37,-60.27,-60.34,-60.24,-60.18,-60.18,-60.15,-60.12,-60.18,-60.09,-59.93,-59.93,-59.81,-59.96,-59.81,-59.9,-59.9,-59.81,-59.81,-59.81,-59.81,-59.71,-59.68,-59.75,-59.62,-59.56,-59.68,-59.59,-59.65,-59.56,-59.43,-59.43,-59.56,-59.28,-59.37,-59.31,-59.22,-59.22,-59.09,-59.09,-59.03,-59.09,-58.94,-58.91,-58.94,-58.84,-58.69,-58.84,-58.78,-58.69,-58.63,-58.63,-58.63,-58.41,-58.44,-58.44,-58.38,-58.41,-58.25,-58.22,-58.19,-58.07,-58.1,-58.13,-58.16,-58.13,-58.1,-58.04,-58.1,-58.0,-58.07,-57.88,-57.94,-57.88,-57.79,-57.69,-57.69,-57.69,-57.6,-57.6,-57.63,-57.54,-57.54,-57.48,-57.35,-57.38,-57.32,-56.95,-57.07,-56.48,-56.76,-56.82,-56.98,-57.01,-56.54,-56.7,-56.7,-56.89,-56.85,-56.73,-56.73,-56.7,-56.61,-56.7,-56.64,-56.73,-56.51,-56.42,-56.36,-56.3,-56.26,-56.14,-56.11,-55.95,-56.02,-55.86,-55.83,-55.77,-55.8,-55.58,-55.55,-55.33,-55.05,-54.87,-54.96,-54.93,-54.71,-54.59,-54.62,-54.49,-54.27,-54.21,-54.24,-54.12,-53.87,-53.93,-53.72,-53.59,-53.56,-53.28,-53.28,-52.88,-52.66,-52.16,-51.79,-51.6,-51.2,-50.58,-50.05,-48.62,-6.71,31.92,-2.61,-34.32,-53.62,-60.21,-62.57,-63.29,-63.63,-63.57,-63.63,-63.35,-63.44,-63.38,-63.23,-63.23,-63.26,-63.29,-63.35,-63.23,-63.35,-63.44,-63.32,-63.35,-63.38,-63.48,-63.51,-63.41,-63.51,-63.6,-63.41,-63.48,-63.72,-63.54,-63.69,-63.57,-63.57,-63.63,-63.66,-63.6,-63.79,-63.76,-63.88,-63.85,-63.91,-63.85,-63.94,-63.91,-64.04,-64.04,-64.13,-64.0,-64.1,-64.1,-64.19,-64.1,-64.1,-64.25,-64.22,-64.28,-64.28,-64.16,-64.16,-64.35,-64.25,-64.25,-64.32,-64.32,-64.38,-64.28,-64.47,-64.38,-64.38,-64.28,-64.25,-64.44,-64.38,-64.41,-64.38,-64.38,-64.47,-64.44,-64.41,-64.44,-64.47,-64.38,-64.32,-64.38,-64.28,-64.5,-64.35,-64.35,-64.38,-64.41,-64.41,-64.22,-64.28,-64.16,-64.16,-64.19,-64.32,-64.22,-64.35,-64.35,-64.38,-64.32,-64.16,-64.28,-64.19,-64.25,-64.1,-64.1,-64.13,-64.07,-64.13,-64.0,-63.94,-63.94,-64.04,-64.04,-64.07,-64.07,-63.91,-64.07,-63.97,-63.91,-63.79,-64.04,-63.94,-63.91,-64.07,-63.94,-63.79,-63.66,-63.69,-63.82,-63.69,-63.54,-63.57,-63.2,-63.54,-63.41,-63.66,-63.69,-63.23,-63.63,-63.51,-63.85,-63.66,-63.72,-63.72,-63.69,-63.63,-63.69,-63.66,-63.6,-63.6,-63.69,-63.66,-63.57,-63.57,-63.6,-63.38,-63.51,-63.44,-63.57,-63.54,-63.35,-63.48,-63.44,-63.41,-63.38,-63.38,-63.38,-63.35,-63.38,-63.26,-63.44,-63.29,-63.32,-63.32,-63.35,-63.07,-63.2,-63.32,-63.07,-63.26,-63.1,-63.2,-62.98,-62.98,-63.1,-62.98,-62.85,-62.89,-62.82,-62.79,-62.76,-63.04,-62.76,-62.76,-62.76,-62.76,-62.79,-62.82,-62.61,-62.57,-62.7,-62.7,-62.57,-62.54,-62.42,-62.42,-62.48,-62.39,-62.36,-62.48,-62.29,-62.45,-62.48,-62.48,-62.39,-62.29,-62.2,-62.17,-62.26,-62.14,-62.26,-62.08,-61.98,-62.08,-62.11,-61.92,-62.01,-62.01,-62.08,-61.92,-61.86,-61.8,-61.95,-62.08,-61.83,-61.83,-61.92,-61.86,-61.92,-61.95,-61.7,-61.77,-61.89,-61.86,-61.8,-61.83,-61.86,-61.7,-61.7,-61.74,-61.74,-61.77,-61.74,-61.77,-61.74,-61.74,-61.74,-61.67,-61.55,-61.55,-61.46,-61.64,-61.52,-61.49,-61.42,-61.39,-61.52,-61.36,-61.24,-61.33,-61.36,-61.33,-61.39,-61.3,-61.33,-61.3,-61.21,-61.24,-61.3,-61.11,-61.08,-61.05,-60.86,-60.99,-61.02,-61.02,-60.86,-61.02,-61.02,-60.9,-60.99,-60.86,-60.9,-60.9,-60.86,-60.93,-60.77,-60.77,-60.77,-60.71,-60.71,-60.68,-60.71,-60.65,-60.74,-60.55,-60.49,-60.58,-60.65,-60.43,-60.46,-60.49,-60.65,-60.43,-60.52,-60.49,-60.43,-60.43,-60.43,-60.4,-60.34,-60.21,-60.18,-60.21,-60.34,-60.15,-60.15,-60.15,-60.03,-60.12,-60.03,-59.93,-59.34,-59.81,-59.75,-59.78,-59.84,-59.43,-59.87,-59.84,-59.99,-59.9,-59.87,-59.9,-59.87,-60.06,-60.06,-59.93,-59.78,-59.9,-59.75,-59.68,-59.71,-59.56,-59.47,-59.53,-59.59,-59.56,-59.53,-59.53,-59.53,-59.5,-59.5,-59.4,-59.43,-59.31,-59.43,-59.37,-59.22,-59.12,-59.12,-59.16,-59.03,-59.0,-59.03,-58.91,-58.94,-58.94,-58.91,-58.84,-58.78,-58.69,-58.69,-58.6,-58.56,-58.44,-58.5,-58.38,-58.47,-58.38,-58.35,-58.5,-58.5,-58.32,-58.28,-58.35,-58.32,-58.28,-58.28,-58.25,-58.22,-58.22,-58.19,-58.22,-58.19,-58.22,-58.16,-58.1,-58.0,-58.25,-57.91,-57.94,-57.97,-57.94,-58.04,-57.88,-57.76,-57.69,-57.85,-57.85,-57.79,-57.88,-57.79,-57.79,-57.69,-57.63,-57.69,-57.57,-57.66,-57.54,-57.54,-57.35,-57.45,-57.38,-57.26,-57.32,-57.35,-57.29,-57.26,-57.2,-57.23,-57.26,-57.2,-57.23,-57.01,-57.04,-56.85,-56.79,-56.79,-56.73,-56.7,-56.64,-56.61,-56.7,-56.61,-56.76,-56.73,-56.73,-56.7,-56.73,-56.57,-56.39,-56.45,-56.45,-56.39,-56.36,-56.17,-56.17,-56.08,-56.3,-56.02,-56.08,-56.14,-56.08,-56.02,-56.05,-56.17,-55.95,-55.83,-55.86,-55.86,-55.7,-55.64,-55.52,-55.64,-55.39,-55.55,-55.39,-55.58,-55.39,-55.18,-55.15,-55.27,-55.05,-54.96,-54.93,-54.87,-54.74,-54.68,-54.52,-54.68,-54.71,-54.59,-54.49,-54.34,-54.34,-54.27,-54.18,-54.27,-54.15,-54.09,-54.12,-54.06,-53.93,-53.81,-53.81,-53.47,-53.37,-53.34,-53.16,-53.12,-53.22,-52.97,-53.16,-52.91,-53.06,-52.97,-52.88,-52.81,-52.81,-52.72,-52.69,-51.97,-52.32,-52.32,-52.35,-52.35,-51.69,-52.29,-52.1,-52.1,-52.04,-52.01,-51.79,-51.69,-51.2,-50.89,-50.89,-50.61,-50.17,-49.52,-48.59,-19.27,31.18,7.12,-25.93,-48.06,-57.6,-61.08,-62.39,-63.1,-63.01,-63.01,-62.92,-62.95,-63.07,-63.01,-62.92,-63.01,-62.82,-62.89,-63.17,-63.1,-63.32,-63.29,-63.26,-63.29,-63.41,-63.48,-63.2,-63.35,-63.41,-63.32,-63.44,-63.41,-63.44,-63.48,-63.32,-63.57,-63.44,-63.41,-63.54,-63.41,-63.57,-63.54,-63.76,-63.72,-63.91,-63.82,-63.63,-63.85,-63.91,-63.85,-63.82,-63.88,-63.82,-64.07,-63.91,-63.97,-63.94,-63.94,-63.94,-63.97,-63.94,-64.1,-63.97,-64.0,-63.94,-64.1,-63.94,-63.97,-63.85,-64.04,-63.91,-64.04,-63.88,-64.0,-64.04,-64.13,-64.07,-63.94,-64.13,-64.04,-64.07,-64.22,-64.0,-64.0,-64.1,-64.22,-64.16,-64.25,-64.19,-64.19,-64.22,-64.22,-64.35,-64.35,-64.44,-64.28,-64.32,-64.38,-64.35,-64.28,-64.32,-64.44,-64.56,-64.56,-64.41,-64.44,-64.47,-64.47,-64.32,-64.5,-64.47,-64.35,-64.35,-64.41,-64.25,-64.32,-64.32,-64.32,-64.22,-64.38,-64.28,-64.22,-64.28,-64.28,-64.28,-64.07,-64.19,-64.22,-64.19,-64.07,-64.19,-64.1,-64.16,-64.1,-64.07,-64.19,-64.07,-64.19,-64.04,-64.07,-64.1,-64.16,-63.97,-64.1,-64.1,-64.19,-64.07,-63.85,-63.94,-63.94,-63.91,-63.94,-63.97,-64.0,-63.88,-63.94,-63.91,-63.76,-63.85,-63.91,-63.91,-63.85,-63.97,-63.97,-63.82,-63.82,-63.82,-63.88,-63.85,-63.94,-63.79,-63.72,-63.72,-63.72,-63.69,-63.69,-63.48,-63.44,-63.35,-62.89,-63.32,-63.2,-63.38,-63.48,-63.01,-63.51,-63.35,-63.51,-63.51,-63.48,-63.63,-63.41,-63.66,-63.44,-63.41,-63.44,-63.29,-63.51,-63.35,-63.35,-63.48,-63.35,-63.32,-63.32,-63.26,-63.32,-63.23,-63.17,-63.17,-63.32,-63.32,-63.23,-63.13,-63.2,-63.07,-63.13,-62.95,-63.01,-63.04,-63.01,-63.17,-63.07,-63.04,-62.98,-62.79,-62.82,-62.82,-62.92,-62.82,-62.82,-62.79,-62.67,-62.67,-62.79,-62.7,-62.7,-62.64,-62.7,-62.42,-62.64,-62.64,-62.45,-62.54,-62.42,-62.42,-62.57,-62.54,-62.39,-62.39,-62.29,-62.17,-62.14,-62.26,-62.14,-62.2,-62.17,-62.17,-62.14,-62.14,-62.11,-62.11,-62.05,-62.11,-62.01,-61.92,-61.92,-61.86,-61.89,-61.83,-61.77,-61.83,-61.86,-61.77,-61.8,-61.61,-61.8,-61.7,-61.67,-61.77,-61.7,-61.55,-61.64,-61.39,-61.39,-61.42,-61.52,-61.52,-61.46,-61.49,-61.27,-61.49,-61.3,-61.24,-61.08,-61.27,-61.3,-61.18,-61.18,-61.3,-61.3,-61.27,-61.24,-61.21,-61.11,-61.14,-61.18,-61.02,-60.99,-61.02,-61.02,-60.93,-60.93,-61.08,-60.86,-60.74,-60.8,-60.74,-60.74,-60.71,-60.83,-60.74,-60.68,-60.43,-60.71,-60.52,-60.52,-60.62,-60.68,-60.52,-60.4,-60.27,-60.37,-60.31,-60.27,-60.24,-60.18,-60.12,-59.99,-59.99,-60.09,-59.99,-60.03,-60.06,-59.9,-59.87,-59.93,-59.87,-59.9,-59.87,-59.9,-59.9,-59.78,-59.84,-59.81,-59.78,-59.59,-59.56,-59.59,-59.53,-59.56,-59.43,-59.43,-59.34,-59.5,-59.34,-59.53,-59.47,-59.34,-59.31,-59.34,-59.25,-59.25,-59.25,-59.28,-59.12,-59.06,-59.16,-58.88,-59.09,-58.5,-58.81,-58.69,-58.75,-58.69,-58.41,-58.88,-58.97,-59.09,-59.09,-58.97,-58.94,-58.81,-58.88,-58.81,-58.78,-58.81,-58.91,-58.78,-58.81,-59.06,-58.78,-58.78,-58.84,-58.78,-58.78,-58.63,-58.66,-58.69,-58.6,-58.56,-58.66,-58.6,-58.69,-58.41,-58.44,-58.25,-58.25,-58.35,-58.32,-58.19,-58.22,-58.38,-58.25,-58.16,-58.22,-58.19,-58.13,-58.1,-58.1,-58.07,-58.1,-58.04,-58.22,-58.04,-58.04,-58.1,-58.25,-58.1,-58.0,-58.16,-58.13,-58.07,-58.13,-58.1,-58.1,-58.13,-58.1,-58.13,-58.16,-58.04,-58.07,-57.97,-57.82,-58.1,-58.04,-58.07,-58.1,-57.94,-58.07,-57.88,-58.1,-57.88,-57.88,-57.85,-57.91,-57.85,-57.94,-57.73,-57.69,-57.82,-57.82,-57.76,-57.76,-57.85,-57.63,-57.73,-57.66,-57.51,-57.66,-57.66,-57.66,-57.63,-57.57,-57.73,-57.73,-57.6,-57.63,-57.63,-57.6,-57.57,-57.73,-57.45,-57.69,-57.57,-57.57,-57.51,-57.38,-57.45,-57.32,-57.41,-57.29,-57.1,-57.23,-57.13,-57.23,-57.07,-56.95,-57.04,-57.01,-56.92,-56.89,-56.82,-56.7,-56.73,-56.73,-56.76,-56.64,-56.57,-56.42,-56.33,-56.23,-56.14,-56.3,-56.3,-56.26,-56.3,-56.3,-56.26,-56.2,-56.23,-56.17,-56.05,-55.95,-55.95,-55.92,-55.98,-55.77,-55.83,-55.86,-55.74,-55.74,-55.8,-55.64,-55.61,-55.58,-55.7,-55.55,-55.52,-55.46,-55.33,-55.36,-55.33,-55.21,-55.39,-55.36,-55.27,-55.15,-55.11,-54.96,-54.87,-54.93,-54.83,-54.65,-54.71,-54.52,-54.4,-54.52,-54.21,-54.24,-54.09,-54.03,-53.93,-54.18,-53.9,-54.06,-53.99,-54.06,-53.75,-53.87,-53.34,-53.62,-53.47,-53.56,-53.53,-53.34,-53.78,-53.47,-53.72,-53.53,-53.44,-53.44,-53.22,-53.25,-53.16,-53.31,-53.25,-53.12,-53.22,-53.06,-53.0,-53.09,-53.0,-52.81,-52.91,-52.69,-52.75,-52.66,-52.56,-52.32,-52.25,-52.16,-51.82,-51.76,-51.57,-51.76,-51.69,-51.76,-51.6,-51.57,-51.23,-51.41,-51.04,-50.64,-49.95,-49.08,-40.91,19.55,23.0,-11.38,-38.83,-53.44,-58.97,-61.11,-62.08,-62.54,-62.7,-62.67,-62.98,-63.07,-63.07,-63.13,-63.01,-63.07,-63.07,-63.13,-63.23,-63.26,-63.38,-63.54,-63.6,-63.6,-63.54,-63.63,-63.57,-63.6,-63.69,-63.76,-63.72,-63.76,-63.85,-63.88,-63.85,-63.97,-63.94,-63.88,-63.91,-63.97,-63.97,-64.13,-64.1,-64.1,-64.07,-64.19,-64.19,-64.07,-64.13,-64.1,-64.19,-64.16,-64.25,-64.22,-64.16,-64.28,-64.25,-64.32,-64.38,-64.41,-64.25,-64.56,-64.25,-64.41,-64.47,-64.63,-64.35,-64.53,-64.38,-64.5,-64.56,-64.5,-64.56,-64.56,-64.53,-64.63,-64.53,-64.53,-64.56,-64.53,-64.53,-64.38,-64.5,-64.69,-64.56,-64.56,-64.56,-64.56,-64.75,-64.5,-64.5,-64.59,-64.66,-64.53,-64.59,-64.63,-64.41,-64.66,-64.66,-64.59,-64.56,-64.56,-64.38,-64.5,-64.47,-64.53,-64.53,-64.44,-64.53,-64.53,-64.5,-64.47,-64.53,-64.44,-64.41,-64.44,-64.38,-64.22,-64.32,-64.47,-64.35,-64.32,-64.41,-64.35,-64.35,-64.32,-64.38,-64.32,-64.32,-64.35,-64.38,-64.35,-64.32,-64.25,-64.38,-64.32,-64.28,-64.38,-64.32,-64.32,-64.22,-64.22,-64.19,-64.19,-64.22,-64.07,-64.32,-64.25,-64.04,-64.19,-64.1,-64.07,-63.51,-64.0,-63.72,-64.07,-63.91,-63.69,-64.16,-63.82,-64.19,-64.22,-64.07,-63.97,-64.19,-64.04,-64.0,-64.0,-64.0,-63.97,-64.07,-63.97,-64.07,-64.16,-64.16,-64.13,-64.16,-64.07,-64.04,-63.97,-63.88,-64.04,-64.0,-64.04,-64.16,-63.88,-63.85,-63.88,-63.97,-64.04,-63.82,-63.88,-63.85,-63.85,-63.76,-63.63,-63.66,-63.88,-63.66,-63.66,-63.66,-63.82,-63.63,-63.63,-63.51,-63.48,-63.6,-63.48,-63.48,-63.41,-63.35,-63.41,-63.23,-63.29,-63.23,-63.32,-63.29,-63.2,-63.26,-63.2,-63.2,-63.13,-63.07,-63.1,-63.07,-63.01,-63.13,-62.85,-62.95,-63.01,-62.98,-62.98,-62.92,-62.85,-63.04,-62.98,-62.92,-62.82,-62.82,-62.89,-62.73,-62.67,-62.73,-62.61,-62.57,-62.67,-62.61,-62.61,-62.64,-62.57,-62.61,-62.39,-62.45,-62.54,-62.51,-62.42,-62.48,-62.51,-62.42,-62.36,-62.42,-62.33,-62.33,-62.39,-62.29,-62.23,-62.17,-62.29,-62.08,-62.05,-62.17,-62.2,-62.26,-62.17,-62.14,-62.08,-62.08,-62.14,-62.14,-62.11,-62.2,-62.08,-62.14,-62.05,-62.11,-61.86,-61.95,-62.05,-62.01,-61.8,-61.98,-61.89,-61.83,-61.77,-61.86,-61.67,-61.77,-61.61,-61.55,-61.64,-61.49,-61.61,-61.33,-61.33,-61.36,-61.39,-61.24,-61.27,-61.42,-61.39,-61.42,-61.33,-61.18,-61.24,-61.18,-61.24,-61.27,-61.39,-61.3,-61.18,-61.24,-61.14,-61.14,-61.08,-61.08,-61.14,-61.11,-61.14,-61.21,-61.05,-61.02,-61.21,-61.05,-61.02,-60.99,-60.8,-60.96,-60.93,-60.99,-60.86,-60.99,-60.96,-60.86,-60.83,-60.8,-60.96,-60.83,-60.83,-60.8,-60.71,-60.43,-60.55,-60.15,-60.37,-60.27,-60.43,-60.4,-60.15,-60.77,-60.49,-60.77,-60.58,-60.65,-60.58,-60.58,-60.52,-60.43,-60.43,-60.62,-60.62,-60.55,-60.43,-60.27,-60.49,-60.52,-60.58,-60.49,-60.4,-60.4,-60.27,-60.27,-60.24,-60.4,-60.37,-60.31,-60.34,-60.24,-60.15,-60.09,-60.12,-60.12,-60.12,-59.9,-60.09,-59.99,-59.93,-59.99,-59.87,-59.9,-59.81,-59.75,-59.78,-59.87,-59.78,-59.71,-59.59,-59.59,-59.56,-59.65,-59.65,-59.59,-59.59,-59.56,-59.5,-59.53,-59.53,-59.37,-59.43,-59.43,-59.43,-59.43,-59.34,-59.4,-59.43,-59.37,-59.28,-59.43,-59.31,-59.34,-59.34,-59.12,-59.31,-59.25,-59.16,-59.09,-59.16,-59.16,-59.19,-59.06,-59.0,-59.09,-59.16,-59.19,-59.22,-59.06,-59.19,-59.09,-59.03,-58.94,-58.94,-59.0,-58.91,-59.09,-58.88,-58.78,-59.0,-58.97,-58.84,-58.94,-58.94,-58.78,-58.84,-58.75,-58.78,-58.91,-58.75,-58.69,-58.69,-58.81,-58.69,-58.72,-58.72,-58.66,-58.56,-58.69,-58.63,-58.53,-58.5,-58.63,-58.5,-58.44,-58.66,-58.6,-58.66,-58.5,-58.63,-58.5,-58.47,-58.41,-58.5,-58.47,-58.41,-58.41,-58.28,-58.25,-58.28,-58.28,-58.22,-58.19,-58.1,-58.16,-58.16,-57.94,-57.94,-57.94,-58.0,-58.07,-58.04,-58.07,-58.1,-57.94,-57.82,-58.04,-57.82,-57.73,-57.76,-57.73,-57.76,-57.82,-57.6,-57.66,-57.57,-57.54,-57.48,-57.41,-57.35,-57.45,-57.54,-57.45,-57.51,-57.35,-57.45,-57.38,-57.32,-57.51,-57.38,-57.38,-57.41,-57.51,-57.51,-57.45,-57.38,-57.45,-57.45,-57.23,-57.38,-57.26,-57.29,-57.07,-57.1,-56.89,-56.95,-56.64,-56.76,-56.85,-57.01,-56.85,-56.85,-57.2,-56.95,-57.2,-57.04,-57.04,-57.1,-56.85,-56.82,-56.92,-56.98,-56.79,-56.67,-56.67,-56.95,-56.76,-56.64,-56.79,-56.7,-56.61,-56.76,-56.82,-56.51,-56.57,-56.64,-56.64,-56.7,-56.57,-56.54,-56.51,-56.64,-56.57,-56.48,-56.36,-56.36,-56.39,-56.3,-56.33,-56.39,-56.3,-56.23,-56.26,-56.36,-56.17,-56.26,-56.33,-56.26,-56.17,-56.23,-56.11,-56.08,-55.95,-56.14,-56.11,-55.92,-56.02,-55.92,-55.86,-56.17,-55.95,-55.77,-55.77,-55.64,-55.64,-55.7,-55.74,-55.64,-55.58,-55.67,-55.55,-55.49,-55.58,-55.58,-55.42,-55.3,-55.46,-55.36,-55.11,-55.24,-55.11,-55.05,-54.9,-54.99,-54.8,-54.59,-54.46,-54.55,-54.46,-54.55,-54.37,-54.37,-54.27,-54.27,-54.37,-54.31,-54.27,-54.15,-54.21,-54.34,-54.15,-54.06,-53.96,-53.96,-53.99,-53.81,-53.9,-53.9,-53.78,-53.75,-53.84,-53.59,-53.56,-53.4,-53.19,-53.31,-53.19,-53.06,-53.09,-52.88,-52.72,-52.22,-52.04,-51.94,-51.69,-51.6,-51.41,-50.82,-50.58,-49.95,-45.29,12.59,25.65,-8.39,-36.8,-52.78,-58.63,-61.05,-61.92,-62.29,-62.48,-62.42,-62.42,-62.39,-62.39,-62.23,-62.23,-62.26,-62.45,-62.23,-62.39,-62.51,-62.54,-62.73,-62.57,-62.73,-62.76,-62.82,-62.85,-62.95,-63.04,-62.98,-63.1,-63.04,-63.13,-63.23,-63.17,-63.2,-63.26,-63.29,-63.29,-63.38,-63.51,-63.6,-63.54,-63.66,-63.63,-63.48,-63.57,-63.69,-63.57,-63.66,-63.85,-63.82,-63.79,-63.76,-63.79,-63.85,-63.91,-63.85,-63.94,-63.91,-63.82,-63.97,-63.79,-63.82,-63.48,-63.72,-63.79,-64.0,-63.91,-63.82,-64.25,-64.1,-64.19,-64.16,-64.0,-64.25,-64.1,-64.07,-64.13,-64.16,-64.13,-64.1,-64.19,-64.13,-64.16,-64.13,-64.28,-64.25,-64.28,-64.32,-64.25,-64.16,-64.19,-64.1,-64.22,-64.25,-64.25,-64.19,-64.13,-64.19,-64.0,-64.07,-64.19,-64.13,-64.16,-64.1,-63.97,-64.13,-64.07,-64.19,-64.1,-64.07,-64.1,-64.13,-64.04,-64.07,-64.13,-64.16,-64.25,-64.19,-64.13,-64.22,-64.13,-64.16,-64.22,-64.16,-64.1,-64.16,-64.16,-64.13,-64.1,-64.22,-64.28,-64.19,-64.19,-64.28,-64.22,-64.16,-64.32,-64.32,-64.32,-64.19,-64.28,-64.35,-64.16,-64.19,-64.22,-64.19,-64.19,-64.07,-64.13,-64.1,-64.1,-64.16,-63.97,-63.97,-64.1,-64.1,-64.07,-64.16,-64.07,-64.04,-64.1,-64.16,-64.04,-64.04,-64.04,-64.04,-64.28,-64.1,-64.0,-63.97,-64.1,-64.1,-63.91,-64.0,-64.04,-63.97,-64.04,-63.91,-63.94,-63.97,-63.94,-63.79,-63.85,-63.82,-63.91,-63.85,-63.76,-63.72,-63.76,-63.72,-63.69,-63.66,-63.76,-63.57,-63.6,-63.79,-63.6,-63.51,-63.57,-63.35,-63.54,-63.44,-63.35,-63.48,-63.51,-63.38,-63.41,-63.32,-63.23,-63.32,-63.17,-63.2,-63.23,-63.1,-63.13,-63.1,-63.07,-63.17,-62.95,-62.98,-62.92,-62.92,-63.1,-62.92,-63.07,-62.92,-62.89,-62.82,-62.85,-62.89,-62.82,-62.79,-62.79,-62.79,-62.7,-62.7,-62.76,-62.7,-62.64,-62.7,-62.51,-62.76,-62.79,-62.64,-62.64,-62.64,-62.54,-62.73,-62.51,-62.51,-62.57,-62.42,-62.54,-62.64,-62.39,-62.42,-62.48,-62.36,-62.36,-62.33,-61.95,-62.39,-61.7,-61.95,-62.05,-62.08,-62.05,-61.67,-62.42,-62.05,-62.26,-62.2,-62.08,-62.17,-62.11,-62.05,-62.01,-61.92,-61.98,-61.86,-61.92,-61.95,-61.77,-61.7,-61.86,-61.67,-61.7,-61.7,-61.61,-61.58,-61.67,-61.58,-61.58,-61.46,-61.55,-61.52,-61.42,-61.39,-61.42,-61.27,-61.3,-61.3,-61.18,-61.02,-61.21,-61.08,-61.08,-60.96,-61.02,-60.96,-60.9,-60.83,-60.71,-60.8,-60.77,-60.65,-60.71,-60.71,-60.71,-60.62,-60.55,-60.58,-60.52,-60.68,-60.58,-60.58,-60.49,-60.55,-60.43,-60.46,-60.52,-60.4,-60.43,-60.43,-60.4,-60.37,-60.31,-60.24,-60.27,-60.27,-60.31,-60.24,-60.27,-60.31,-60.24,-60.31,-60.24,-60.34,-60.24,-60.09,-60.21,-60.09,-60.15,-60.21,-60.09,-59.99,-60.09,-60.03,-59.84,-59.75,-59.78,-59.68,-59.75,-59.71,-59.81,-59.71,-59.71,-59.78,-59.75,-59.84,-59.81,-59.84,-59.68,-59.75,-59.84,-59.78,-59.93,-59.81,-59.75,-59.84,-59.81,-59.71,-59.65,-59.68,-59.68,-59.71,-59.71,-59.68,-59.87,-59.78,-59.75,-59.81,-59.71,-59.68,-59.68,-59.62,-59.65,-59.4,-59.4,-59.43,-59.34,-59.34,-59.5,-59.4,-59.47,-59.34,-59.31,-59.37,-59.28,-59.12,-59.19,-59.28,-59.25,-59.16,-59.16,-59.06,-59.03,-59.06,-58.81,-58.88,-58.94,-58.91,-59.0,-59.0,-59.09,-58.88,-58.84,-58.94,-58.94,-58.94,-59.09,-58.91,-58.91,-58.94,-58.84,-58.78,-58.84,-58.88,-58.78,-58.78,-58.84,-58.78,-58.72,-58.75,-58.69,-58.5,-58.75,-58.78,-58.69,-58.69,-58.66,-58.66,-58.56,-58.63,-58.41,-58.6,-58.66,-58.6,-58.5,-58.56,-58.44,-58.5,-58.0,-58.13,-58.32,-58.22,-58.25,-58.0,-58.5,-58.32,-58.38,-58.38,-58.53,-58.44,-58.41,-58.41,-58.35,-58.41,-58.22,-58.16,-58.25,-58.41,-58.28,-58.22,-58.28,-58.07,-58.04,-58.07,-57.97,-58.07,-58.07,-58.07,-57.94,-57.94,-57.85,-57.91,-58.07,-57.94,-57.85,-57.85,-57.79,-57.79,-57.91,-57.85,-57.76,-57.76,-57.76,-57.63,-57.79,-57.69,-57.6,-57.54,-57.51,-57.6,-57.45,-57.57,-57.54,-57.35,-57.38,-57.38,-57.38,-57.29,-57.23,-57.2,-57.1,-57.1,-57.13,-57.2,-57.07,-57.01,-57.13,-56.92,-57.13,-56.89,-56.85,-56.95,-56.73,-56.73,-56.76,-56.73,-56.61,-56.57,-56.64,-56.7,-56.57,-56.64,-56.42,-56.45,-56.45,-56.51,-56.33,-56.36,-56.39,-56.26,-56.3,-56.14,-56.08,-56.17,-55.92,-56.05,-55.83,-55.77,-55.74,-55.64,-55.77,-55.67,-55.64,-55.67,-55.55,-55.64,-55.61,-55.3,-55.21,-55.61,-55.61,-55.8,-55.77,-55.64,-55.67,-55.61,-55.67,-55.74,-55.61,-55.55,-55.74,-55.55,-55.58,-55.67,-55.55,-55.36,-55.3,-55.3,-55.27,-55.3,-55.24,-55.08,-55.18,-55.08,-55.08,-54.96,-55.02,-55.11,-54.93,-54.87,-54.96,-54.83,-54.96,-54.8,-54.8,-54.65,-54.62,-54.71,-54.46,-54.43,-54.46,-54.34,-54.31,-54.24,-54.03,-53.81,-53.87,-53.78,-53.53,-53.47,-53.4,-53.31,-53.34,-53.19,-53.03,-52.91,-52.72,-52.81,-52.75,-52.6,-52.6,-52.47,-52.47,-52.25,-51.88,-51.82,-51.88,-51.91,-51.79,-51.66,-51.45,-51.48,-51.1,-50.86,-50.33,-50.05,-49.92,-49.49,-48.99,-47.93,-19.96,29.84,9.08,-24.31,-47.22,-56.42,-59.9,-61.46,-61.61,-62.2,-62.39,-62.54,-62.36,-62.01,-62.39,-62.33,-62.51,-62.39,-62.48,-62.61,-62.54,-62.7,-62.54,-62.54,-62.54,-62.61,-62.7,-62.54,-62.51,-62.57,-62.67,-62.85,-62.7,-62.76,-62.82,-62.92,-62.85,-62.89,-62.92,-62.92,-62.98,-62.89,-62.92,-63.13,-63.01,-62.98,-63.1,-63.13,-63.23,-63.26,-63.35,-63.32,-63.26,-63.26,-63.23,-63.17,-63.23,-63.32,-63.23,-63.26,-63.26,-63.26,-63.38,-63.35,-63.48,-63.54,-63.32,-63.29,-63.32,-63.26,-63.32,-63.54,-63.41,-63.38,-63.38,-63.51,-63.57,-63.6,-63.57,-63.48,-63.48,-63.38,-63.57,-63.54,-63.48,-63.6,-63.38,-63.54,-63.54,-63.44,-63.44,-63.54,-63.38,-63.69,-63.54,-63.6,-63.54,-63.63,-63.66,-63.66,-63.66,-63.6,-63.69,-63.54,-63.79,-63.66,-63.63,-63.76,-63.82,-63.69,-63.69,-63.85,-64.04,-63.82,-63.72,-63.66,-63.91,-63.88,-63.79,-63.94,-63.85,-63.94,-63.76,-63.88,-63.79,-63.88,-63.97,-63.88,-63.85,-63.94,-63.97,-63.91,-63.82,-63.88,-63.72,-63.91,-63.88,-63.72,-63.88,-63.76,-63.85,-63.54,-63.69,-63.69,-63.72,-63.63,-63.69,-63.79,-63.72,-63.69,-63.76,-63.66,-63.72,-63.72,-63.72,-63.69,-63.6,-63.76,-63.72,-63.66,-63.72,-63.69,-63.51,-63.57,-63.54,-63.54,-63.51,-63.63,-63.57,-63.54,-63.57,-63.38,-63.63,-63.41,-63.54,-63.41,-63.48,-63.51,-63.54,-63.48,-63.51,-63.48,-63.63,-63.54,-63.6,-63.51,-63.63,-63.6,-63.51,-63.48,-63.51,-63.54,-63.51,-63.57,-63.48,-63.57,-63.51,-63.41,-63.41,-63.38,-63.54,-63.38,-63.35,-63.41,-63.41,-63.26,-63.07,-63.2,-62.79,-63.01,-63.13,-63.1,-62.98,-62.89,-63.29,-63.07,-63.26,-63.1,-63.13,-62.98,-63.17,-62.92,-62.98,-62.98,-62.89,-63.01,-62.82,-62.82,-62.82,-62.89,-62.76,-62.85,-62.76,-62.82,-62.89,-62.73,-62.61,-62.61,-62.73,-62.73,-62.73,-62.61,-62.61,-62.64,-62.54,-62.48,-62.51,-62.54,-62.54,-62.61,-62.42,-62.45,-62.36,-62.42,-62.26,-62.36,-62.36,-62.33,-62.17,-62.2,-62.01,-62.14,-62.33,-62.05,-62.11,-62.14,-62.14,-61.98,-61.95,-62.08,-61.95,-61.89,-61.86,-61.95,-61.77,-61.7,-61.74,-61.86,-61.77,-61.77,-61.64,-61.83,-61.83,-61.74,-61.83,-61.74,-61.64,-61.67,-61.55,-61.58,-61.55,-61.52,-61.61,-61.42,-61.49,-61.61,-61.49,-61.55,-61.39,-61.58,-61.33,-61.49,-61.36,-61.42,-61.27,-61.36,-61.36,-61.42,-61.33,-61.18,-61.24,-61.21,-61.27,-61.33,-61.27,-61.27,-61.3,-61.27,-61.33,-61.24,-61.08,-61.21,-61.18,-60.99,-61.27,-61.14,-61.11,-60.99,-61.02,-61.11,-61.05,-60.9,-60.96,-60.9,-60.86,-60.86,-60.8,-60.9,-60.8,-60.77,-60.77,-60.77,-60.77,-60.86,-60.71,-60.58,-60.65,-60.8,-60.62,-60.68,-60.55,-60.62,-60.43,-60.52,-60.62,-60.74,-60.52,-60.52,-60.46,-60.52,-60.4,-60.43,-60.4,-60.24,-60.46,-60.43,-60.24,-60.37,-60.4,-60.24,-60.21,-60.43,-60.27,-60.21,-60.18,-60.15,-60.18,-60.12,-60.12,-60.09,-60.12,-60.09,-59.84,-59.96,-59.93,-60.03,-59.93,-59.93,-59.99,-60.06,-59.99,-59.84,-59.93,-59.9,-59.9,-59.78,-59.96,-59.81,-59.99,-60.03,-59.84,-59.9,-59.87,-59.93,-59.81,-59.75,-59.47,-59.62,-59.06,-59.43,-59.68,-59.65,-59.53,-59.16,-59.78,-59.59,-59.78,-59.68,-59.71,-59.68,-59.65,-59.71,-59.71,-59.65,-59.47,-59.59,-59.59,-59.56,-59.34,-59.37,-59.43,-59.34,-59.37,-59.5,-59.53,-59.5,-59.47,-59.37,-59.34,-59.34,-59.31,-59.43,-59.31,-59.34,-59.22,-59.28,-59.28,-59.31,-59.37,-59.37,-59.37,-59.43,-59.22,-59.06,-59.22,-59.25,-59.19,-59.12,-59.16,-59.09,-58.97,-59.0,-59.16,-59.03,-59.06,-59.06,-59.03,-58.91,-58.91,-58.94,-58.84,-59.06,-58.91,-58.84,-58.88,-58.84,-58.84,-58.78,-58.72,-58.72,-58.75,-58.81,-58.81,-58.88,-58.91,-58.88,-58.78,-58.91,-58.78,-58.88,-58.84,-58.97,-58.81,-58.84,-58.91,-58.91,-58.94,-58.88,-58.97,-59.06,-59.06,-59.16,-59.03,-59.09,-59.12,-59.16,-59.03,-59.03,-59.0,-59.19,-59.06,-59.0,-59.16,-59.09,-59.09,-58.97,-59.12,-58.94,-59.09,-59.0,-59.03,-58.97,-59.03,-58.91,-58.94,-58.94,-59.03,-59.06,-59.09,-59.16,-59.06,-59.0,-59.0,-58.94,-58.97,-58.84,-58.88,-58.72,-58.88,-58.78,-58.97,-58.72,-58.75,-58.63,-58.69,-58.69,-58.69,-58.81,-58.69,-58.63,-58.69,-58.6,-58.72,-58.63,-58.69,-58.6,-58.69,-58.81,-58.56,-58.63,-58.6,-58.63,-58.66,-58.5,-58.6,-58.44,-58.44,-58.44,-58.38,-58.41,-58.35,-58.5,-58.41,-58.38,-58.44,-58.19,-58.35,-58.35,-58.22,-58.04,-58.13,-58.1,-58.04,-58.13,-57.91,-58.07,-58.0,-57.91,-57.94,-57.88,-57.69,-57.73,-57.88,-57.88,-57.73,-57.69,-57.66,-57.57,-57.26,-57.38,-57.57,-57.94,-57.88,-57.88,-57.82,-57.73,-57.54,-57.76,-57.26,-57.38,-57.69,-57.82,-57.57,-57.35,-57.66,-57.66,-57.88,-57.79,-57.69,-57.69,-57.82,-57.63,-57.82,-57.73,-57.63,-57.51,-57.69,-57.69,-57.57,-57.6,-57.88,-57.41,-57.41,-57.51,-57.57,-57.45,-57.76,-57.54,-57.57,-57.35,-57.57,-57.35,-57.48,-57.32,-57.48,-57.45,-57.29,-57.38,-57.29,-57.23,-57.23,-57.38,-57.38,-57.32,-57.38,-57.41,-57.41,-57.38,-57.35,-57.23,-57.23,-57.26,-57.13,-57.23,-57.32,-57.1,-57.38,-57.38,-57.35,-57.38,-57.41,-57.26,-57.13,-57.13,-57.29,-57.26,-57.13,-57.1,-56.95,-56.89,-57.07,-56.98,-56.95,-56.76,-56.82,-56.76,-56.7,-56.73,-56.7,-56.61,-56.76,-56.57,-56.51,-56.61,-56.64,-56.57,-56.57,-56.54,-56.51,-56.57,-56.51,-56.67,-56.54,-56.67,-56.51,-56.76,-56.61,-56.51,-56.64,-56.64,-56.7,-56.64,-56.7,-56.76,-56.64,-56.51,-56.39,-56.45,-56.54,-56.39,-56.57,-56.45,-56.51,-56.45,-56.48,-56.64,-56.45,-56.45,-56.45,-56.45,-56.67,-56.67,-56.39,-56.39,-56.42,-56.61,-56.61,-56.64,-56.57,-56.57,-56.7,-56.51,-56.45,-56.54,-56.54,-56.61,-56.7,-56.61,-56.51,-56.45,-56.45,-56.45,-56.3,-56.17,-56.45,-56.33,-56.39,-56.33,-56.26,-56.26,-56.17,-56.02,-56.08,-56.14,-56.23,-56.14,-56.17,-56.08,-56.08,-56.05,-56.02,-55.92,-55.98,-55.95,-55.95,-56.05,-55.95,-55.8,-55.77,-55.86,-55.86,-55.64,-55.74,-55.74,-55.67,-55.64,-55.67,-55.39,-55.55,-55.33,-55.36,-55.52,-55.3,-55.39,-55.46,-55.42,-55.33,-55.46,-55.46,-55.42,-55.3,-55.36,-55.21,-55.05,-55.08,-54.96,-54.8,-54.87,-54.24,-54.68,-54.74,-54.68,-54.34,-53.84,-54.24,-54.18,-54.4,-54.27,-54.27,-54.27,-54.18,-54.09,-54.06,-53.93,-53.96,-53.78,-53.87,-53.72,-53.72,-53.9,-53.87,-53.84,-53.72,-53.68,-53.53,-53.59,-53.4,-53.53,-53.44,-53.44,-53.53,-53.37,-53.22,-53.19,-53.03,-53.09,-53.06,-52.88,-52.97,-52.88,-52.66,-52.47,-52.5,-52.29,-52.19,-52.07,-52.1,-51.85,-51.91,-51.73,-51.88,-51.79,-51.69,-51.51,-51.32,-51.23,-51.23,-50.98,-50.98,-50.73,-50.64,-50.42,-50.17,-49.95,-49.71,-49.64,-49.27,-48.8,-48.18,-35.47,24.12,20.05,-14.36,-40.72,-54.18,-59.34,-61.14,-62.11,-62.39,-62.73,-62.76,-62.89,-62.73,-62.67,-62.73,-62.73,-63.04,-63.07,-62.98,-63.23,-63.26,-63.32,-63.29,-63.26,-63.41,-63.38,-63.38,-63.41,-63.57,-63.54,-63.57,-63.51,-63.72,-63.69,-63.57,-63.76,-63.76,-63.79,-63.82,-63.91,-63.91,-64.04,-64.07,-63.91,-64.1,-64.13,-64.1,-64.22,-64.1,-64.07,-64.25,-64.16,-64.07,-64.1,-64.13,-64.22,-64.28,-64.32,-64.28,-64.38,-64.16,-64.28,-64.38,-64.35,-64.41,-64.32,-64.32,-64.25,-64.35,-64.32,-64.25,-64.35,-64.28,-64.32,-64.35,-64.32,-64.38,-64.25,-64.35,-64.35,-64.38,-64.38,-64.41,-64.38,-64.38,-64.56,-64.53,-64.47,-64.5,-64.53,-64.56,-64.41,-64.44,-64.35,-64.41,-64.47,-64.32,-64.41,-64.32,-64.25,-64.44,-64.41,-64.47,-64.53,-64.5,-64.5,-64.53,-64.47,-64.47,-64.41,-64.75,-64.56,-64.56,-64.47,-64.59,-64.63,-64.56,-64.41,-64.56,-64.63,-64.56,-64.63,-64.56,-64.75,-64.63,-64.59,-64.35,-64.59,-63.91,-64.35,-64.5,-64.59,-64.5,-64.16,-64.53,-64.47,-64.72,-64.66,-64.75,-64.78,-64.47,-64.66,-64.75,-64.63,-64.69,-64.63,-64.69,-64.72,-64.59,-64.59,-64.69,-64.66,-64.78,-64.63,-64.78,-64.72,-64.69,-64.63,-64.72,-64.81,-64.72,-64.72,-64.66,-64.66,-64.63,-64.66,-64.53,-64.66,-64.63,-64.66,-64.72,-64.69,-64.66,-64.5,-64.56,-64.59,-64.66,-64.66,-64.53,-64.63,-64.5,-64.53,-64.41,-64.44,-64.47,-64.66,-64.47,-64.44,-64.44,-64.35,-64.28,-64.35,-64.38,-64.38,-64.5,-64.35,-64.35,-64.47,-64.32,-64.47,-64.41,-64.38,-64.25,-64.28,-64.25,-64.19,-64.35,-64.28,-64.19,-64.22,-64.28,-64.19,-64.16,-64.13,-64.28,-64.16,-64.19,-64.13,-64.1,-64.07,-64.19,-64.13,-64.1,-64.07,-64.16,-64.16,-64.19,-64.1,-64.13,-64.13,-64.04,-64.13,-64.1,-64.0,-64.04,-64.04,-63.97,-64.0,-63.94,-64.04,-63.94,-63.91,-64.04,-64.0,-63.97,-63.97,-64.19,-64.0,-64.07,-63.88,-63.94,-63.94,-63.91,-63.88,-63.94,-63.91,-64.04,-63.82,-63.88,-63.88,-63.85,-63.82,-63.88,-63.69,-63.85,-63.69,-63.66,-63.72,-63.66,-63.54,-63.63,-63.38,-63.54,-63.48,-63.44,-63.48,-63.54,-63.51,-63.35,-63.41,-63.35,-63.35,-63.41,-63.32,-63.26,-63.29,-63.29,-63.23,-63.26,-63.29,-63.2,-63.2,-63.2,-63.13,-63.17,-63.04,-63.04,-63.23,-63.23,-63.2,-63.04,-62.95,-63.04,-63.1,-63.04,-62.98,-62.95,-63.01,-62.98,-63.04,-62.85,-62.89,-62.89,-62.85,-63.04,-62.85,-62.85,-62.85,-62.73,-62.76,-62.73,-62.76,-62.79,-62.67,-62.57,-62.67,-62.36,-62.7,-62.2,-62.57,-62.64,-62.76,-62.48,-62.17,-62.57,-62.51,-62.7,-62.67,-62.64,-62.54,-62.57,-62.54,-62.51,-62.61,-62.51,-62.48,-62.57,-62.45,-62.45,-62.51,-62.39,-62.51,-62.57,-62.42,-62.42,-62.48,-62.51,-62.48,-62.42,-62.33,-62.26,-62.29,-62.36,-62.29,-62.2,-62.11,-62.05,-62.05,-61.89,-61.98,-61.92,-61.8,-61.98,-61.92,-61.98,-61.77,-61.8,-61.74,-61.61,-61.67,-61.55,-61.64,-61.55,-61.7,-61.61,-61.64,-61.39,-61.49,-61.46,-61.58,-61.64,-61.39,-61.3,-61.21,-61.18,-61.18,-61.11,-61.21,-61.14,-60.96,-61.11,-61.14,-60.99,-61.08,-61.02,-61.02,-60.99,-60.99,-60.99,-60.83,-60.8,-61.02,-60.93,-60.8,-60.86,-60.68,-60.71,-60.74,-60.74,-60.71,-60.8,-60.8,-60.74,-60.71,-60.68,-60.77,-60.68,-60.62,-60.71,-60.68,-60.8,-60.65,-60.74,-60.65,-60.68,-60.68,-60.71,-60.62,-60.77,-60.71,-60.49,-60.65,-60.62,-60.55,-60.4,-60.43,-60.49,-60.4,-60.49,-60.43,-60.27,-60.27,-60.43,-60.43,-60.24,-60.4,-60.31,-60.24,-60.34,-60.24,-60.15,-60.06,-60.15,-60.09,-59.96,-60.03,-60.09,-59.93,-59.84,-59.84,-59.78,-59.84,-59.87,-59.68,-59.75,-59.71,-59.71,-59.81,-59.68,-59.62,-59.71,-59.5,-59.65,-59.5,-59.5,-59.37,-59.34,-59.37,-59.34,-59.28,-59.37,-59.34,-59.37,-59.19,-59.16,-59.19,-59.16,-59.16,-59.12,-59.22,-59.03,-59.0,-58.94,-59.09,-59.0,-58.84,-58.91,-58.84,-59.06,-58.81,-58.94,-58.81,-58.81,-58.66,-58.72,-58.72,-58.78,-58.78,-58.72,-58.72,-58.56,-58.6,-58.53,-58.44,-58.35,-58.38,-57.97,-58.41,-57.79,-58.13,-58.22,-58.28,-58.13,-57.91,-58.19,-58.07,-58.41,-58.38,-58.41,-58.35,-58.38,-58.22,-58.16,-58.22,-58.13,-58.19,-58.22,-58.16,-58.25,-58.07,-58.13,-57.91,-57.97,-58.0,-58.04,-58.13,-58.04,-58.16,-57.91,-57.85,-57.94,-57.82,-57.76,-57.79,-57.97,-57.94,-57.79,-57.76,-57.88,-57.73,-57.73,-57.66,-57.63,-57.41,-57.54,-57.51,-57.51,-57.41,-57.41,-57.26,-57.45,-57.35,-57.32,-57.35,-57.35,-57.32,-57.13,-57.35,-57.2,-57.17,-57.13,-57.1,-57.2,-57.23,-57.23,-56.92,-56.92,-57.01,-56.79,-56.76,-56.79,-56.85,-56.82,-56.73,-56.64,-56.76,-56.67,-56.61,-56.61,-56.48,-56.45,-56.45,-56.39,-56.23,-56.17,-56.23,-56.14,-56.2,-56.14,-56.14,-56.08,-56.02,-55.86,-55.86,-55.67,-55.77,-55.74,-55.77,-55.67,-55.61,-55.58,-55.46,-55.55,-55.49,-55.52,-55.52,-55.42,-55.39,-55.7,-55.36,-55.52,-55.61,-55.55,-55.46,-55.42,-55.58,-55.55,-55.46,-55.46,-55.39,-55.55,-55.39,-55.39,-55.33,-55.11,-55.24,-55.11,-55.18,-55.21,-55.21,-55.08,-55.27,-55.08,-55.08,-54.9,-54.96,-54.87,-54.93,-54.87,-54.8,-54.71,-54.77,-54.65,-54.59,-54.43,-54.46,-54.21,-54.24,-54.09,-54.12,-53.93,-53.59,-53.68,-53.59,-53.59,-53.59,-53.75,-53.68,-53.72,-53.4,-53.44,-53.34,-53.09,-53.22,-53.22,-53.19,-53.19,-53.25,-53.22,-53.19,-53.03,-53.03,-53.03,-52.84,-52.69,-52.63,-52.53,-52.5,-52.47,-51.94,-51.88,-51.91,-51.69,-51.6,-51.51,-51.17,-50.86,-50.61,-50.45,-50.2,-49.61,-49.05,-46.5,6.06,28.13,-4.45,-33.54,-51.82,-57.85,-60.99,-62.2,-62.61,-62.67,-62.42,-62.79,-62.57,-62.76,-62.61,-62.51,-62.57,-62.76,-62.82,-62.82,-62.85,-63.01,-63.01,-63.2,-63.13,-63.2,-63.2,-63.41,-63.17,-63.32,-63.29,-63.23,-63.38,-63.44,-63.48,-63.35,-63.54,-63.6,-63.54,-63.51,-63.66,-63.63,-63.54,-63.54,-63.6,-63.66,-63.6,-63.69,-63.69,-63.69,-63.79,-63.79,-63.72,-63.72,-63.69,-63.69,-63.76,-63.72,-63.72,-63.85,-63.76,-63.88,-63.85,-63.85,-63.76,-63.82,-64.0,-63.94,-63.82,-63.85,-63.85,-64.04,-63.94,-64.0,-63.88,-63.82,-63.91,-63.97,-63.94,-63.85,-63.97,-64.07,-64.0,-63.94,-63.97,-64.13,-63.91,-64.1,-64.0,-64.16,-64.0,-64.16,-64.04,-64.13,-64.13,-64.0,-64.16,-64.07,-64.16,-64.1,-64.19,-64.04,-64.1,-64.16,-64.04,-64.1,-64.13,-64.1,-64.16,-64.13,-64.07,-64.1,-63.97,-64.19,-64.16,-64.13,-64.16,-64.1,-64.22,-64.22,-64.16,-64.13,-64.1,-64.22,-64.13,-64.1,-64.13,-64.1,-64.13,-64.16,-64.25,-64.0,-64.07,-64.04,-64.13,-64.13,-64.19,-64.0,-64.13,-64.13,-64.04,-64.04,-63.91,-64.07,-64.1,-64.07,-64.0,-64.1,-64.04,-64.04,-63.97,-63.91,-64.04,-63.91,-63.91,-63.97,-63.85,-63.88,-63.79,-63.72,-63.79,-63.79,-63.82,-63.82,-63.88,-63.79,-63.82,-63.85,-63.72,-63.76,-63.88,-63.72,-63.72,-63.72,-63.82,-63.79,-63.63,-63.72,-63.57,-63.66,-63.54,-63.6,-63.6,-63.69,-63.72,-63.6,-63.63,-63.63,-63.76,-63.66,-63.69,-63.79,-63.69,-63.6,-63.6,-63.57,-63.6,-63.54,-63.63,-63.69,-63.66,-63.63,-63.6,-63.29,-63.54,-63.13,-63.54,-63.51,-63.48,-63.48,-63.1,-63.38,-63.13,-63.63,-63.6,-63.6,-63.54,-63.51,-63.35,-63.38,-63.48,-63.41,-63.41,-63.54,-63.48,-63.54,-63.51,-63.41,-63.41,-63.44,-63.35,-63.38,-63.26,-63.48,-63.38,-63.29,-63.32,-63.26,-63.2,-63.26,-63.26,-63.29,-63.26,-63.1,-63.17,-63.2,-63.13,-63.13,-63.13,-62.98,-63.04,-63.13,-63.01,-63.04,-63.07,-63.04,-62.98,-62.98,-62.95,-62.95,-62.92,-62.92,-63.07,-62.92,-62.79,-62.85,-62.76,-62.73,-62.76,-62.76,-62.79,-62.76,-62.76,-62.61,-62.76,-62.67,-62.61,-62.73,-62.76,-62.67,-62.64,-62.76,-62.85,-63.01,-62.98,-62.98,-63.01,-62.98,-62.95,-63.17,-63.2,-63.23,-63.17,-63.29,-63.23,-63.38,-63.26,-63.35,-63.35,-63.35,-63.44,-63.41,-63.51,-63.54,-63.66,-63.54,-63.63,-63.69,-63.63,-63.69,-63.88,-63.88,-63.79,-63.91,-63.91,-64.04,-64.0,-63.94,-64.07,-64.1,-64.1,-64.07,-64.04,-64.28,-64.16,-64.22,-64.25,-64.35,-64.25,-64.19,-64.35,-64.35,-64.41,-64.41,-64.41,-64.32,-64.5,-64.38,-64.41,-64.38,-64.47,-64.47,-64.35,-64.53,-64.35,-64.35,-64.41,-64.47,-64.38,-64.41,-64.56,-64.59,-64.56,-64.53,-64.53,-64.41,-64.41,-64.56,-64.47,-64.44,-64.44,-64.47,-64.59,-64.56,-64.56,-64.63,-64.47,-64.59,-64.47,-64.56,-64.44,-64.5,-64.5,-64.53,-64.56,-64.47,-64.5,-64.56,-64.41,-64.47,-64.69,-64.56,-64.59,-64.72,-64.72,-64.75,-64.78,-64.72,-64.78,-64.78,-64.72,-64.81,-64.78,-64.72,-64.72,-64.84,-64.87,-64.97,-64.72,-65.0,-64.87,-64.97,-65.03,-64.69,-64.97,-64.59,-64.75,-65.0,-64.94,-64.97,-64.59,-65.0,-64.87,-65.25,-65.22,-65.28,-65.12,-65.28,-65.25,-65.22,-65.31,-65.22,-65.22,-65.22,-65.19,-65.28,-65.28,-65.4,-65.34,-65.34,-65.47,-65.37,-65.31,-65.15,-65.28,-65.12,-65.25,-65.28,-65.22,-65.25,-65.19,-65.19,-65.09,-65.09,-65.25,-65.12,-65.15,-65.12,-65.12,-65.12,-65.19,-65.15,-65.15,-65.12,-65.09,-65.12,-65.15,-65.15,-65.09,-65.12,-65.09,-65.09,-65.06,-65.12,-65.25,-65.15,-65.19,-65.12,-65.22,-65.31,-65.19,-65.12,-64.97,-65.09,-65.12,-65.22,-65.28,-65.25,-65.31,-65.12,-65.34,-65.25,-65.28,-65.25,-65.19,-65.22,-65.28,-65.12,-65.12,-65.31,-65.22,-65.19,-65.22,-65.25,-65.19,-65.22,-65.12,-65.28,-65.22,-65.31,-65.15,-65.28,-65.19,-65.19,-65.15,-65.15,-65.22,-65.28,-65.19,-65.28,-65.25,-65.34,-65.4,-65.34,-65.28,-65.47,-65.31,-65.22,-65.37,-65.47,-65.37,-65.47,-65.31,-65.37,-65.4,-65.4,-65.43,-65.5,-65.5,-65.53,-65.4,-65.56,-65.53,-65.62,-65.68,-65.65,-65.68,-65.59,-65.56,-65.37,-65.5,-65.28,-65.47,-65.4,-65.5,-65.47,-65.34,-65.37,-65.31,-65.37,-65.34,-65.4,-65.5,-65.5,-65.53,-65.31,-65.28,-65.37,-65.43,-65.34,-65.4,-65.4,-65.34,-65.5,-65.53,-65.53,-65.47,-65.47,-65.43,-65.56,-65.4,-65.4,-65.53,-65.62,-65.43,-65.5,-65.47,-65.53,-65.4,-65.47,-65.47,-65.56,-65.4,-65.5,-65.5,-65.47,-65.37,-65.68,-65.4,-65.59,-65.62,-65.56,-65.59,-65.53,-65.56,-65.56,-65.68,-65.56,-65.47,-65.56,-65.5,-65.5,-65.5,-65.19,-65.53,-65.31,-65.47,-65.47,-65.62,-65.53,-65.0,-65.5,-65.22,-65.71,-65.53,-65.56,-65.71,-65.68,-65.56,-65.59,-65.65,-65.62,-65.81,-65.62,-65.71,-65.81,-65.71,-65.62,-65.62,-65.68,-65.68,-65.68,-65.65,-65.56,-65.78,-65.75,-65.71,-65.68,-65.71,-65.68,-65.71,-65.71,-65.75,-65.75,-65.81,-65.78,-65.75,-65.78,-65.87,-65.81,-65.59,-65.78,-65.78,-65.65,-65.68,-65.62,-65.71,-65.68,-65.65,-65.62,-65.62,-65.78,-65.78,-65.68,-65.65,-65.65,-65.62,-65.84,-65.75,-65.84,-65.59,-65.71,-65.78,-65.75,-65.78,-65.65,-65.75,-65.78,-65.59,-65.75,-65.81,-65.75,-65.71,-65.31,-65.71,-65.62,-65.68,-65.71,-65.71,-65.81,-65.75,-65.59,-65.68,-65.71,-65.71,-65.75,-65.71,-65.65,-65.68,-65.81,-65.81,-65.71,-65.71,-65.87,-65.78,-65.81,-65.9,-65.81,-65.87,-65.87,-65.78,-65.84,-65.75,-65.87,-65.84,-65.9,-65.9,-65.9,-65.81,-65.99,-65.96,-65.96,-65.81,-65.81,-65.87,-66.02,-65.9,-65.81,-65.96,-65.96,-65.99,-65.99,-65.93,-65.78,-65.84,-65.68,-65.87,-65.9,-65.84,-65.71,-65.75,-65.78,-65.78,-65.99,-65.68,-65.81,-65.87,-65.78,-65.81,-65.71,-65.81,-65.71,-65.71,-65.81,-65.78,-65.59,-65.65,-65.62,-65.62,-65.53,-65.59,-65.71,-65.65,-65.68,-65.65,-65.62,-65.59,-65.62,-65.43,-65.59,-65.56,-65.53,-65.56,-65.53,-65.59,-65.56,-65.62,-65.68,-65.65,-65.68,-65.71,-65.59,-65.68,-65.68,-65.53,-65.75,-65.62,-65.78,-65.68,-65.75,-65.59,-65.71,-65.78,-65.71,-65.78,-65.78,-65.68,-65.81,-65.65,-65.71,-65.78,-65.62,-65.71,-65.34,-65.78,-65.34,-65.71,-65.68,-65.78,-65.78,-65.15,-65.59,-65.34,-65.99,-65.81,-65.78,-65.75,-65.78,-65.84,-65.99,-65.81,-65.93,-66.02,-65.84,-65.84,-65.87,-65.96,-65.59,-65.84,-65.87,-65.87,-65.9,-65.99,-65.87,-65.81,-65.87,-65.87,-65.9,-65.87,-65.71,-65.75,-65.9,-65.68,-65.9,-65.84,-65.9,-65.81,-65.84,-65.78,-65.75,-65.75,-65.81,-65.68,-65.68,-65.68,-65.78,-65.65,-65.68,-65.71,-65.68,-65.53,-65.68,-65.75,-65.56,-65.56,-65.5,-65.59,-65.71,-65.59,-65.65,-65.59,-65.59,-65.59,-65.56,-65.65,-65.59,-65.65,-65.71,-65.56,-65.59,-65.56,-65.56,-65.59,-65.62,-65.53,-65.62,-65.62,-65.65,-65.81,-65.78,-65.62,-65.71,-65.75,-65.75,-65.68,-65.65,-65.75,-65.81,-65.81,-65.68,-65.78,-65.71,-65.81,-65.81,-65.81,-65.87,-65.87,-65.81,-65.84,-65.9,-65.87,-65.9,-66.02,-65.9,-65.81,-65.87,-66.02,-65.84,-65.84,-65.87,-65.96,-65.87,-65.81,-65.87,-65.87,-65.87,-65.84,-65.87,-65.81,-65.9,-65.96,-65.96,-65.78,-65.9,-65.87,-65.87,-65.87,-65.71,-65.68,-65.84,-65.78,-65.68,-65.84,-65.75,-65.65,-65.87,-65.75,-65.81,-65.84,-65.87,-65.84,-65.75,-65.78,-65.71,-65.84,-65.81,-65.75,-65.71,-65.65,-65.75,-65.78,-65.71,-65.62,-65.65,-65.71,-65.68,-65.59,-65.65,-65.56,-65.65,-65.71,-65.56,-65.56,-65.59,-65.5,-65.59,-65.59,-65.53,-65.4,-65.59,-65.4,-65.5,-65.37,-65.34,-65.5,-65.4,-65.4,-65.31,-65.53,-65.5,-65.5,-65.43,-65.56,-65.4,-65.5,-65.53,-65.56,-65.5,-65.4,-65.4,-65.59,-65.5,-65.53,-65.22,-65.53,-65.19,-65.22,-65.37,-65.47,-65.47,-64.81,-65.4,-65.12,-65.62,-65.53,-65.43,-65.47,-65.4,-65.56,-65.34,-65.53,-65.47,-65.37,-65.4,-65.53,-65.4,-65.53,-65.59,-65.43,-65.56,-65.4,-65.47,-65.43,-65.59,-65.5,-65.53,-65.5,-65.56,-65.53,-65.59,-65.5,-65.53,-65.47,-65.5,-65.5,-65.5,-65.53,-65.4,-65.47,-65.4,-65.4,-65.31,-65.34,-65.22,-65.37,-65.34,-65.28,-65.31,-65.37,-65.37,-65.34,-65.19,-65.12,-65.31,-65.37,-65.22,-65.37,-65.31,-65.34,-65.22,-65.31,-65.25,-65.28,-65.22,-65.4,-65.31,-65.25,-65.22,-65.31,-65.25,-65.19,-65.15,-65.19,-65.4,-65.28,-65.28,-65.4,-65.43,-65.37,-65.28,-65.31,-65.37,-65.43,-65.43,-65.4,-65.31,-65.28,-65.34,-65.5,-65.4,-65.5,-65.43,-65.4,-65.4,-65.37,-65.4,-65.5,-65.37,-65.31,-65.47,-65.37,-65.43,-65.53,-65.53,-65.59,-65.47,-65.4,-65.47,-65.34,-65.43,-65.4,-65.56,-65.47,-65.59,-65.53,-65.53,-65.47,-65.53,-65.31,-65.37,-65.5,-65.4,-65.25,-65.34,-65.4,-65.4,-65.25,-65.22,-65.28,-65.25,-65.28,-65.31,-65.15,-65.25,-65.28,-65.19,-65.19,-65.06,-65.22,-65.06,-65.12,-65.03,-65.03,-65.06,-65.06,-65.0,-65.09,-64.91,-64.87,-65.06,-65.03,-65.03,-65.03,-64.91,-65.15,-65.19,-65.22,-65.15,-65.15,-65.09,-65.09,-65.22,-65.09,-65.19,-65.06,-65.12,-65.22,-65.15,-64.97,-65.15,-65.06,-65.12,-65.09,-65.06,-65.15,-65.12,-65.06,-65.0,-65.03,-65.06,-64.87,-65.0,-65.0,-65.03,-65.22,-65.12,-65.06,-65.0,-64.97,-64.94,-65.0,-65.0,-65.0,-64.72,-65.03,-64.63,-64.75,-64.87,-64.94,-64.97,-64.47,-64.84,-64.53,-64.97,-64.97,-64.97,-65.09,-65.03,-64.91,-64.87,-65.03,-65.03,-65.03,-64.97,-65.0,-65.03,-65.03,-65.06,-64.97,-65.03,-64.84,-64.94,-64.81,-64.78,-64.81,-65.0,-64.91,-64.84,-64.94,-64.87,-64.91,-64.94,-64.81,-64.87,-64.84,-64.84,-64.84,-64.91,-64.84,-64.84,-64.81,-64.78,-64.78,-64.81,-64.72,-64.87,-64.81,-64.78,-64.75,-64.66,-64.78,-64.59,-64.72,-64.78,-64.75,-64.72,-64.69,-64.75,-64.75,-64.78,-64.78,-64.72,-64.72,-64.72,-64.81,-64.72,-64.63,-64.66,-64.66,-64.72,-64.72,-64.66,-64.72,-64.84,-64.78,-64.75,-64.78,-64.66,-64.78,-64.75,-64.72,-64.69,-64.84,-64.75,-64.63,-64.63,-64.66,-64.53,-64.78,-64.66,-64.59,-64.69,-64.78,-64.66,-64.75,-64.66,-64.72,-64.59,-64.63,-64.66,-64.66,-64.66,-64.63,-64.75,-64.84,-64.59,-64.69,-64.69,-64.66,-64.53,-64.53,-64.69,-64.5,-64.53,-64.5,-64.56,-64.59,-64.63,-64.53,-64.53,-64.47,-64.5,-64.5,-64.41,-64.47,-64.59,-64.59,-64.56,-64.56,-64.47,-64.53,-64.5,-64.47,-64.5,-64.41,-64.5,-64.47,-64.41,-64.56,-64.44,-64.47,-64.5,-64.5,-64.32,-64.47,-64.44,-64.47,-64.32,-64.47,-64.5,-64.47,-64.5,-64.38,-64.38,-64.41,-64.35,-64.38,-64.47,-64.47,-64.35,-64.41,-64.5,-64.41,-64.38,-64.41,-64.44,-64.41,-64.41,-64.41,-64.38,-64.47,-64.38,-64.38,-64.38,-64.47,-64.56,-64.38,-64.38,-64.38,-64.41,-64.32,-64.41,-64.32,-64.38,-64.41,-64.35,-64.35,-64.38,-64.56,-64.44,-64.41,-64.41,-64.41,-64.25,-64.53,-64.13,-64.25,-64.35,-64.38,-64.28,-63.79,-64.41,-64.07,-64.41,-64.47,-64.59,-64.56,-64.56,-64.5,-64.56,-64.53,-64.41,-64.38,-64.5,-64.41,-64.53,-64.53,-64.63,-64.59,-64.47,-64.63,-64.5,-64.56,-64.38,-64.41,-64.41,-64.41,-64.41,-64.53,-64.44,-64.5,-64.41,-64.38,-64.35,-64.41,-64.47,-64.32,-64.5,-64.5,-64.35,-64.47,-64.32,-64.38,-64.32,-64.32,-64.38,-64.32,-64.5,-64.38,-64.35,-64.28,-64.35,-64.32,-64.28,-64.22,-64.28,-64.25,-64.25,-64.13,-64.32,-64.25,-64.28,-64.28,-64.35,-64.32,-64.32,-64.28,-64.22,-64.35,-64.32,-64.44,-64.16,-64.44,-64.25,-64.35,-64.41,-64.47,-64.28,-64.32,-64.47,-64.35,-64.28,-64.32,-64.38,-64.35,-64.38,-64.41,-64.28,-64.41,-64.38,-64.38,-64.35,-64.38,-64.53,-64.47,-64.53,-64.53,-64.38,-64.47,-64.5,-64.59,-64.59,-64.5,-64.47,-64.47,-64.63,-64.63,-64.5,-64.63,-64.5,-64.66,-64.59,-64.5,-64.44,-64.53,-64.63,-64.53,-64.63,-64.66,-64.72,-64.53,-64.63,-64.63,-64.56,-64.75,-64.69,-64.72,-64.63,-64.59,-64.56,-64.75,-64.66,-64.63,-64.53,-64.59,-64.66,-64.63,-64.53,-64.53,-64.5,-64.53,-64.63,-64.5,-64.44,-64.5,-64.53,-64.35,-64.41,-64.47,-64.47,-64.38,-64.53,-64.5,-64.38,-64.44,-64.47,-64.41,-64.41,-64.35,-64.41,-64.59,-64.56,-64.56,-64.5,-64.56,-64.59,-64.5,-64.41,-64.53,-64.44,-64.53,-64.35,-64.5,-64.41,-64.35,-64.47,-64.41,-64.32,-64.5,-64.5,-64.38,-64.22,-64.38,-64.44,-64.5,-64.38,-64.38,-64.35,-64.38,-64.41,-64.32,-64.35,-64.47,-64.25,-64.47,-64.16,-64.22,-64.28,-64.47,-64.41,-63.97,-64.56,-64.16,-64.53,-64.47,-64.59,-64.53,-64.5,-64.69,-64.63,-64.69,-64.53,-64.63,-64.56,-64.63,-64.66,-64.69,-64.63,-64.75,-64.66,-64.63,-64.63,-64.59,-64.69,-64.75,-64.56,-64.63,-64.72,-64.53,-64.56,-64.53,-64.63,-64.53,-64.56,-64.56,-64.56,-64.56,-64.47,-64.53,-64.78,-64.53,-64.41,-64.53,-64.5,-64.53,-64.47,-64.47,-64.44,-64.59,-64.59,-64.5,-64.47,-64.59,-64.47,-64.59,-64.59,-64.66,-64.63,-64.56,-64.56,-64.41,-64.47,-64.41,-64.53,-64.5,-64.47,-64.59,-64.38,-64.41,-64.5,-64.5,-64.5,-64.41,-64.47,-64.5,-64.47,-64.41,-64.44,-64.5,-64.5,-64.41,-64.53,-64.47,-64.5,-64.41,-64.35,-64.47,-64.32,-64.35,-64.32,-64.32,-64.5,-64.35,-64.38,-64.41,-64.28,-64.5,-64.53,-64.47,-64.38,-64.44,-64.47,-64.63,-64.47,-64.53,-64.59,-64.59,-64.56,-64.66,-64.56,-64.69,-64.53,-64.53,-64.56,-64.59,-64.63,-64.69,-64.59,-64.59,-64.35,-64.56,-64.41,-64.53,-64.47,-64.53,-64.5,-64.53,-64.47,-64.53,-64.47,-64.35,-64.5,-64.41,-64.38,-64.41,-64.41,-64.38,-64.32,-64.5,-64.5,-64.41,-64.44,-64.38,-64.32,-64.35,-64.28,-64.44,-64.38,-64.41,-64.41,-64.47,-64.41,-64.25,-64.41,-64.5,-64.41,-64.47,-64.41,-64.41,-64.59,-64.44,-64.5,-64.53,-64.47,-64.47,-64.44,-64.38,-64.5,-64.35,-64.47,-64.41,-64.56,-64.38,-64.44,-64.56,-64.35,-64.53,-64.41,-64.47,-64.56,-64.47,-64.38,-64.41,-64.47,-64.5,-64.56,-64.47,-64.56,-64.47,-64.41,-64.63,-64.53,-64.63,-64.32,-64.53,-64.25,-64.53,-64.41,-64.63,-64.41,-64.04,-64.56,-64.19,-64.66,-64.66,-64.75,-64.75,-64.53,-64.59,-64.66,-64.56,-64.63,-64.63,-64.44,-64.35,-64.53,-64.41,-64.59,-64.41,-64.53,-64.56,-64.41,-64.38,-64.5,-64.32,-64.38,-64.41,-64.35,-64.38,-64.38,-64.28,-64.41,-64.41,-64.5,-64.38,-64.41,-64.38,-64.35,-64.25,-64.28,-64.22,-64.25,-64.22,-64.25,-64.28,-64.28,-64.35,-64.22,-64.22,-64.19,-64.19,-64.25,-64.22,-64.22,-64.28,-64.28,-64.16,-64.32,-64.16,-64.13,-64.32,-64.38,-64.25,-64.35,-64.35,-64.22,-64.41,-64.38,-64.28,-64.47,-64.38,-64.32,-64.32,-64.5,-64.38,-64.59,-64.53,-64.5,-64.44,-64.47,-64.53,-64.5,-64.5,-64.66,-64.59,-64.59,-64.56,-64.56,-64.56,-64.5,-64.53,-64.66
